   1.0000000e+00  -1.3209715e+02   1.2007887e+00   1.4922414e+02   1.9000000e+02   7.9000000e+01   1.2004522e+02   8.0101109e+03   5.5240980e+00   1.6810878e+00   5.7191380e+00   1.3999863e+00   8.2532579e+00   1.7774360e+02   2.6869138e-02   3.0324691e-02   2.2518300e-02   2.5705973e-02   9.8143970e-01   3.0000000e+00
   1.0000000e+00  -3.0517595e+02   1.9399593e+00   1.5475876e+02   1.5700000e+02   1.4600000e+02   1.8545298e+02   1.1598518e+04   6.1422559e+00   2.8472211e+00   6.2661954e+00   1.4676705e+00   1.5196797e+01   4.4726148e+02   6.2916048e-02   7.7729391e-02   3.2009012e-02   4.1374777e-02   9.5829786e-01   4.0000000e+00
   1.0000000e+00  -4.0049247e+02   1.4725945e+00   1.5780674e+02   4.2900000e+02   1.5600000e+02   2.4435558e+02   1.6203165e+04   6.6011461e+00   2.5217853e+00   5.8906124e+00   1.7124778e+00   3.2432628e+01   9.5569020e+02   7.6169136e-02   9.7042144e-02   5.1281306e-02   6.9384969e-02   9.2014603e-01   5.0000000e+00
   1.0000000e+00  -1.1814539e+02   1.3636927e+00   1.4877799e+02   2.5600000e+02   2.4200000e+02   9.7320216e+01   6.9023314e+03   5.6442755e+00   1.6519357e+00   5.6451337e+00   1.2113694e+00   5.1745919e+00   1.0313520e+02   1.8955582e-02   2.0917054e-02   1.4080148e-02   1.5799117e-02   9.9079397e-01   6.0000000e+00
   1.0000000e+00  -3.7903829e+02   2.0986707e+00   1.5712069e+02   2.7400000e+02   2.7400000e+02   1.9695837e+02   1.0116960e+04   5.8846417e+00   3.1098574e+00   5.6569433e+00   1.4818225e+00   1.2640491e+01   3.9821282e+02   6.8429735e-02   8.7680636e-02   3.1579163e-02   4.1628079e-02   9.5865917e-01   7.0000000e+00
   1.0000000e+00  -2.2958047e+02   1.7303524e+00   1.5234141e+02   3.4000000e+02   2.9000000e+02   1.9215721e+02   1.6755503e+04   6.3861943e+00   2.2935193e+00   5.7795123e+00   1.3254637e+00   1.4936043e+01   3.6755944e+02   3.3082184e-02   3.8080662e-02   1.9315141e-02   2.3126199e-02   9.8343555e-01   8.0000000e+00
   1.0000000e+00   2.4665383e+02   6.8992949e-01   1.3711263e+02   1.6000000e+02   3.9700000e+02   1.5428089e+02   7.6477584e+03   5.4675671e+00   1.4331162e+00   5.9214900e+00   2.0771922e+00   8.5320978e+00   2.0643461e+02   2.5255616e-02   3.0227894e-02   3.6269236e-02   4.2040288e-02   9.7583962e-01   9.0000000e+00
   2.0000000e+00  -5.5363483e+02   1.3242406e+00   1.3670385e+02   4.4900000e+02   6.8000000e+01   3.0326294e+02   1.6246468e+04   6.7503794e+00   3.3649654e+00   5.4029520e+00   2.5410528e+00   4.0642136e+01   1.7927516e+03   9.2981428e-02   1.7442348e-01   6.5008379e-02   1.3792058e-01   9.0019754e-01   1.0000000e+00
   2.0000000e+00  -6.1198701e+02   1.2516928e+00   1.3856981e+02   4.4300000e+02   7.8000000e+01   9.3912272e+01   3.7341414e+04   3.7561957e+00   4.7046242e+00   9.1553644e+00   3.7586094e+00   5.9227442e+01   5.9066313e+03   2.1735013e-01   3.3599728e-01   1.9191884e-01   3.0871439e-01   8.9536171e-01   2.0000000e+00
   2.0000000e+00  -6.1233112e+02   1.2044010e+00   1.3858081e+02   4.3100000e+02   1.6900000e+02   1.2191765e+02   4.9980262e+04   6.3194798e+00   3.9982474e+00   5.6345398e+00   3.3196978e+00   1.4006495e+02   8.2215449e+03   7.3824083e-02   2.4470301e-01   5.6908418e-02   2.1345064e-01   9.2078732e-01   3.0000000e+00
   2.0000000e+00   5.1551260e+02   6.1527520e-01   1.0251520e+02   2.4000000e+02   2.2400000e+02   1.4128778e+02   1.5253127e+04   6.3090478e+00   1.8431955e+00   6.0324558e+00   2.9957253e+00   1.4090195e+01   4.7734615e+02   2.4089001e-02   3.6631977e-02   4.0308118e-02   5.5686638e-02   9.8100275e-01   4.0000000e+00
   2.0000000e+00  -1.7441564e+02   1.3867399e+00   1.2457737e+02   3.3200000e+02   2.3800000e+02   1.2434289e+02   9.9932671e+03   5.9956285e+00   1.8113681e+00   5.6790183e+00   1.3062060e+00   9.4669140e+00   2.0455381e+02   2.6670781e-02   2.9971930e-02   1.9453490e-02   2.2295831e-02   9.8411681e-01   5.0000000e+00
   2.0000000e+00   2.5553918e+02   6.9658014e-01   1.1082850e+02   4.5000000e+02   2.5200000e+02   1.1215420e+02   1.3041512e+04   5.7551349e+00   1.3840915e+00   6.3403778e+00   1.9869810e+00   1.4398935e+01   3.3508162e+02   2.4208352e-02   2.8481866e-02   3.4401987e-02   3.9379426e-02   9.7698191e-01   6.0000000e+00
   2.0000000e+00  -7.9644120e+02   1.1947190e+00   1.4446819e+02   4.0900000e+02   2.6400000e+02   7.5450770e+02   7.8167306e+03   6.1292024e+00   1.9934270e+00   5.7362094e+00   1.6685321e+00   2.8965534e+01   7.3873558e+02   1.1114354e-01   1.3455285e-01   9.3380470e-02   1.1560658e-01   7.8971666e-01   7.0000000e+00
   2.0000000e+00  -1.0940569e+02   1.3460333e+00   1.2249852e+02   1.1200000e+02   2.6900000e+02   1.1486894e+02   2.4222635e+04   5.6363297e+00   1.7941531e+00   5.5699205e+00   1.3329188e+00   1.6393718e+01   3.5604621e+02   1.8897727e-02   2.1278635e-02   1.4183072e-02   1.6264701e-02   9.9178717e-01   8.0000000e+00
   2.0000000e+00  -1.1921800e+02   1.3984212e+00   1.2281229e+02   2.6600000e+02   2.7600000e+02   9.6872813e+01   1.0451364e+04   6.0724050e+00   1.7240000e+00   5.5068858e+00   1.2328188e+00   6.4255031e+00   1.3184398e+02   1.6332726e-02   1.8124560e-02   1.1833804e-02   1.3374359e-02   9.9358706e-01   9.0000000e+00
   2.0000000e+00  -3.6089683e+02   1.7441154e+00   1.3054057e+02   3.4800000e+02   3.2000000e+02   8.6852922e+01   1.3551041e+04   6.5309438e+00   3.8317563e+00   5.7459479e+00   2.1969626e+00   2.4647131e+01   1.0981382e+03   9.2797385e-02   1.5932462e-01   4.6577687e-02   9.4319645e-02   9.3418577e-01   1.0000000e+01
   2.0000000e+00   7.6019437e+02   5.4523759e-01   9.4690894e+01   7.3000000e+01   3.3800000e+02   1.7540068e+02   1.1183111e+04   6.2900956e+00   2.1744863e+00   6.7788137e+00   3.9881446e+00   1.7887037e+01   8.2569778e+02   4.2314434e-02   8.4666130e-02   9.2827665e-02   1.5702277e-01   9.4439653e-01   1.1000000e+01
   2.0000000e+00  -8.6444842e+02   1.2878960e+00   1.4664289e+02   4.4800000e+02   3.6900000e+02   2.2467995e+02   6.4525679e+03   7.1667613e+00   2.5457965e+00   6.3810959e+00   1.9767097e+00   1.3554385e+01   4.3760323e+02   7.8498243e-02   1.0789557e-01   5.9005002e-02   8.4322783e-02   9.1306932e-01   1.2000000e+01
   3.0000000e+00   1.8815080e+02   7.7019870e-01   1.8298341e+02   3.9000000e+02   1.1600000e+02   1.2486949e+02   9.3344552e+03   6.2558931e+00   1.4061242e+00   6.1366663e+00   1.8256642e+00   1.0119366e+01   2.2736844e+02   2.3878876e-02   2.7718916e-02   3.0747729e-02   3.5064317e-02   9.7874377e-01   1.0000000e+00
   3.0000000e+00  -3.1211982e+02   1.7400057e+00   1.9898081e+02   1.3900000e+02   1.2100000e+02   1.5072917e+02   9.6127802e+03   6.4125583e+00   2.5650806e+00   6.2764765e+00   1.4741795e+00   1.1170672e+01   3.0878169e+02   4.8455322e-02   5.8405604e-02   2.7787098e-02   3.5179374e-02   9.6968211e-01   2.0000000e+00
   3.0000000e+00  -9.8215405e+01   1.2706819e+00   1.9214068e+02   3.2700000e+02   2.8100000e+02   3.6488769e+02   2.3648126e+04   6.1279245e+00   1.6840012e+00   6.1823755e+00   1.3252736e+00   1.8912083e+01   3.9703436e+02   2.0804776e-02   2.3297968e-02   1.6518862e-02   1.8744895e-02   9.8900273e-01   4.0000000e+00
   3.0000000e+00   7.9432798e+01   8.6589209e-01   1.8645994e+02   4.2800000e+02   3.9900000e+02   1.1539998e+02   1.3825127e+04   6.5467119e+00   1.3875403e+00   5.6495732e+00   1.6024402e+00   9.0758936e+00   1.9012440e+02   1.4152135e-02   1.6005735e-02   1.6256905e-02   1.8245501e-02   9.9258848e-01   5.0000000e+00
   4.0000000e+00   3.9902373e+02   7.3675873e-01   1.7224022e+02   1.9900000e+02   1.0100000e+02   3.8301239e+01   7.6304807e+03   5.8032723e+00   1.7676139e+00   5.6977200e+00   2.3991761e+00   1.1214914e+01   3.2482239e+02   3.7698273e-02   5.1188892e-02   5.1245619e-02   6.5655503e-02   9.5773331e-01   1.0000000e+00
   4.0000000e+00   1.8565018e+02   7.3807245e-01   1.7906337e+02   3.6500000e+02   1.8300000e+02   1.3150733e+02   1.1247124e+04   5.6651661e+00   1.2205555e+00   5.9944161e+00   1.6537069e+00   1.5080710e+01   3.0177786e+02   2.5368754e-02   2.8490229e-02   3.3942019e-02   3.7513883e-02   9.7105676e-01   2.0000000e+00
   4.0000000e+00  -9.3072889e+00   1.0407333e+00   1.8529762e+02   4.0000000e+02   2.7700000e+02   8.6102112e+00   1.8853831e+04   5.8133248e+00   1.3819397e+00   5.8574182e+00   1.3278519e+00   7.6404288e+00   1.4593891e+02   8.4811814e-03   9.3555244e-03   8.1637769e-03   9.0235002e-03   9.9743904e-01   3.0000000e+00
   4.0000000e+00   2.3050803e+02   6.8525090e-01   1.7762893e+02   2.4400000e+02   2.8700000e+02   1.1426251e+02   2.1883445e+04   5.9386332e+00   1.3119276e+00   6.1227231e+00   1.9145216e+00   1.3486145e+01   3.0015262e+02   1.2799065e-02   1.4818700e-02   1.8450047e-02   2.0834635e-02   9.9298595e-01   4.0000000e+00
   4.0000000e+00   3.7444690e+02   5.5819369e-01   1.7302613e+02   1.8200000e+02   2.9300000e+02   1.4688650e+01   1.6702847e+04   5.7001685e+00   1.3902669e+00   5.6598410e+00   2.4906532e+00   9.3413391e+00   2.4650430e+02   1.2787313e-02   1.5759059e-02   2.2822423e-02   2.6900730e-02   9.9294721e-01   5.0000000e+00
   4.0000000e+00   3.6437860e+02   5.0999184e-01   1.7334809e+02   1.9200000e+02   3.8400000e+02   2.1556228e+02   1.1468731e+04   5.6620394e+00   1.3896660e+00   5.4314666e+00   2.7248789e+00   1.7345436e+01   4.8602417e+02   3.5561806e-02   4.4443199e-02   7.0510750e-02   8.5129093e-02   9.4643876e-01   6.0000000e+00
   5.0000000e+00  -1.8365856e+02   1.4674167e+00   2.0287294e+02   1.5100000e+02   7.7000000e+01   4.0511692e+01   1.0094906e+04   6.1522853e+00   1.8836681e+00   6.4374705e+00   1.2836628e+00   8.7535392e+00   1.9124759e+02   2.5507805e-02   2.8654569e-02   1.7610967e-02   2.0262896e-02   9.8642295e-01   1.0000000e+00
   5.0000000e+00  -2.6753307e+02   1.3327558e+00   2.0555504e+02   3.6800000e+02   8.4000000e+01   8.0027593e+01   1.6315537e+04   6.0744041e+00   1.9487440e+00   6.3891188e+00   1.4621914e+00   1.8648833e+01   4.4104576e+02   3.4574461e-02   4.0045702e-02   2.6148207e-02   3.1013696e-02   9.7549422e-01   2.0000000e+00
   5.0000000e+00  -1.0514908e+02   1.1772701e+00   2.0036240e+02   1.6400000e+02   1.2700000e+02  -5.5393262e+00   8.6829252e+03   6.2381826e+00   1.3734001e+00   6.1121228e+00   1.1665973e+00   3.8188046e+00   6.8399391e+01   8.9135687e-03   9.7056190e-03   7.6349890e-03   8.3863825e-03   9.9722158e-01   4.0000000e+00
   5.0000000e+00   5.9141688e+01   8.5473374e-01   1.9510880e+02   3.0600000e+02   2.6600000e+02   3.4266628e+00   1.1187052e+04   5.8292183e+00   1.2107211e+00   6.3504751e+00   1.4164892e+00   6.5863271e+00   1.2184254e+02   1.0737876e-02   1.1843369e-02   1.2468568e-02   1.3639185e-02   9.9481469e-01   5.0000000e+00
   5.0000000e+00  -2.4807240e+01   1.0824947e+00   1.9779327e+02   3.4900000e+02   2.7100000e+02   2.7982805e+01   2.9937471e+04   6.1190795e+00   1.4324742e+00   6.3252158e+00   1.3233083e+00   1.2652374e+01   2.4546256e+02   9.2040287e-03   1.0172957e-02   8.5321106e-03   9.4669077e-03   9.9716291e-01   6.0000000e+00
   5.0000000e+00  -1.5516983e+02   1.4706972e+00   2.0196194e+02   1.9600000e+02   3.6900000e+02   6.4150294e-01   4.2284711e+03   6.4071308e+00   1.5959422e+00   5.6420891e+00   1.0851603e+00   2.6424634e+00   4.9193827e+01   1.4919170e-02   1.6235761e-02   1.0334194e-02   1.1497859e-02   9.9409068e-01   7.0000000e+00
   5.0000000e+00  -9.0562476e+02   1.2186581e+00   2.2595960e+02   3.5600000e+02   3.8300000e+02   3.1965573e+02   1.9817205e+04   7.0087700e+00   3.0114631e+00   5.2739707e+00   2.4711304e+00   4.5866873e+01   1.8606789e+03   8.5807515e-02   1.4573950e-01   6.6561157e-02   1.2084686e-01   9.0444315e-01   8.0000000e+00
   5.0000000e+00   1.5606733e+02   8.3000765e-01   1.9200936e+02   7.6000000e+01   4.1300000e+02   5.5909814e+00   2.9217865e+03   5.8371953e+00   1.0635587e+00   5.9749872e+00   1.2813842e+00   3.5051445e+00   5.8160626e+01   1.8357060e-02   2.0033344e-02   2.1867699e-02   2.3606637e-02   9.8175419e-01   9.0000000e+00
   6.0000000e+00  -2.1576887e+02   1.8215287e+00   1.9589975e+02   1.1900000e+02   1.1700000e+02   5.7643797e+01   8.7492558e+03   5.3712801e+00   2.1804940e+00   6.1342993e+00   1.1970681e+00   9.9675467e+00   2.2784194e+02   4.0220854e-02   4.5270588e-02   2.2420870e-02   2.6073692e-02   9.7468686e-01   1.0000000e+00
   6.0000000e+00   5.9536272e+02   4.8042555e-01   1.6996180e+02   6.2000000e+01   3.0300000e+02   7.8956814e+01   2.4263482e+04   5.9007299e+00   1.7638788e+00   5.6914330e+00   3.6714925e+00   2.0619381e+01   8.0284285e+02   2.3433863e-02   3.6267169e-02   5.3828102e-02   7.9106871e-02   9.7969542e-01   3.0000000e+00
   6.0000000e+00   3.3669992e+02   6.1671898e-01   1.7823318e+02   2.4100000e+02   3.7500000e+02   1.0480455e+01   2.4271539e+04   5.6956867e+00   1.4505823e+00   6.5372899e+00   2.3520961e+00   1.2771967e+01   3.3329531e+02   1.2288431e-02   1.5150917e-02   1.9849783e-02   2.3469276e-02   9.9400274e-01   4.0000000e+00
   6.0000000e+00  -2.0131584e+02   1.9594685e+00   1.9543757e+02   8.7000000e+01   3.8400000e+02  -1.5537074e+01   1.7529184e+04   5.3304595e+00   2.3357828e+00   5.6032481e+00   1.1920491e+00   9.6366541e+00   2.2874342e+02   2.1266515e-02   2.4176359e-02   1.0983091e-02   1.2884422e-02   9.9364135e-01   5.0000000e+00
   7.0000000e+00  -6.4605579e+01   1.0780406e+00   1.8906592e+02   9.3000000e+01   7.5000000e+01   2.1008033e+01   7.9094358e+03   5.9961023e+00   1.3709467e+00   5.9822436e+00   1.2717023e+00   3.6575866e+00   6.8178898e+01   9.5168914e-03   1.0445746e-02   8.8591118e-03   9.7608861e-03   9.9676608e-01   1.0000000e+00
   7.0000000e+00   3.6504193e+01   9.7971685e-01   1.8583269e+02   2.6700000e+02   8.9000000e+01  -1.0847435e+00   1.2603125e+04   6.0390951e+00   1.2760137e+00   5.5192793e+00   1.3024311e+00   5.2921101e+00   9.6421101e+01   7.9946837e-03   8.7659557e-03   8.1519224e-03   8.9279514e-03   9.9740885e-01   2.0000000e+00
   7.0000000e+00  -2.0537991e+02   1.5717353e+00   1.9356753e+02   1.6500000e+02   1.5200000e+02   3.0507366e+01   1.8905144e+04   6.1276580e+00   1.9637814e+00   6.4138427e+00   1.2494352e+00   1.5667864e+01   3.4510646e+02   2.5561381e-02   2.8662360e-02   1.6509999e-02   1.9054295e-02   9.8737496e-01   3.0000000e+00
   7.0000000e+00  -3.1367590e+02   1.5598247e+00   1.9703057e+02   3.3300000e+02   1.5900000e+02   2.7090597e+01   2.3199733e+04   6.5132122e+00   2.1948783e+00   6.1677907e+00   1.4071314e+00   1.9394657e+01   4.7979995e+02   2.9203430e-02   3.3917059e-02   1.8874090e-02   2.2731847e-02   9.8572397e-01   4.0000000e+00
   7.0000000e+00   8.6968038e+01   7.7235444e-01   1.8421898e+02   6.1000000e+01   1.7500000e+02   2.5465729e+01   2.3460902e+04   6.1680929e+00   1.2972991e+00   5.5944947e+00   1.6796681e+00   1.8259548e+01   3.7901650e+02   1.5748123e-02   1.7816125e-02   2.0190488e-02   2.2512176e-02   9.8965950e-01   5.0000000e+00
   7.0000000e+00   3.4195204e+01   9.5746727e-01   1.8590652e+02   2.0100000e+02   2.0500000e+02  -1.1287525e+01   1.9932926e+04   5.5484321e+00   1.2834607e+00   6.2044274e+00   1.3404748e+00   6.6723623e+00   1.2359005e+02   6.4534328e-03   7.0968751e-03   6.7261852e-03   7.3806923e-03   9.9831615e-01   6.0000000e+00
   7.0000000e+00   2.3951556e+02   6.4329574e-01   1.7934089e+02   8.7000000e+01   2.8100000e+02   1.1550129e+00   1.4133861e+04   6.1033876e+00   1.2857461e+00   5.4691111e+00   1.9986858e+00   7.5644454e+00   1.7061023e+02   1.1031342e-02   1.2807675e-02   1.6925491e-02   1.9095964e-02   9.9454555e-01   7.0000000e+00
   7.0000000e+00   2.2601413e+02   6.7578582e-01   1.7977264e+02   2.1400000e+02   2.8900000e+02  -1.1693297e+01   9.1966810e+03   5.7942387e+00   1.1921833e+00   6.1584381e+00   1.7641436e+00   5.1950002e+00   1.0611374e+02   1.0543437e-02   1.1917487e-02   1.5361031e-02   1.6990531e-02   9.9458752e-01   8.0000000e+00
   7.0000000e+00  -4.5508721e+02   1.7879337e+00   2.0155255e+02   1.6400000e+02   4.2100000e+02  -1.1169215e+02   1.7833031e+04   8.3616539e+00   4.1898579e+00   5.7424688e+00   2.3434078e+00   4.1419343e+01   2.3147720e+03   2.2103445e-01   3.1428309e-01   7.0635311e-02   1.4071581e-01   8.7675098e-01   9.0000000e+00
   8.0000000e+00  -3.4842916e+02   1.3951086e+00   1.9314189e+02   4.4100000e+02   1.3000000e+02   2.1515144e+01   7.7047707e+03   5.9063847e+00   1.9077472e+00   6.2290854e+00   1.3674542e+00   1.1728020e+01   2.6573328e+02   4.5307223e-02   5.1571419e-02   3.2816350e-02   3.8235496e-02   9.5831925e-01   1.0000000e+00
   8.0000000e+00   4.5316636e+02   6.1941594e-01   1.6750888e+02   2.1000000e+02   1.9700000e+02   3.8667049e+01   1.2185183e+04   6.4088048e+00   1.5399741e+00   6.0475650e+00   2.4861712e+00   8.8650709e+00   2.4495032e+02   1.7656404e-02   2.2626207e-02   2.8460487e-02   3.4495709e-02   9.8835536e-01   2.0000000e+00
   8.0000000e+00  -1.7526672e+02   1.4588913e+00   1.8760459e+02   2.8400000e+02   1.9900000e+02   5.5202584e+00   1.0361895e+04   6.4251253e+00   1.6391492e+00   6.4492805e+00   1.1235582e+00   4.9386704e+00   9.4665397e+01   1.1818876e-02   1.2921398e-02   8.2407193e-03   9.2025569e-03   9.9642086e-01   3.0000000e+00
   8.0000000e+00   1.8243771e+02   7.3084422e-01   1.7616610e+02   3.1600000e+02   3.3700000e+02   1.2633582e+01   1.5880751e+04   6.1933337e+00   1.2744476e+00   5.9337822e+00   1.7438020e+00   9.0333898e+00   1.8934571e+02   1.1344148e-02   1.2885502e-02   1.5340704e-02   1.7121400e-02   9.9439011e-01   4.0000000e+00
   8.0000000e+00  -1.7873941e+02   1.6542764e+00   1.8771564e+02   1.7300000e+02   3.6600000e+02   3.4903716e+00   2.0837992e+04   6.4110838e+00   2.0101531e+00   5.5297454e+00   1.2151253e+00   8.9532011e+00   1.9708701e+02   1.3656962e-02   1.5267854e-02   8.3917484e-03   9.6768086e-03   9.9653927e-01   5.0000000e+00
   8.0000000e+00   4.5262703e+02   5.4622659e-01   1.6752612e+02   8.8000000e+01   4.2100000e+02   1.3619050e+00   7.0581637e+03   6.0772475e+00   1.3636972e+00   5.7667049e+00   2.4965779e+00   5.4753534e+00   1.4325825e+02   1.7482278e-02   2.1441500e-02   3.1835877e-02   3.7341357e-02   9.8652090e-01   6.0000000e+00
   9.0000000e+00  -2.6585426e+00   9.9462209e-01   1.8608501e+02   3.4700000e+02   1.0300000e+02  -2.5465517e+00   1.1247109e+04   5.8613630e+00   1.2426890e+00   5.8536374e+00   1.2494082e+00   4.2911948e+00   7.5699877e+01   6.9779027e-03   7.6169651e-03   7.0136093e-03   7.6537024e-03   9.9795162e-01   1.0000000e+00
   9.0000000e+00  -5.2572681e+01   1.1493231e+00   1.8768114e+02   4.3100000e+02   1.7000000e+02   2.6799080e+01   4.6588487e+03   6.5638284e+00   1.4095732e+00   5.6736265e+00   1.2264378e+00   5.6090237e+00   1.0415240e+02   2.5425365e-02   2.7831885e-02   2.2269349e-02   2.4562900e-02   9.7855364e-01   3.0000000e+00
   9.0000000e+00  -2.0438820e+02   1.4972903e+00   1.9253582e+02   3.3300000e+02   1.9100000e+02   1.5213327e+01   1.1798640e+04   5.8209421e+00   1.7770041e+00   5.9007334e+00   1.1868134e+00   1.0264572e+01   2.0996104e+02   2.3848369e-02   2.6372268e-02   1.6184797e-02   1.8302608e-02   9.8722298e-01   4.0000000e+00
   9.0000000e+00   8.6786572e+01   8.2183193e-01   1.8322478e+02   1.4600000e+02   2.8500000e+02   3.1912336e+01   2.7465834e+04   6.1755697e+00   1.3283166e+00   5.7759717e+00   1.6162874e+00   1.4714497e+01   3.0313842e+02   1.1042131e-02   1.2454447e-02   1.3334357e-02   1.4883340e-02   9.9513300e-01   5.0000000e+00
   9.0000000e+00  -4.2336515e+02   2.2222304e+00   1.9953815e+02   2.8900000e+02   4.1000000e+02  -2.2873347e+01   1.9409011e+04   2.4875206e+00   4.5138881e+00   6.4180862e+00   2.0312422e+00   2.5626066e+01   1.8249819e+03   2.9901683e-01   2.9992438e-01   5.0102783e-02   8.0970427e-02   9.3094189e-01   7.0000000e+00
   9.0000000e+00  -4.2360548e+02   1.7541725e+00   1.9954584e+02   2.8500000e+02   4.1100000e+02  -4.1508180e+01   1.6134022e+04   7.2567847e+00   3.5888820e+00   5.5086202e+00   2.0459117e+00   3.4622383e+01   1.4596575e+03   1.2760572e-01   1.9112013e-01   6.0737089e-02   1.0357755e-01   8.9550965e-01   8.0000000e+00
   1.0000000e+01  -1.2346423e+02   1.2472505e+00   1.8494808e+02   1.6200000e+02   1.1400000e+02   2.2171619e+01   1.5059489e+04   6.1743305e+00   1.5328274e+00   5.9476204e+00   1.2289652e+00   7.9859953e+00   1.5454146e+02   1.2328091e-02   1.3568952e-02   9.9805221e-03   1.1109402e-02   9.9554590e-01   1.0000000e+00
   1.0000000e+01   4.1776413e+02   6.1753143e-01   1.6764095e+02   1.7200000e+02   1.4300000e+02   1.0558544e+01   9.9910563e+03   6.4094390e+00   1.5104996e+00   6.2151101e+00   2.4460287e+00   9.3371462e+00   2.5335233e+02   2.2407740e-02   2.8354353e-02   3.6186281e-02   4.3474718e-02   9.8103786e-01   2.0000000e+00
   1.0000000e+01  -8.9547390e-01   9.8629280e-01   1.8102864e+02   3.9500000e+02   1.7700000e+02   3.8031004e+00   1.9006399e+04   6.4853334e+00   1.3074081e+00   6.0233715e+00   1.3255780e+00   5.9167204e+00   1.0997330e+02   6.1166443e-03   6.7245064e-03   6.1976053e-03   6.8095698e-03   9.9853693e-01   3.0000000e+00
   1.0000000e+01  -1.8812830e+01   9.9120778e-01   1.8160159e+02   3.9200000e+02   2.2700000e+02  -1.2308809e+00   3.2369813e+03   5.9690076e+00   1.1480063e+00   5.6720378e+00   1.1581893e+00   2.7027557e+00   4.4312486e+01   1.3623124e-02   1.4771709e-02   1.3736332e-02   1.4892877e-02   9.9123851e-01   5.0000000e+00
   1.0000000e+01  -2.6393177e+01   9.9004880e-01   1.8184399e+02   2.2200000e+02   2.5200000e+02  -6.8901261e+00   5.7258447e+03   5.7849978e+00   1.2310838e+00   5.7545245e+00   1.2434577e+00   3.8761035e+00   6.7915804e+01   1.2230614e-02   1.3342519e-02   1.2346738e-02   1.3461786e-02   9.9363853e-01   6.0000000e+00
   1.0000000e+01  -1.9655626e+01   1.0376822e+00   1.8162854e+02   2.9000000e+02   3.1300000e+02   2.7541101e+00   1.9237125e+04   5.5489133e+00   1.3928500e+00   6.3531184e+00   1.3422703e+00   6.7486177e+00   1.3006017e+02   7.4233568e-03   8.2004101e-03   7.1653834e-03   7.9311568e-03   9.9805758e-01   8.0000000e+00
   1.0000000e+01   2.4764655e+02   6.5725537e-01   1.7308089e+02   2.0700000e+02   3.2000000e+02  -4.6052959e+00   9.1426526e+03   5.9864170e+00   1.2381101e+00   6.1015677e+00   1.8837580e+00   6.5729391e+00   1.4117854e+02   1.4094631e-02   1.6143503e-02   2.1127111e-02   2.3593261e-02   9.9075451e-01   9.0000000e+00
   1.0000000e+01   2.1528237e+01   9.1545665e-01   1.8031158e+02   1.9300000e+02   3.2700000e+02   3.8699487e+00   2.0961474e+04   5.8507745e+00   1.3063587e+00   5.6228151e+00   1.4270022e+00   8.0471663e+00   1.5488172e+02   7.6373115e-03   8.4633276e-03   8.3102893e-03   9.1669002e-03   9.9767860e-01   1.0000000e+01
   1.0000000e+01  -1.0556648e+02   1.3531877e+00   1.8437575e+02   3.1900000e+02   3.2900000e+02  -4.4778825e+00   7.5378163e+03   6.1487938e+00   1.5296965e+00   6.3815155e+00   1.1304393e+00   4.3820904e+00   8.1456098e+01   1.3292581e-02   1.4500790e-02   9.9663417e-03   1.1053297e-02   9.9490621e-01   1.1000000e+01
   1.0000000e+01  -3.5933707e+02   1.8889352e+00   1.9249070e+02   3.2000000e+02   3.4800000e+02   2.5320225e+01   1.2663869e+04   7.0576535e+00   3.1220314e+00   5.9377335e+00   1.6527996e+00   2.0561214e+01   6.9853976e+02   8.9180862e-02   1.1793542e-01   4.3508701e-02   6.0567194e-02   9.3407422e-01   1.2000000e+01
   1.0000000e+01   9.6210170e+01   8.4645286e-01   1.7792344e+02   2.6100000e+02   3.5300000e+02  -1.6075079e+01   1.5370818e+04   5.4482441e+00   1.2699101e+00   5.6558044e+00   1.5002727e+00   6.9193801e+00   1.3460206e+02   8.7546292e-03   9.7390451e-03   1.0268533e-02   1.1326509e-02   9.9676677e-01   1.3000000e+01
   1.0000000e+01  -2.2977658e+02   1.7973322e+00   1.8834768e+02   2.3800000e+02   3.7700000e+02   2.1946812e+01   2.8177547e+04   5.9224399e+00   2.2395874e+00   6.4517346e+00   1.2460620e+00   1.3003820e+01   3.0634146e+02   1.6674862e-02   1.8883430e-02   9.4184423e-03   1.1094706e-02   9.9565875e-01   1.4000000e+01
   1.0000000e+01  -3.5391163e+02   2.4098105e+00   1.9231720e+02   1.3900000e+02   3.9400000e+02   5.3436646e+01   3.1043829e+04   5.3238460e+00   3.5434255e+00   6.2244002e+00   1.4704167e+00   2.6898773e+01   9.5387133e+02   6.1670262e-02   8.3616597e-02   2.3171766e-02   3.0876544e-02   9.7642431e-01   1.5000000e+01
   1.1000000e+01   2.5548108e+02   7.1766722e-01   1.8383036e+02   3.2700000e+02   1.6500000e+02   1.2931292e+01   9.4228119e+03   6.2098880e+00   1.3528671e+00   6.3676762e+00   1.8850897e+00   5.7594159e+00   1.2911444e+02   1.3059768e-02   1.5145476e-02   1.8008909e-02   2.0419846e-02   9.9307658e-01   1.0000000e+00
   1.1000000e+01  -2.1122481e+02   1.7733198e+00   1.9875444e+02   1.2100000e+02   2.1500000e+02   2.0688156e+01   9.2194583e+03   6.2609672e+00   2.2151689e+00   5.8539290e+00   1.2491649e+00   8.0726620e+00   1.8937061e+02   3.1243183e-02   3.5377004e-02   1.7880396e-02   2.1029681e-02   9.8464719e-01   2.0000000e+00
   1.1000000e+01   3.5459616e+02   5.6896988e-01   1.8066091e+02   1.4700000e+02   2.8300000e+02   4.6110775e+01   1.3207105e+04   6.0897629e+00   1.3396342e+00   5.8952467e+00   2.3544906e+00   8.3145192e+00   2.0838438e+02   1.3795217e-02   1.6660436e-02   2.4003811e-02   2.7753142e-02   9.9152270e-01   3.0000000e+00
   1.1000000e+01   4.2666554e+02   5.9862260e-01   1.7835631e+02   2.5600000e+02   3.1900000e+02   1.3468980e+02   1.1844396e+04   6.3573508e+00   1.6973220e+00   5.3933429e+00   2.8353791e+00   1.3693395e+01   4.3280020e+02   3.0059036e-02   4.1844218e-02   5.1575227e-02   6.7148094e-02   9.6913043e-01   4.0000000e+00
   1.1000000e+01  -3.9292369e+02   1.9172446e+00   2.0456471e+02   2.9300000e+02   3.9800000e+02   6.7708292e+00   2.6170074e+04   7.5208537e+00   3.5195314e+00   5.8610138e+00   1.8357237e+00   4.2498517e+01   1.7119155e+03   1.1019044e-01   1.5229057e-01   4.6562847e-02   7.1382152e-02   9.3112144e-01   5.0000000e+00
   1.1000000e+01  -3.9305739e+02   2.3418732e+00   2.0456899e+02   2.9700000e+02   3.9800000e+02   2.7150594e+01   3.0550314e+04   2.8518127e+00   4.2528056e+00   5.8183540e+00   1.8159846e+00   3.4326698e+01   2.1063765e+03   2.1139090e-01   2.2110212e-01   3.9908846e-02   5.9138641e-02   9.4984213e-01   6.0000000e+00
   1.1000000e+01  -5.1886179e+02   1.3398612e+00   2.0859190e+02   3.3500000e+02   4.0100000e+02  -2.0211542e+02   2.9033669e+04   6.8677173e+00   4.8824883e+00   5.6516201e+00   3.6440254e+00   1.3303581e+02   9.8706514e+03   1.4827624e-01   5.8137596e-01   8.7956163e-02   4.4367424e-01   8.1670008e-01   7.0000000e+00
   1.2000000e+01  -1.7769552e+02   1.4928784e+00   1.9668226e+02   1.6000000e+02   1.9000000e+02   3.7429428e+01   2.6909044e+04   5.8535451e+00   1.9202358e+00   5.6288592e+00   1.2862640e+00   1.7770764e+01   3.9241150e+02   1.9850493e-02   2.2338157e-02   1.3474286e-02   1.5558632e-02   9.9198381e-01   1.0000000e+00
   1.2000000e+01   1.8705228e+02   8.1574187e-01   1.8501854e+02   3.9700000e+02   2.0200000e+02   3.8609145e+00   1.2616941e+04   5.9157158e+00   1.2445944e+00   6.2920276e+00   1.5257209e+00   7.7236003e+00   1.5002700e+02   1.1674924e-02   1.2998356e-02   1.4186058e-02   1.5629616e-02   9.9404684e-01   2.0000000e+00
   1.2000000e+01  -8.1189400e+00   1.0123826e+00   1.9125962e+02   1.2100000e+02   2.8100000e+02  -2.1207480e+00   1.6051803e+04   6.1061477e+00   1.3750930e+00   6.2430125e+00   1.3582740e+00   6.8050966e+00   1.3108099e+02   8.8559101e-03   9.7910499e-03   8.7522651e-03   9.6819444e-03   9.9716972e-01   3.0000000e+00
   1.2000000e+01   2.2555921e+02   6.8503814e-01   1.8378718e+02   2.6100000e+02   3.0800000e+02   7.1009185e+00   2.0635139e+04   5.8522020e+00   1.2678104e+00   6.4334037e+00   1.8507151e+00   1.1361180e+01   2.4471048e+02   1.1042617e-02   1.2643069e-02   1.5909471e-02   1.7800745e-02   9.9454470e-01   4.0000000e+00
   1.2000000e+01   1.5870057e+02   8.1193669e-01   1.8592515e+02   2.4500000e+02   3.1100000e+02  -2.7601741e+00   6.6267682e+03   6.2187681e+00   1.1432878e+00   6.0641609e+00   1.4080997e+00   4.7163363e+00   8.4684370e+01   1.2137819e-02   1.3356794e-02   1.4790582e-02   1.6093356e-02   9.9273179e-01   5.0000000e+00
   1.2000000e+01   3.9266834e+02   5.4919957e-01   1.7844345e+02   1.7700000e+02   3.4900000e+02  -4.7556706e+00   1.0579110e+04   6.0954404e+00   1.2853159e+00   6.1033194e+00   2.3403440e+00   7.2299596e+00   1.7709916e+02   1.4471318e-02   1.7280367e-02   2.6030065e-02   2.9811551e-02   9.9012478e-01   6.0000000e+00
   1.2000000e+01   5.1958738e+02   5.7493918e-01   1.7438490e+02   6.8000000e+01   3.9900000e+02  -5.4940859e-01   5.6238270e+03   6.0321518e+00   1.3508079e+00   5.4109968e+00   2.3494797e+00   5.5836842e+00   1.4086438e+02   2.2036284e-02   2.6587763e-02   3.8088747e-02   4.4276448e-02   9.7898514e-01   7.0000000e+00
   1.3000000e+01  -3.4880889e+02   1.5549253e+00   2.0415403e+02   3.3700000e+02   1.1800000e+02   7.0595499e+00   1.5412981e+04   6.7579590e+00   2.8869426e+00   5.7888831e+00   1.8566439e+00   2.0204470e+01   6.7686499e+02   5.6064393e-02   7.7009252e-02   3.4658096e-02   5.1707787e-02   9.6291134e-01   1.0000000e+00
   1.3000000e+01  -3.2670156e+02   2.2455618e+00   2.0344710e+02   8.9000000e+01   1.4800000e+02   1.1229755e+02   2.0704563e+04   6.2134861e+00   3.2508425e+00   6.1508230e+00   1.4476745e+00   2.8975635e+01   9.3643602e+02   8.3567387e-02   1.0877774e-01   3.5583024e-02   4.6678423e-02   9.4599931e-01   3.0000000e+00
   1.3000000e+01   7.5753915e+00   9.6859495e-01   1.9275776e+02   1.3100000e+02   1.7000000e+02   1.8967801e+01   9.2899667e+03   5.5928641e+00   1.3744816e+00   5.8884846e+00   1.4190468e+00   4.3118599e+00   8.4799420e+01   9.7567319e-03   1.0841368e-02   1.0059570e-02   1.1162256e-02   9.9652690e-01   5.0000000e+00
   1.3000000e+01   2.6194445e+02   6.4258047e-01   1.8462367e+02   1.4700000e+02   1.7000000e+02   5.9997759e+01   5.3410685e+03   6.2264056e+00   1.2360920e+00   6.2707504e+00   1.9236377e+00   7.7858774e+00   1.6888455e+02   2.8662347e-02   3.2919297e-02   4.3929160e-02   4.9098918e-02   9.6252711e-01   6.0000000e+00
   1.3000000e+01   4.8940643e+02   4.4940939e-01   1.7735001e+02   1.4200000e+02   2.3700000e+02   1.0250875e+02   9.3823733e+03   6.3288760e+00   1.5746531e+00   5.9811261e+00   3.5038277e+00   1.2976942e+01   4.6253647e+02   3.7353045e-02   5.2038631e-02   8.9205921e-02   1.2333444e-01   9.4491432e-01   7.0000000e+00
   1.3000000e+01   1.2860411e+02   8.3883443e-01   1.8888756e+02   2.7100000e+02   2.5900000e+02  -1.9406967e+00   4.1960928e+03   5.5034533e+00   1.1986288e+00   5.3075836e+00   1.4289218e+00   4.3846892e+00   8.1070248e+01   1.8892219e-02   2.0846576e-02   2.2331415e-02   2.4398370e-02   9.8382798e-01   8.0000000e+00
   1.3000000e+01  -4.5213518e+01   1.0794399e+00   1.9444581e+02   2.5400000e+02   2.8300000e+02   2.0384164e+01   9.7316847e+03   5.6495790e+00   1.3386347e+00   6.3503844e+00   1.2401198e+00   4.3466404e+00   7.9157022e+01   8.8992737e-03   9.7322319e-03   8.2751100e-03   9.0868606e-03   9.9707083e-01   9.0000000e+00
   1.3000000e+01  -1.7420194e+02   1.7750002e+00   1.9857054e+02   8.1000000e+01   3.1500000e+02   3.9120631e+01   4.1947709e+04   5.5692336e+00   2.2357558e+00   5.6592137e+00   1.2595805e+00   2.2968972e+01   5.4423183e+02   1.9814359e-02   2.2516297e-02   1.1312279e-02   1.3334517e-02   9.9386114e-01   1.0000000e+01
   1.3000000e+01   1.7853320e+02   7.1754051e-01   1.8729096e+02   2.4100000e+02   3.3100000e+02   1.3159643e+01   3.2398013e+04   5.9007790e+00   1.2986810e+00   5.8835323e+00   1.8099062e+00   1.5106583e+01   3.2539422e+02   9.5212761e-03   1.0903086e-02   1.3115516e-02   1.4722490e-02   9.9611456e-01   1.1000000e+01
   1.3000000e+01  -3.2738781e+02   1.9526356e+00   2.0346904e+02   3.2200000e+02   3.4500000e+02   5.4343996e+00   8.1113144e+03   6.3700843e+00   2.5793168e+00   5.8663326e+00   1.3209412e+00   1.2636974e+01   3.3266624e+02   6.7534208e-02   7.9316588e-02   3.4674161e-02   4.2321025e-02   9.4624590e-01   1.2000000e+01
   1.3000000e+01   3.8062342e+02   5.6339475e-01   1.8082862e+02   1.2800000e+02   3.7200000e+02   7.2698876e+00   9.0457975e+03   5.9831785e+00   1.3163200e+00   5.4081604e+00   2.3364080e+00   7.2941675e+00   1.8120716e+02   1.7514905e-02   2.0973057e-02   3.0849164e-02   3.5636088e-02   9.8613970e-01   1.3000000e+01
   1.3000000e+01   3.5884967e+01   9.5871255e-01   1.9185249e+02   4.0100000e+02   3.9100000e+02   1.7294179e+01   3.3873969e+04   6.4261294e+00   1.4789167e+00   5.5860240e+00   1.5426071e+00   1.1632027e+01   2.4667101e+02   7.8748430e-03   8.9171328e-03   8.2015491e-03   9.2649349e-03   9.9794264e-01   1.4000000e+01
   1.4000000e+01  -6.2169724e+01   1.1527947e+00   1.8498803e+02   1.3600000e+02   1.1700000e+02  -3.9949475e-01   5.2080720e+03   6.3499683e+00   1.3183917e+00   6.1108932e+00   1.1436483e+00   2.7250833e+00   4.7420761e+01   1.0055757e-02   1.0916888e-02   8.7906174e-03   9.6188580e-03   9.9622557e-01   1.0000000e+00
   1.4000000e+01  -2.9909098e+01   1.0451906e+00   1.8395642e+02   1.9700000e+02   1.6100000e+02   6.6680324e+00   1.4821064e+04   5.6178066e+00   1.3337646e+00   6.3192635e+00   1.2760969e+00   4.2650640e+00   7.8596123e+01   5.7427426e-03   6.2960594e-03   5.5061071e-03   6.0508319e-03   9.9876309e-01   2.0000000e+00
   1.4000000e+01  -2.0987233e+02   1.7127309e+00   1.8971119e+02   7.2000000e+01   2.1700000e+02   6.2440174e+01   3.9989438e+04   5.6754002e+00   2.2135851e+00   5.6831527e+00   1.2924301e+00   3.4980840e+01   8.3385546e+02   3.1128513e-02   3.5481030e-02   1.8408354e-02   2.1786487e-02   9.8454831e-01   3.0000000e+00
   1.4000000e+01   3.8239450e+02   6.3733545e-01   1.7077198e+02   3.7100000e+02   3.0000000e+02   1.5314715e+01   6.7963422e+03   6.3904050e+00   1.2773619e+00   6.1934877e+00   2.0042223e+00   5.9916887e+00   1.3476088e+02   1.7997940e-02   2.0907233e-02   2.7844792e-02   3.1387443e-02   9.8543695e-01   4.0000000e+00
   1.4000000e+01  -1.4492897e+02   1.5784051e+00   1.8763446e+02   9.7000000e+01   3.5100000e+02   1.1373849e+01   2.1123824e+04   5.4976714e+00   1.9025310e+00   6.2104632e+00   1.2053503e+00   1.2177668e+01   2.5972670e+02   1.7182137e-02   1.9108976e-02   1.1063030e-02   1.2639599e-02   9.9402468e-01   5.0000000e+00
   1.4000000e+01  -6.0717440e+01   1.0964795e+00   1.8494159e+02   3.1700000e+02   4.2000000e+02   2.5744798e+00   5.5316573e+03   5.7020807e+00   1.2984147e+00   6.4098098e+00   1.1841669e+00   3.9544417e+00   6.9445178e+01   1.3600883e-02   1.4800028e-02   1.2464956e-02   1.3636020e-02   9.9288879e-01   6.0000000e+00
   1.5000000e+01  -3.1616842e+02   1.8721494e+00   1.9111027e+02   1.5400000e+02   1.2900000e+02   3.5395851e+01   9.4156111e+03   6.7595783e+00   2.5339212e+00   6.4023686e+00   1.3534824e+00   9.9636778e+00   2.6419259e+02   4.5250997e-02   5.3549844e-02   2.4069259e-02   2.9378836e-02   9.7451867e-01   2.0000000e+00
   1.5000000e+01   2.6281808e+02   6.9015773e-01   1.7259574e+02   1.5900000e+02   1.6800000e+02   2.5318712e+01   2.2741589e+04   5.5457248e+00   1.3704684e+00   6.1943006e+00   1.9857322e+00   1.3313713e+01   3.0819490e+02   1.2712294e-02   1.4926318e-02   1.8222945e-02   2.0817088e-02   9.9344716e-01   3.0000000e+00
   1.5000000e+01   4.6942186e+02   6.4048463e-01   1.6598907e+02   3.7200000e+02   2.0700000e+02   6.6373775e+01   1.1362889e+04   6.1939355e+00   1.5435604e+00   6.0248167e+00   2.4099881e+00   1.0532841e+01   2.8613755e+02   2.2376735e-02   2.8521741e-02   3.4819361e-02   4.2040724e-02   9.8172591e-01   5.0000000e+00
   1.5000000e+01  -7.1124994e+01   1.1172320e+00   1.8327440e+02   3.5200000e+02   2.2600000e+02   2.4755602e-01   7.9834632e+03   5.5831816e+00   1.4162360e+00   6.4598906e+00   1.2676292e+00   4.9373915e+00   9.3340019e+01   1.3208794e-02   1.4514641e-02   1.1882862e-02   1.3133172e-02   9.9412318e-01   6.0000000e+00
   1.5000000e+01  -5.5026193e+01   1.1208587e+00   1.8275960e+02   3.2100000e+02   3.1500000e+02   5.1765273e+01   1.4356111e+04   6.0682693e+00   1.4952364e+00   6.2954492e+00   1.3340097e+00   6.3899733e+00   1.2704131e+02   1.0176926e-02   1.1295620e-02   9.1222869e-03   1.0182166e-02   9.9676578e-01   7.0000000e+00
   1.5000000e+01   8.6746153e+01   8.8563736e-01   1.7822608e+02   3.6700000e+02   3.2000000e+02   6.0671058e+01   2.5345277e+04   6.2529618e+00   1.3428876e+00   6.4536780e+00   1.5162951e+00   1.0663584e+01   2.1412193e+02   8.7079291e-03   9.7417005e-03   9.7843948e-03   1.0874320e-02   9.9707338e-01   8.0000000e+00
   1.5000000e+01   3.2278182e+02   6.2745342e-01   1.7067825e+02   2.1000000e+02   3.3700000e+02   1.0276188e+01   4.9989715e+03   5.7170395e+00   1.3004634e+00   6.1819555e+00   2.0726055e+00   4.3125971e+00   9.9522432e+01   1.7998465e-02   2.1095637e-02   2.8302109e-02   3.2093320e-02   9.8566851e-01   9.0000000e+00
   1.5000000e+01   2.1224701e+01   9.3297548e-01   1.8032129e+02   1.3100000e+02   3.6100000e+02   1.0985214e+02   3.1621858e+04   6.4655574e+00   1.3922824e+00   5.9556142e+00   1.4923034e+00   1.4302017e+01   2.8993849e+02   9.7035555e-03   1.0865215e-02   1.0372077e-02   1.1577002e-02   9.9659120e-01   1.0000000e+01
   1.5000000e+01   1.7427937e+02   7.1294937e-01   1.7542698e+02   9.7000000e+01   3.7000000e+02   1.1075554e+01   1.1892060e+04   5.9278841e+00   1.2404869e+00   5.7051378e+00   1.7399368e+00   7.9353072e+00   1.6404957e+02   1.2953494e-02   1.4664670e-02   1.7934191e-02   1.9923574e-02   9.9238290e-01   1.1000000e+01
   1.5000000e+01   6.2670922e+02   6.1036710e-01   1.6095941e+02   2.5600000e+02   4.0700000e+02   9.8008539e+01   1.8491721e+04   6.3464360e+00   1.9197301e+00   6.7873961e+00   3.1452057e+00   1.8602863e+01   6.7317602e+02   2.6968018e-02   4.2530430e-02   4.7251929e-02   6.7626890e-02   9.7704074e-01   1.2000000e+01
   1.6000000e+01  -5.2757433e+02   1.3227480e+00   1.9887050e+02   4.0900000e+02   1.6800000e+02   4.5009328e+00   1.0302238e+04   6.3687083e+00   2.8330940e+00   6.3160377e+00   2.1418244e+00   2.2813339e+01   8.0514641e+02   7.7574328e-02   1.1874309e-01   5.7297465e-02   9.6372298e-02   9.1640332e-01   3.0000000e+00
   1.6000000e+01  -2.2281321e+02   1.8079036e+00   1.8912501e+02   1.9500000e+02   2.7000000e+02   1.1075391e+01   1.8762522e+04   6.0886645e+00   2.1721406e+00   5.9955116e+00   1.2014693e+00   7.0997950e+00   1.6172910e+02   1.3178918e-02   1.4788471e-02   7.4182830e-03   8.6444445e-03   9.9717722e-01   4.0000000e+00
   1.6000000e+01  -4.3834695e+02   1.8339610e+00   1.9601723e+02   1.1600000e+02   3.1400000e+02  -5.5077957e+01   1.4594276e+04   4.5256193e+00   3.6607717e+00   5.7511028e+00   1.9961012e+00   3.5033937e+01   1.5030445e+03   1.5784099e-01   2.3016536e-01   6.8366652e-02   1.1510024e-01   8.6900996e-01   7.0000000e+00
   1.6000000e+01   3.6754385e+02   5.4667848e-01   1.7024687e+02   3.5600000e+02   3.2400000e+02   1.3713961e+01   5.8086616e+03   5.9192582e+00   1.2707224e+00   5.5923324e+00   2.3244420e+00   5.6722318e+00   1.3790039e+02   2.0507398e-02   2.4371946e-02   3.7081766e-02   4.2416228e-02   9.8010844e-01   8.0000000e+00
   1.6000000e+01  -1.6168203e+02   1.4728347e+00   1.8717019e+02   2.7400000e+02   3.3100000e+02   6.8995772e+00   2.5449131e+04   5.8986130e+00   1.7896167e+00   5.8450897e+00   1.2150832e+00   1.2678781e+01   2.6314394e+02   1.3791973e-02   1.5309517e-02   9.5049338e-03   1.0783235e-02   9.9571149e-01   9.0000000e+00
   1.6000000e+01  -3.4261359e+01   1.0998121e+00   1.8309559e+02   3.7700000e+02   3.8200000e+02   1.1300373e+02   2.4301249e+04   5.7894189e+00   1.4919855e+00   5.7905347e+00   1.3565821e+00   1.0818964e+01   2.1659765e+02   1.0176160e-02   1.1316700e-02   9.2884417e-03   1.0379225e-02   9.9674018e-01   1.1000000e+01
   1.6000000e+01  -1.7942372e+02   1.5995696e+00   1.8773752e+02   2.8600000e+02   3.9700000e+02   1.7393564e+01   1.8505824e+04   6.4864538e+00   1.9141584e+00   6.4336001e+00   1.1966708e+00   1.0253881e+01   2.1862146e+02   1.6624230e-02   1.8477070e-02   1.0567390e-02   1.2076121e-02   9.9447281e-01   1.2000000e+01
   1.6000000e+01  -3.3018484e+02   1.8240139e+00   1.9255848e+02   3.3000000e+02   4.1700000e+02   3.1625318e+01   1.4239886e+04   6.2085377e+00   2.7347082e+00   6.2986032e+00   1.4992804e+00   1.3246268e+01   3.8343273e+02   4.1792558e-02   5.1328296e-02   2.2726579e-02   2.9422361e-02   9.7941528e-01   1.3000000e+01
   1.7000000e+01   1.5163987e+02   8.7494665e-01   1.8615094e+02   4.3600000e+02   1.0900000e+02   1.5144684e+00   7.1173258e+03   5.9422270e+00   1.2003063e+00   6.0966726e+00   1.3718622e+00   4.3682421e+00   7.9255157e+01   1.1007454e-02   1.2099979e-02   1.2497305e-02   1.3641966e-02   9.9451096e-01   1.0000000e+00
   1.7000000e+01   1.7337787e+02   8.5140352e-01   1.8545581e+02   3.7600000e+02   1.5800000e+02   1.9048973e+01   1.1690349e+04   6.0564198e+00   1.2740728e+00   6.0995573e+00   1.4964383e+00   8.7196978e+00   1.6967013e+02   1.4543215e-02   1.6180460e-02   1.6963214e-02   1.8721323e-02   9.9118021e-01   2.0000000e+00
   1.7000000e+01   2.3114255e+02   7.1217557e-01   1.8360864e+02   1.2100000e+02   2.3900000e+02  -2.9221327e+00   3.0740921e+03   5.7710306e+00   1.0573292e+00   5.6084660e+00   1.4846468e+00   2.7003931e+00   4.7953527e+01   1.3867503e-02   1.5309044e-02   1.9124984e-02   2.0709190e-02   9.8911479e-01   4.0000000e+00
   1.7000000e+01   4.0348923e+02   5.9750377e-01   1.7809743e+02   2.3100000e+02   3.2700000e+02  -3.3132611e+00   3.5322477e+03   6.4837938e+00   1.0565763e+00   6.2228896e+00   1.7683173e+00   2.6645488e+00   5.1518004e+01   1.2388140e-02   1.3932599e-02   2.0255569e-02   2.2087996e-02   9.9094589e-01   5.0000000e+00
   1.7000000e+01  -2.1770295e+02   1.4380260e+00   1.9796159e+02   4.1800000e+02   3.8900000e+02  -2.9254314e-02   2.9841958e+03   6.1827148e+00   1.3846173e+00   6.0594914e+00   9.6285973e-01   2.7873454e+00   4.5795861e+01   1.8249910e-02   1.9600209e-02   1.2991401e-02   1.4182665e-02   9.8899340e-01   6.0000000e+00
   1.7000000e+01  -2.6293120e+02   1.9718874e+00   1.9940788e+02   2.0800000e+02   3.9300000e+02   4.6855623e+00   2.8966868e+04   5.7575559e+00   2.4776070e+00   5.8154588e+00   1.2564647e+00   1.4265936e+01   3.5756231e+02   2.0318484e-02   2.3406266e-02   1.0404163e-02   1.2464868e-02   9.9460060e-01   8.0000000e+00
   1.7000000e+01   8.5064428e+01   8.2267750e-01   1.8827985e+02   9.3000000e+01   3.9700000e+02  -1.0439690e+01   9.4033955e+03   6.4514437e+00   1.1945878e+00   6.4785838e+00   1.4520731e+00   5.3132441e+00   9.8846536e+01   1.0204152e-02   1.1277393e-02   1.2289466e-02   1.3438892e-02   9.9518324e-01   1.0000000e+01
   1.7000000e+01   1.8388152e+02   7.6289786e-01   1.8511993e+02   1.5700000e+02   4.1200000e+02   1.9017574e+01   6.1634949e+03   6.2293712e+00   1.2008063e+00   6.0518779e+00   1.5740067e+00   6.0324500e+00   1.1695502e+02   1.8041527e-02   2.0117280e-02   2.3369463e-02   2.5697366e-02   9.8494209e-01   1.1000000e+01
   1.7000000e+01   1.6461994e+02   7.2893255e-01   1.8573587e+02   1.9700000e+02   4.1300000e+02   2.2958343e+00   6.9898866e+03   6.5442858e+00   1.2085719e+00   6.0959431e+00   1.6580024e+00   4.7158111e+00   9.4053417e+01   1.2638100e-02   1.4187287e-02   1.7111902e-02   1.8891038e-02   9.9253415e-01   1.2000000e+01
   1.8000000e+01  -2.5152485e+02   1.6336634e+00   1.9704313e+02   1.0800000e+02   8.3000000e+01   4.0644088e+01   1.8233796e+04   5.5535320e+00   2.3381098e+00   5.6971165e+00   1.4312065e+00   2.3467499e+01   6.0579200e+02   4.8230126e-02   5.6718123e-02   2.9686789e-02   3.6428530e-02   9.6539525e-01   1.0000000e+00
   1.8000000e+01  -2.8565579e+02   1.6144531e+00   1.9813455e+02   2.7400000e+02   1.0300000e+02   5.0654525e+00   6.1622362e+03   6.1060958e+00   2.1246715e+00   6.3210742e+00   1.3160317e+00   4.8629125e+00   1.1431262e+02   2.6616274e-02   3.0314441e-02   1.6700199e-02   1.9708641e-02   9.8775019e-01   2.0000000e+00
   1.8000000e+01  -1.3396476e+02   1.2975757e+00   1.9328386e+02   1.7300000e+02   2.0600000e+02   6.3797402e+00   5.8586089e+03   6.0839090e+00   1.5188320e+00   5.7484480e+00   1.1705151e+00   5.4899692e+00   1.0336942e+02   2.1383069e-02   2.3400263e-02   1.6680146e-02   1.8503484e-02   9.8666520e-01   3.0000000e+00
   1.8000000e+01  -2.1493528e+02   1.7393043e+00   1.9587309e+02   2.8800000e+02   3.0800000e+02  -3.7629429e+00   1.3345448e+04   5.5096698e+00   1.9545145e+00   5.5914038e+00   1.1237335e+00   7.9420234e+00   1.6617359e+02   1.8228269e-02   2.0115782e-02   1.0698728e-02   1.2191328e-02   9.9370985e-01   5.0000000e+00
   1.8000000e+01  -1.5877882e+02   1.5615481e+00   1.9407735e+02   1.3000000e+02   3.8200000e+02  -4.8077026e-01   1.4597541e+04   6.0606967e+00   1.8475913e+00   6.0816133e+00   1.1831793e+00   6.3606124e+00   1.3243426e+02   1.2489481e-02   1.3837193e-02   8.1359445e-03   9.2466158e-03   9.9668837e-01   7.0000000e+00
   1.9000000e+01  -3.5253862e+02   1.2397021e+00   2.0127330e+02   4.3900000e+02   1.1600000e+02   7.7320455e+00   2.4608093e+03   6.1419220e+00   1.3522282e+00   5.8336571e+00   1.0907687e+00   3.7724400e+00   6.4982159e+01   3.0025197e-02   3.2503904e-02   2.4513856e-02   2.6860188e-02   9.6893175e-01   2.0000000e+00
   1.9000000e+01   2.0349455e+02   7.2068749e-01   1.8349276e+02   2.7900000e+02   2.7600000e+02  -1.0350956e+01   4.6788746e+03   5.7399599e+00   1.0967428e+00   6.0545561e+00   1.5218009e+00   3.2263116e+00   5.8978045e+01   1.1411032e-02   1.2635421e-02   1.5577805e-02   1.6942442e-02   9.9300055e-01   3.0000000e+00
   1.9000000e+01   1.9227935e+02   7.5119011e-01   1.8385139e+02   3.0400000e+02   2.9000000e+02  -1.1581955e+01   1.0989647e+04   5.5941183e+00   1.2031040e+00   5.9116054e+00   1.6015972e+00   4.8178313e+00   9.4285100e+01   8.1232504e-03   9.0781272e-03   1.0681631e-02   1.1760508e-02   9.9690659e-01   4.0000000e+00
   1.9000000e+01  -2.9482625e+02   2.0643310e+00   1.9942780e+02   2.5400000e+02   4.1300000e+02  -4.0085123e+00   1.1355217e+04   6.4958111e+00   2.6704095e+00   6.1819782e+00   1.2935956e+00   7.1970385e+00   1.9221331e+02   2.9113834e-02   3.4417687e-02   1.4062040e-02   1.7136586e-02   9.9037463e-01   5.0000000e+00
   2.0000000e+01   3.1972254e+02   6.2580607e-01   1.7577608e+02   2.1200000e+02   3.0200000e+02  -9.9194426e+00   6.6626701e+03   6.2341467e+00   1.0897074e+00   6.1931000e+00   1.7412860e+00   4.3014774e+00   8.3700900e+01   1.0927445e-02   1.2260778e-02   1.7101228e-02   1.8697253e-02   9.9330872e-01   1.0000000e+00
   2.0000000e+01  -1.8644730e+02   1.6580489e+00   1.9196212e+02   2.1100000e+02   3.3500000e+02  -6.4363811e+00   5.3731073e+03   5.7363830e+00   1.6247104e+00   6.3717179e+00   9.7989294e-01   4.2316104e+00   7.5845525e+01   1.8805992e-02   2.0303946e-02   1.1646506e-02   1.3014310e-02   9.9111036e-01   2.0000000e+00
   2.0000000e+01   2.0726660e+02   7.4029681e-01   1.7937213e+02   1.4200000e+02   3.4400000e+02  -1.1390116e+01   6.0484319e+03   6.0940433e+00   1.1204237e+00   6.2273994e+00   1.5134791e+00   4.6798896e+00   8.6173771e+01   1.3105094e-02   1.4503101e-02   1.7443735e-02   1.9002252e-02   9.9111789e-01   3.0000000e+00
   2.0000000e+01   2.4638715e+01   9.4385404e-01   1.8521212e+02   3.4800000e+02   3.5300000e+02  -2.2490122e+01   1.3543047e+04   6.3313620e+00   1.2190075e+00   5.9542759e+00   1.2915212e+00   7.1198831e+00   1.2643823e+02   9.4719233e-03   1.0363174e-02   1.0005382e-02   1.0911916e-02   9.9608232e-01   4.0000000e+00
   2.1000000e+01  -3.0725157e+02   1.8175955e+00   2.0182513e+02   9.4000000e+01   8.6000000e+01   6.0516855e+02   2.0973510e+04   5.6688663e+00   2.8167007e+00   6.3472275e+00   1.5496851e+00   3.2866124e+01   9.8653162e+02   7.2418426e-02   9.0699969e-02   3.9227608e-02   5.1899498e-02   9.4281106e-01   1.0000000e+00
   2.1000000e+01   3.9967099e+02   5.2732035e-01   1.7921953e+02   1.6400000e+02   1.3000000e+02   6.6233966e+02   1.6606934e+04   5.8652265e+00   1.6987653e+00   5.9332973e+00   3.2215053e+00   1.5056632e+01   5.1744670e+02   2.3932485e-02   3.4840323e-02   4.7507126e-02   6.4660786e-02   9.7898450e-01   2.0000000e+00
   2.1000000e+01   1.9712323e+02   7.5850316e-01   1.8569649e+02   2.0100000e+02   2.1000000e+02   4.3189643e+02   4.0121024e+03   5.8778172e+00   1.3430824e+00   5.6654650e+00   1.7707011e+00   6.1443385e+00   1.3304935e+02   3.2264008e-02   3.6966976e-02   4.2133094e-02   4.7460960e-02   9.5953551e-01   3.0000000e+00
   2.1000000e+01  -7.5586886e+00   1.0153294e+00   1.9224171e+02   1.0700000e+02   2.9400000e+02   5.6385989e+02   1.7854813e+04   6.1661744e+00   1.4912556e+00   6.0092485e+00   1.4687406e+00   1.1147850e+01   2.3179333e+02   1.4369707e-02   1.6167854e-02   1.4161065e-02   1.5946857e-02   9.9337006e-01   5.0000000e+00
   2.1000000e+01   6.3778619e+01   9.3986696e-01   1.8996052e+02   1.2300000e+02   3.4300000e+02   3.9718740e+02   5.5642370e+03   5.6785272e+00   1.4949395e+00   5.8130236e+00   1.5905863e+00   7.1934324e+00   1.5561142e+02   2.9980992e-02   3.4196891e-02   3.1827585e-02   3.6179312e-02   9.7119324e-01   6.0000000e+00
   2.1000000e+01  -3.2639304e+02   1.6309589e+00   2.0243723e+02   3.3900000e+02   3.9300000e+02   3.8700707e+02   5.5675943e+03   6.7265321e+00   2.7946779e+00   5.3144608e+00   1.7135183e+00   9.9599283e+00   3.1441749e+02   7.9489892e-02   1.0324051e-01   4.7378376e-02   6.5142668e-02   9.2822128e-01   7.0000000e+00
   2.1000000e+01   1.3698079e+02   8.0777233e-01   1.8761970e+02   3.6100000e+02   4.3400000e+02   6.4305367e+02   1.8276320e+04   6.3888435e+00   1.3436426e+00   5.9905442e+00   1.6633927e+00   1.2231529e+01   2.5693274e+02   1.3998509e-02   1.5877161e-02   1.7193766e-02   1.9277621e-02   9.9227820e-01   8.0000000e+00
   2.2000000e+01   4.6813777e+02   5.8107223e-01   1.8403013e+02   1.1200000e+02   6.3000000e+01   3.2556090e+02   1.1269193e+04   6.0397689e+00   1.9450271e+00   5.5087724e+00   3.3473069e+00   1.8185466e+01   6.8734476e+02   4.2401962e-02   7.0725950e-02   7.8440626e-02   1.1656394e-01   9.4346871e-01   1.0000000e+00
   2.2000000e+01   1.8637411e+02   7.7275163e-01   1.9304022e+02   2.1100000e+02   1.5700000e+02   2.4017416e+02   4.6578926e+04   6.1460545e+00   1.4214043e+00   5.9547199e+00   1.8394064e+00   2.7838943e+01   6.3108268e+02   1.3294017e-02   1.5488812e-02   1.7065953e-02   1.9524861e-02   9.9340675e-01   4.0000000e+00
   2.2000000e+01  -3.4051710e+02   1.8440439e+00   2.0988888e+02   2.9300000e+02   1.7100000e+02   1.5346314e+02   1.5047213e+04   6.3910714e+00   2.8452074e+00   5.7620030e+00   1.5429174e+00   1.9514501e+01   5.8890162e+02   6.1035277e-02   7.6608548e-02   3.2492777e-02   4.2996258e-02   9.5970106e-01   5.0000000e+00
   2.2000000e+01   4.5894235e+02   6.8564690e-01   1.8432418e+02   4.3100000e+02   1.8400000e+02   2.3764902e+02   1.4979873e+04   5.6154587e+00   1.8082507e+00   5.3834399e+00   2.6372915e+00   2.5353296e+01   7.8862112e+02   4.4384910e-02   6.2717005e-02   6.5778241e-02   8.6864028e-02   9.4140365e-01   6.0000000e+00
   2.2000000e+01  -4.4688514e+02   1.5105554e+00   2.1329026e+02   1.4700000e+02   1.9400000e+02   8.7887543e+01   1.1771843e+04   3.6918683e+00   3.5555798e+00   5.6481237e+00   2.3538229e+00   2.6037930e+01   1.2762689e+03   1.5622523e-01   2.2983397e-01   6.9787255e-02   1.2349788e-01   8.9079886e-01   7.0000000e+00
   2.2000000e+01   4.0394056e+02   5.8188250e-01   1.8608300e+02   9.8000000e+01   1.9700000e+02   1.7844195e+02   1.5837303e+04   6.1004027e+00   1.6222179e+00   6.2621914e+00   2.7878788e+00   1.5471689e+01   4.7072588e+02   2.4712622e-02   3.3562147e-02   4.3081257e-02   5.4711353e-02   9.7781269e-01   8.0000000e+00
   2.2000000e+01   6.1768781e+01   9.5657839e-01   1.9702479e+02   3.7300000e+02   2.1700000e+02   3.0448457e+02   5.8992908e+04   5.6468069e+00   1.5396502e+00   5.6964026e+00   1.6095390e+00   2.9794274e+01   6.5757513e+02   1.2063892e-02   1.3845519e-02   1.2592750e-02   1.4413396e-02   9.9542091e-01   9.0000000e+00
   2.2000000e+01  -2.6857306e+02   2.2073690e+00   2.0758829e+02   8.3000000e+01   3.3300000e+02   3.2304400e+02   4.1355138e+04   6.4300541e+00   2.9181064e+00   6.3015630e+00   1.3219839e+00   2.2741543e+01   6.5147350e+02   2.8690435e-02   3.5007304e-02   1.2763590e-02   1.5859725e-02   9.9207428e-01   1.1000000e+01
   2.2000000e+01   2.0037355e+02   6.7184783e-01   1.9259256e+02   1.1200000e+02   3.4400000e+02   1.7334467e+02   2.3832686e+04   5.9145791e+00   1.3831850e+00   5.5438254e+00   2.0587772e+00   1.3292198e+01   3.1509035e+02   1.2295250e-02   1.4560701e-02   1.8118581e-02   2.0804805e-02   9.9387870e-01   1.2000000e+01
   2.2000000e+01   2.9066432e+02   5.7672510e-01   1.8970529e+02   1.8900000e+02   3.7800000e+02   9.8014679e+01   6.4023311e+03   5.2455253e+00   1.3851755e+00   6.0494654e+00   2.4017951e+00   8.4849250e+00   2.1848379e+02   2.9975069e-02   3.6598383e-02   5.1573514e-02   6.0230409e-02   9.6269208e-01   1.3000000e+01
   2.2000000e+01  -2.8995018e+02   1.7837526e+00   2.0827188e+02   2.9700000e+02   4.5100000e+02   3.0627940e+02   3.6373118e+04   5.7982027e+00   2.4052274e+00   7.4962173e+00   1.3484086e+00   2.3679559e+01   6.0316154e+02   2.5832952e-02   2.9935818e-02   1.4604724e-02   1.7540329e-02   9.9054223e-01   1.5000000e+01
   2.3000000e+01  -3.0513836e+02   1.4455333e+00   1.9575756e+02   4.3600000e+02   6.7000000e+01   5.1510674e+00   3.8828106e+03   6.4120464e+00   1.6894843e+00   5.3348286e+00   1.1687619e+00   6.2514361e+00   1.2386824e+02   4.1609101e-02   4.5764580e-02   2.9234801e-02   3.2810954e-02   9.5904343e-01   2.0000000e+00
   2.3000000e+01  -3.1342072e+02   1.3415311e+00   1.9602241e+02   2.6500000e+02   6.9000000e+01   2.2884194e+02   2.8075638e+04   5.6467151e+00   1.9904066e+00   5.7988635e+00   1.4836828e+00   3.3546616e+01   8.0794259e+02   3.6942159e-02   4.3022498e-02   2.7739003e-02   3.3172079e-02   9.7288308e-01   3.0000000e+00
   2.3000000e+01  -4.2088571e+02   1.2037792e+00   1.9945887e+02   4.2100000e+02   1.3300000e+02   4.2427264e+01   9.4886856e+03   5.9597716e+00   1.8823286e+00   5.7020277e+00   1.5636827e+00   1.1679573e+01   2.8040069e+02   3.5560646e-02   4.1786452e-02   2.9689914e-02   3.5481376e-02   9.7193861e-01   5.0000000e+00
   2.3000000e+01  -2.0561742e+02   1.3579828e+00   1.9257513e+02   3.4800000e+02   1.4300000e+02   4.8742535e+00   9.1352161e+03   5.9117851e+00   1.5461549e+00   6.1500388e+00   1.1385674e+00   5.4763030e+00   1.0265320e+02   1.3899028e-02   1.5181337e-02   1.0383151e-02   1.1523833e-02   9.9452507e-01   6.0000000e+00
   2.3000000e+01  -1.9101936e+02   1.3745931e+00   1.9210832e+02   2.6600000e+02   2.4900000e+02   2.8349910e+01   8.8627209e+03   6.6531044e+00   1.8131670e+00   6.2682425e+00   1.3190573e+00   8.3479754e+00   1.8144798e+02   2.6712073e-02   3.0005469e-02   1.9639958e-02   2.2510433e-02   9.8407347e-01   7.0000000e+00
   2.3000000e+01  -1.0675893e+02   1.2855833e+00   1.8941388e+02   3.3100000e+02   3.1800000e+02   1.5191162e+01   1.4086551e+04   5.8228177e+00   1.6433178e+00   6.1569645e+00   1.2782662e+00   9.0666056e+00   1.8488833e+02   1.6259536e-02   1.8072782e-02   1.2773344e-02   1.4388062e-02   9.9305068e-01   9.0000000e+00
   2.3000000e+01  -4.0158549e+02   2.2350934e+00   1.9884170e+02   8.9000000e+01   3.3200000e+02   3.4006127e+00   1.8047687e+04   8.3464849e+00   3.7445000e+00   6.0337018e+00   1.6753215e+00   2.5281921e+01   1.1523740e+03   1.5272048e-01   1.8418345e-01   4.3593424e-02   6.0954539e-02   9.3524730e-01   1.0000000e+01
   2.3000000e+01  -2.0545219e+02   1.7056704e+00   1.9256984e+02   1.9100000e+02   3.3300000e+02   3.7162751e+01   2.1052384e+04   6.3240575e+00   2.0468243e+00   6.1748792e+00   1.2000117e+00   1.1558944e+01   2.5523415e+02   1.7810515e-02   1.9896737e-02   1.0624593e-02   1.2266590e-02   9.9432335e-01   1.1000000e+01
   2.3000000e+01  -3.0028940e+02   1.7949195e+00   1.9560250e+02   3.5600000e+02   3.8600000e+02   1.4040738e+01   1.1635135e+04   6.1952717e+00   2.4371085e+00   5.6072590e+00   1.3577815e+00   1.2006573e+01   3.0900932e+02   4.1068842e-02   4.7896302e-02   2.3049030e-02   2.8099469e-02   9.7685378e-01   1.2000000e+01
   2.3000000e+01  -1.9929332e+02   1.7522210e+00   1.9237290e+02   1.0800000e+02   4.2900000e+02   1.9016100e+01   1.7167196e+04   6.3607173e+00   2.1760858e+00   5.6432328e+00   1.2419014e+00   9.4508828e+00   2.1909312e+02   1.9249814e-02   2.1744584e-02   1.1151553e-02   1.3060451e-02   9.9395584e-01   1.3000000e+01
   2.4000000e+01  -3.1486075e+02   1.1384485e+00   1.9506846e+02   2.6000000e+02   1.5000000e+02  -2.2704602e+02   4.3866977e+04   5.0761669e+00   3.4656062e+00   3.8778617e+00   3.0441485e+00   1.1282795e+02   6.2187958e+03   1.2835984e-01   2.2651855e-01   1.2560627e-01   2.3367954e-01   8.3883365e-01   2.0000000e+00
   2.4000000e+01  -2.9392791e+02   1.7347344e+00   1.9439908e+02   3.2400000e+02   2.1300000e+02   3.2331526e+01   5.8367124e+03   5.4985380e+00   2.1534645e+00   6.3587728e+00   1.2413799e+00   8.7404206e+00   2.0162609e+02   5.1838329e-02   5.8537480e-02   3.0315871e-02   3.5419827e-02   9.5713178e-01   3.0000000e+00
   2.4000000e+01   3.6564245e+02   5.7873938e-01   1.7330767e+02   1.7400000e+02   2.2300000e+02   5.1691114e+01   1.5784339e+04   6.0949127e+00   1.4948692e+00   6.0102649e+00   2.5829748e+00   1.3617272e+01   3.7947624e+02   2.0721764e-02   2.6499241e-02   3.5818880e-02   4.3331566e-02   9.8313094e-01   4.0000000e+00
   2.4000000e+01   6.2127567e+02   5.2990901e-01   1.6513316e+02   7.1000000e+01   2.3500000e+02   5.7419798e+01   1.2540659e+04   6.3598516e+00   1.9244435e+00   5.4317975e+00   3.6316491e+00   1.6187945e+01   6.5125507e+02   3.5297423e-02   5.8903988e-02   7.4332528e-02   1.1235950e-01   9.5861355e-01   5.0000000e+00
   2.4000000e+01  -5.3243650e+01   1.1190524e+00   1.8670260e+02   1.1100000e+02   2.3600000e+02   2.0490470e+01   1.1270820e+04   5.9422034e+00   1.4464212e+00   6.1393325e+00   1.2925411e+00   6.0367863e+00   1.1635397e+02   1.1748769e-02   1.2958962e-02   1.0550912e-02   1.1703015e-02   9.9548555e-01   6.0000000e+00
   2.4000000e+01  -6.1343382e+00   1.0161723e+00   1.8519616e+02   2.9300000e+02   2.7800000e+02   5.5357923e+01   7.4770875e+03   6.4553601e+00   1.3094850e+00   5.8791754e+00   1.2886446e+00   6.7476705e+00   1.2382292e+02   1.7665410e-02   1.9369092e-02   1.7396872e-02   1.9092379e-02   9.8802972e-01   7.0000000e+00
   2.4000000e+01  -4.8683648e+02   1.4261502e+00   2.0056781e+02   3.4600000e+02   2.7800000e+02  -1.0078586e+02   6.7155195e+04   6.8989714e+00   3.9908773e+00   6.0145375e+00   2.7983569e+00   2.0992493e+02   1.1113149e+04   1.1802114e-01   2.7617731e-01   6.9135994e-02   2.0072246e-01   8.7796493e-01   8.0000000e+00
   2.4000000e+01   1.7507694e+02   7.1944827e-01   1.7940148e+02   3.6000000e+02   2.8600000e+02   3.7183119e+01   1.4936507e+04   5.6933676e+00   1.2400646e+00   5.7520018e+00   1.7236327e+00   1.5831475e+01   3.2572263e+02   2.0534029e-02   2.3217082e-02   2.8177907e-02   3.1286176e-02   9.8111557e-01   9.0000000e+00
   2.4000000e+01  -1.9565756e+02   1.6403485e+00   1.9125664e+02   2.0800000e+02   2.8700000e+02   2.4975172e+01   1.0076018e+04   5.5389523e+00   1.8685574e+00   6.3766140e+00   1.1391223e+00   6.4331097e+00   1.3239155e+02   1.8534744e-02   2.0432761e-02   1.1519496e-02   1.3066885e-02   9.9295470e-01   1.0000000e+01
   2.4000000e+01   5.5690714e+02   6.8043499e-01   1.6719151e+02   3.6700000e+02   3.0100000e+02   8.2588288e+01   1.4571074e+04   5.7268109e+00   2.4936934e+00   6.3397805e+00   3.6648519e+00   6.2764980e+01   2.8789167e+03   1.0042080e-01   2.3881662e-01   1.6224135e-01   3.2326186e-01   7.6937657e-01   1.1000000e+01
   2.4000000e+01  -7.5387281e+02   6.7017723e-01   2.0910696e+02   4.0100000e+02   3.1200000e+02   2.2901135e+02   1.9688443e+04   6.4104585e+00   1.4792472e+00   5.6222351e+00   2.2072477e+00   3.5962755e+01   9.1303385e+02   4.2721676e-02   5.2280919e-02   6.3317776e-02   7.4529822e-02   9.3524539e-01   1.2000000e+01
   2.4000000e+01  -5.7626485e+02   1.1495978e+00   2.0342750e+02   4.4800000e+02   3.2400000e+02  -2.0128295e+02   6.6019486e+04   6.8568618e+00   4.6167366e+00   5.5874788e+00   4.0159582e+00   2.6600133e+02   2.0287569e+04   1.0800706e-01   4.9021823e-01   8.1744468e-02   4.2615251e-01   8.5903858e-01   1.3000000e+01
   2.4000000e+01  -9.1021134e+01   1.2045128e+00   1.8791063e+02   2.4400000e+02   4.1500000e+02   3.4695921e+01   2.2651625e+04   5.8766667e+00   1.5725776e+00   5.9947907e+00   1.3055715e+00   7.7437905e+00   1.5613935e+02   8.2421097e-03   9.1579634e-03   6.8940016e-03   7.7334745e-03   9.9805789e-01   1.4000000e+01
   2.5000000e+01  -7.1584501e+02   1.2042587e+00   2.0889093e+02   4.3900000e+02   9.2000000e+01   3.9303637e+02   2.5229436e+03   5.7841282e+00   1.7793117e+00   6.2214577e+00   1.4775162e+00   1.5331165e+01   3.4824449e+02   1.6736191e-01   1.9236414e-01   1.3988274e-01   1.6292589e-01   5.9403130e-01   1.0000000e+00
   2.5000000e+01  -1.3011749e+02   1.2068168e+00   1.9016083e+02   3.4400000e+02   1.3500000e+02   7.2895750e+01   4.7184435e+03   6.2766138e+00   1.4560009e+00   5.7879352e+00   1.2064805e+00   5.3189452e+00   9.9536391e+01   2.4630497e-02   2.6972563e-02   2.0589254e-02   2.2768762e-02   9.8097202e-01   3.0000000e+00
   2.5000000e+01  -1.3739763e+02   1.3890459e+00   1.9039363e+02   1.5500000e+02   3.3100000e+02   1.2199934e+02   1.4066846e+04   5.7945488e+00   1.8699303e+00   5.7596881e+00   1.3461976e+00   9.1324582e+00   2.0338082e+02   1.8933426e-02   2.1443859e-02   1.3776027e-02   1.5945848e-02   9.9226173e-01   4.0000000e+00
   2.5000000e+01  -3.2843050e+01   1.1848059e+00   1.8705024e+02   1.0000000e+02   3.5500000e+02   5.3537239e+01   1.0320783e+04   6.2179325e+00   1.5829207e+00   5.7335059e+00   1.3360170e+00   8.2250955e+00   1.6821108e+02   1.9400950e-02   2.1635317e-02   1.6483113e-02   1.8544884e-02   9.8938112e-01   5.0000000e+00
   2.6000000e+01  -1.0230258e+02   1.1310390e+00   1.9227138e+02   2.8400000e+02   1.4100000e+02  -1.4041988e+01   1.2719871e+04   6.2295784e+00   1.3317361e+00   6.0320012e+00   1.1774449e+00   3.9425521e+00   6.9887809e+01   6.0691565e-03   6.6064589e-03   5.4006345e-03   5.9178203e-03   9.9863779e-01   1.0000000e+00
   2.6000000e+01   4.2357022e+02   6.6282746e-01   1.7545529e+02   3.8000000e+02   1.6700000e+02   4.1305539e+00   5.9015358e+03   5.8627045e+00   1.4195232e+00   5.7402141e+00   2.1416180e+00   8.6463736e+00   2.1168226e+02   3.3035984e-02   3.9741875e-02   4.9382752e-02   5.7289233e-02   9.5834883e-01   2.0000000e+00
   2.6000000e+01   2.9016022e+02   7.7197566e-01   1.7972140e+02   2.8400000e+02   1.8400000e+02  -1.0301729e+01   1.3340263e+04   5.5062002e+00   1.3973768e+00   6.3194312e+00   1.8101307e+00   1.0101009e+01   2.2536691e+02   1.6603567e-02   1.9204661e-02   2.1329733e-02   2.4255024e-02   9.8954286e-01   3.0000000e+00
   2.6000000e+01   8.7524432e+00   9.5653763e-01   1.8872012e+02   1.9900000e+02   1.8700000e+02  -8.9032746e+00   4.1860687e+03   5.3451174e+00   1.1574348e+00   6.4716597e+00   1.2100254e+00   4.3078283e+00   7.2382512e+01   1.7158411e-02   1.8666982e-02   1.7891963e-02   1.9411567e-02   9.8626224e-01   4.0000000e+00
   2.6000000e+01  -1.6267830e+02   1.5373143e+00   1.9420204e+02   8.1000000e+01   2.1100000e+02  -9.6449239e+00   1.4831941e+04   6.4845679e+00   1.7565091e+00   6.2774085e+00   1.1425830e+00   1.1261384e+01   2.2505999e+02   2.0490079e-02   2.2518031e-02   1.3568670e-02   1.5275631e-02   9.9045463e-01   5.0000000e+00
   2.6000000e+01  -6.5676826e+00   1.0491207e+00   1.8921002e+02   2.1600000e+02   3.1800000e+02  -6.5182971e+00   6.6471349e+03   6.3957283e+00   1.2621629e+00   5.7805494e+00   1.2030674e+00   4.3894874e+00   7.6625473e+01   1.2193570e-02   1.3275390e-02   1.1652632e-02   1.2720723e-02   9.9397657e-01   6.0000000e+00
   2.7000000e+01   2.7969841e+02   7.7109931e-01   1.8105595e+02   1.7100000e+02   2.1400000e+02   1.7277166e-01   3.5860261e+03   5.9333373e+00   1.2352066e+00   5.9427153e+00   1.6018774e+00   2.8843627e+00   5.7156906e+01   1.5332431e-02   1.7163902e-02   1.9668809e-02   2.1726002e-02   9.8952221e-01   2.0000000e+00
   2.7000000e+01   4.4132642e+02   5.7085124e-01   1.7588749e+02   1.8400000e+02   2.8100000e+02   7.7268744e+00   9.3864007e+03   5.6107467e+00   1.4788960e+00   5.7060966e+00   2.5906854e+00   6.9635616e+00   1.9370123e+02   1.7790294e-02   2.2606725e-02   3.1223276e-02   3.7702379e-02   9.8733538e-01   3.0000000e+00
   2.7000000e+01  -2.6832080e+02   1.7695491e+00   1.9858023e+02   3.4400000e+02   2.9900000e+02   4.7146224e+01   9.4638639e+03   5.8418033e+00   2.2108837e+00   5.7248752e+00   1.2494051e+00   1.6538263e+01   3.8743553e+02   6.2143458e-02   7.0327618e-02   3.5648068e-02   4.1925830e-02   9.4166719e-01   4.0000000e+00
   2.7000000e+01   1.4014421e+02   7.6743879e-01   1.8551854e+02   1.2400000e+02   3.4600000e+02  -5.6698001e+00   8.8290882e+03   5.9837919e+00   1.2735613e+00   5.7243498e+00   1.6594956e+00   5.6650863e+00   1.1587626e+02   1.2706853e-02   1.4326893e-02   1.6386459e-02   1.8213598e-02   9.9306325e-01   5.0000000e+00
   2.8000000e+01  -7.6874939e+02   1.0465697e+00   2.2258267e+02   3.4200000e+02   1.0400000e+02   1.2106578e+02   1.0511461e+04   5.9021443e+00   2.8634181e+00   6.6193320e+00   2.7360032e+00   5.2325251e+01   2.1447841e+03   1.3783847e-01   2.7440993e-01   1.3233946e-01   2.7057674e-01   7.2655257e-01   2.0000000e+00
   2.8000000e+01   3.2131205e+02   6.2699583e-01   1.8772525e+02   3.6600000e+02   2.8000000e+02   1.6364062e+01   5.2132171e+03   5.7252147e+00   1.3839789e+00   6.0818767e+00   2.2073176e+00   7.2353746e+00   1.7775440e+02   3.0792247e-02   3.7041529e-02   4.8606959e-02   5.6191358e-02   9.6184681e-01   4.0000000e+00
   2.9000000e+01  -2.1950406e+02   1.3753568e+00   1.9501919e+02   4.4000000e+02   1.5200000e+02   3.3335102e+01   3.4026090e+04   6.0123162e+00   1.7801004e+00   6.2321360e+00   1.2942826e+00   3.1144705e+01   6.6428135e+02   2.5271984e-02   2.8318826e-02   1.8587289e-02   2.1218496e-02   9.8534843e-01   2.0000000e+00
   2.9000000e+01   1.9730841e+02   7.9412304e-01   1.8169057e+02   2.3500000e+02   2.2800000e+02  -1.6671578e+00   1.2638195e+04   5.6573354e+00   1.3481323e+00   5.6527363e+00   1.6976365e+00   7.3832996e+00   1.5690374e+02   1.2300463e-02   1.3999558e-02   1.5361241e-02   1.7251039e-02   9.9402373e-01   3.0000000e+00
   2.9000000e+01  -7.7981833e+01   1.1688043e+00   1.9049366e+02   7.5000000e+01   3.0800000e+02  -5.5731114e+00   4.9516849e+03   5.4394734e+00   1.3508956e+00   6.2175300e+00   1.1557928e+00   4.4966350e+00   7.9561928e+01   1.8016201e-02   1.9585774e-02   1.5538903e-02   1.7042432e-02   9.8844985e-01   5.0000000e+00
   2.9000000e+01  -4.8278993e+02   1.3191542e+00   2.0343841e+02   3.4800000e+02   3.9200000e+02  -3.8224718e+01   8.9948423e+03   6.7131935e+00   2.9759002e+00   5.8046851e+00   2.2559154e+00   2.6216643e+01   9.8775895e+02   1.0395603e-01   1.6935957e-01   7.5224268e-02   1.3531230e-01   8.6677468e-01   6.0000000e+00
   2.9000000e+01  -1.9950761e+02   1.7600439e+00   1.9437975e+02   6.5000000e+01   4.1200000e+02  -6.5481047e+00   8.4871159e+03   6.2832604e+00   1.9011352e+00   6.1308551e+00   1.0801635e+00   4.4490769e+00   9.0048651e+01   1.5427006e-02   1.6914946e-02   8.9721189e-03   1.0153057e-02   9.9531465e-01   7.0000000e+00
   3.0000000e+01   2.8447380e+02   8.2545686e-01   1.7390324e+02   1.4400000e+02   8.5000000e+01   1.7300039e+00   5.4075292e+03   6.4663404e+00   1.3713900e+00   5.7785763e+00   1.6613709e+00   5.1606380e+00   1.0940631e+02   2.0385445e-02   2.3166805e-02   2.4524590e-02   2.7577826e-02   9.8428862e-01   1.0000000e+00
   3.0000000e+01   7.6075908e+00   9.6103691e-01   1.8275673e+02   3.2500000e+02   1.2600000e+02  -1.1235865e+01   2.0517155e+04   5.6248495e+00   1.3011048e+00   6.0842083e+00   1.3538551e+00   8.0577080e+00   1.5093695e+02   7.7043474e-03   8.4867803e-03   8.0018470e-03   8.7973135e-03   9.9765090e-01   2.0000000e+00
   3.0000000e+01   3.5978895e+02   6.2216142e-01   1.7149485e+02   3.6700000e+02   1.9500000e+02  -1.9717877e+00   4.7407170e+03   5.4154149e+00   1.2554748e+00   5.2771176e+00   2.0179246e+00   4.8687065e+00   1.0926101e+02   2.0827396e-02   2.4095134e-02   3.3031261e-02   3.7160056e-02   9.8008286e-01   3.0000000e+00
   3.0000000e+01  -5.0682690e+00   1.0239763e+00   1.8316207e+02   4.0400000e+02   2.3800000e+02  -4.5552712e+00   4.8704628e+03   5.7828644e+00   1.2065254e+00   6.0039523e+00   1.1782748e+00   3.3307788e+00   5.6358527e+01   1.1903112e-02   1.2928618e-02   1.1640334e-02   1.2659086e-02   9.9382420e-01   4.0000000e+00
   3.0000000e+01   1.9107059e+01   9.5985813e-01   1.8238900e+02   3.8600000e+02   2.6900000e+02  -6.5959079e+00   1.2662828e+04   6.2961925e+00   1.3027647e+00   6.0511986e+00   1.3572472e+00   4.8725239e+00   9.1436528e+01   7.5626323e-03   8.3336485e-03   7.8639855e-03   8.6481439e-03   9.9773984e-01   5.0000000e+00
   3.0000000e+01  -2.9597932e+02   1.9702798e+00   1.9246467e+02   3.2900000e+02   2.8200000e+02  -9.9220696e-01   6.8056087e+03   5.5762707e+00   2.1822351e+00   5.6169820e+00   1.1075762e+00   6.9705052e+00   1.5346004e+02   3.5965204e-02   3.9962916e-02   1.8647394e-02   2.1516552e-02   9.8012080e-01   6.0000000e+00
   3.0000000e+01  -3.8530089e+02   2.1140770e+00   1.9532095e+02   2.6700000e+02   3.0100000e+02   4.7109204e-01   1.8588932e+04   7.2208416e+00   3.1992474e+00   6.2087848e+00   1.5133069e+00   2.5709095e+01   8.6584647e+02   8.6047497e-02   1.1111946e-01   3.6610863e-02   4.8330073e-02   9.4734162e-01   7.0000000e+00
   3.0000000e+01  -9.2542358e+01   1.2400050e+00   1.8595927e+02   3.4800000e+02   3.3300000e+02   1.9624670e+01   2.2905444e+04   5.6761410e+00   1.5333490e+00   6.3568027e+00   1.2365667e+00   1.0654835e+01   2.0682940e+02   1.0831866e-02   1.1927993e-02   8.8176204e-03   9.8190220e-03   9.9655489e-01   8.0000000e+00
   3.0000000e+01  -2.7050301e+02   1.5937697e+00   1.9165001e+02   2.6300000e+02   3.3900000e+02  -7.9939188e+00   5.8428913e+03   5.9126521e+00   2.0381734e+00   6.3980377e+00   1.2788381e+00   3.6311017e+00   8.2410668e+01   2.0002291e-02   2.2579776e-02   1.2730463e-02   1.4835392e-02   9.9263270e-01   9.0000000e+00
   3.0000000e+01   1.8727481e+02   7.2896702e-01   1.7701142e+02   6.0000000e+01   3.5700000e+02   2.4377793e-01   7.5367989e+03   6.4423998e+00   1.1543429e+00   6.2333225e+00   1.5835323e+00   5.2833988e+00   1.0085021e+02   1.2390870e-02   1.3800951e-02   1.6755755e-02   1.8347560e-02   9.9235300e-01   1.0000000e+01
   3.1000000e+01  -6.5996444e+01   1.0064746e+00   1.8811040e+02   2.7200000e+02   1.9600000e+02  -1.2564526e+00   3.9951590e+03   6.4093717e+00   1.1598806e+00   6.0783569e+00   1.1524191e+00   2.2990825e+00   3.7788987e+01   9.4939667e-03   1.0296736e-02   9.4366830e-03   1.0233797e-02   9.9580326e-01   2.0000000e+00
   3.1000000e+01  -1.0010689e+02   1.3395528e+00   1.8920117e+02   1.5300000e+02   2.0300000e+02   1.6706265e+00   8.1212952e+03   6.1441968e+00   1.5257756e+00   5.6146627e+00   1.1390187e+00   3.3512738e+00   6.2437933e+01   9.4202548e-03   1.0282815e-02   7.1308344e-03   7.9081321e-03   9.9741975e-01   3.0000000e+00
   3.1000000e+01   1.6898730e+02   7.1919443e-01   1.8059621e+02   3.5400000e+02   3.0100000e+02   1.0258798e+01   1.2904384e+04   6.1581445e+00   1.3249841e+00   5.6976486e+00   1.8423169e+00   1.0059791e+01   2.2072559e+02   1.6281205e-02   1.8746789e-02   2.2390118e-02   2.5245792e-02   9.8901133e-01   4.0000000e+00
   3.1000000e+01   3.2289268e+02   7.2320356e-01   1.7567470e+02   4.2300000e+02   3.4600000e+02   7.4044186e+00   5.9587963e+03   5.5605211e+00   1.3263144e+00   6.4247947e+00   1.8339435e+00   6.8356536e+00   1.4974038e+02   2.4005524e-02   2.7606925e-02   3.2836291e-02   3.6997035e-02   9.7649196e-01   5.0000000e+00
   3.1000000e+01   8.3330607e+01   8.2217279e-01   1.8333530e+02   1.0800000e+02   4.2100000e+02  -1.0752259e+00   3.4916716e+03   6.3397963e+00   1.1872092e+00   6.0003185e+00   1.4439899e+00   4.1180471e+00   7.6178555e+01   2.1114456e-02   2.3318179e-02   2.5440293e-02   2.7807524e-02   9.7951421e-01   7.0000000e+00
   3.2000000e+01  -1.7085303e+02   1.3326286e+00   1.9746345e+02   4.3600000e+02   2.0200000e+02  -1.5463798e+01   2.1674670e+04   6.1242541e+00   1.6164534e+00   6.1318347e+00   1.2129811e+00   1.6311039e+01   3.2187303e+02   1.8550750e-02   2.0455865e-02   1.4090592e-02   1.5770846e-02   9.9085081e-01   1.0000000e+00
   3.2000000e+01   7.4724884e+01   9.1021950e-01   1.8961049e+02   2.1000000e+02   2.0500000e+02  -2.7485836e+01   1.8571588e+04   5.6619915e+00   1.2570451e+00   5.5068668e+00   1.3810351e+00   7.8619862e+00   1.4626522e+02   8.0186830e-03   8.8361635e-03   8.7705873e-03   9.6159881e-03   9.9729298e-01   2.0000000e+00
   3.2000000e+01  -2.8511085e+02   1.8622010e+00   2.0111713e+02   3.2900000e+02   3.3500000e+02  -8.1304958e+00   7.8842702e+03   5.9044160e+00   1.9685280e+00   6.0324356e+00   1.0570975e+00   9.1559599e+00   1.8663747e+02   3.5554318e-02   3.8948873e-02   1.9587203e-02   2.2206808e-02   9.7710580e-01   3.0000000e+00
   3.2000000e+01  -1.5560633e+02   1.3122798e+00   1.9697590e+02   3.7500000e+02   3.9400000e+02  -9.1528947e+00   6.0125474e+03   5.5239523e+00   1.3920411e+00   5.8087886e+00   1.0607807e+00   3.8317807e+00   6.6070118e+01   1.2845459e-02   1.3885175e-02   9.9386294e-03   1.0912046e-02   9.9447837e-01   5.0000000e+00
   3.3000000e+01  -3.8507010e+02   2.0975063e+00   2.0231357e+02   1.6500000e+02   1.6300000e+02   1.4939984e+01   2.2812889e+04   5.6456092e+00   3.2648118e+00   5.7392457e+00   1.5565206e+00   2.3927843e+01   8.0202579e+02   6.0818993e-02   8.0679039e-02   2.7514489e-02   3.7590630e-02   9.6964799e-01   2.0000000e+00
   3.3000000e+01   5.8632565e+00   1.0051954e+00   1.8981251e+02   1.8000000e+02   1.7500000e+02  -1.4499191e+01   9.6541633e+03   6.2627565e+00   1.2439484e+00   5.8717917e+00   1.2375189e+00   4.6506768e+00   8.1710535e+01   8.8012977e-03   9.6003630e-03   8.7581839e-03   9.5558184e-03   9.9675674e-01   3.0000000e+00
   3.3000000e+01  -3.4975515e+02   2.4882060e+00   2.0118429e+02   1.1900000e+02   2.8700000e+02  -7.4262341e+00   8.2566351e+03   5.2471456e+00   3.1117218e+00   5.5701247e+00   1.2505885e+00   1.1066655e+01   3.2801884e+02   8.0335096e-02   9.9870772e-02   3.0829893e-02   3.7839386e-02   9.5156451e-01   4.0000000e+00
   3.3000000e+01  -1.6009936e+02   1.4185251e+00   1.9511958e+02   2.5500000e+02   2.9700000e+02  -9.6381000e+00   1.2850334e+04   5.6588312e+00   1.6293837e+00   5.5171440e+00   1.1486464e+00   6.7358181e+00   1.3007024e+02   1.2947714e-02   1.4188193e-02   9.2704203e-03   1.0355021e-02   9.9564095e-01   6.0000000e+00
   3.3000000e+01  -1.2902159e+02   1.1960111e+00   1.9412579e+02   3.5400000e+02   3.9600000e+02   3.1639920e+00   6.0313418e+03   6.0435244e+00   1.4204809e+00   5.6855415e+00   1.1876820e+00   3.8902546e+00   7.1415528e+01   1.3650625e-02   1.4909652e-02   1.1513381e-02   1.2694911e-02   9.9384603e-01   7.0000000e+00
   3.4000000e+01  -8.6901508e+01   1.2021343e+00   1.9877889e+02   2.6300000e+02   2.7900000e+02  -1.4978975e+01   1.3561587e+04   5.6937961e+00   1.4404382e+00   6.0006390e+00   1.1982340e+00   7.2016132e+00   1.3364575e+02   1.1444694e-02   1.2517331e-02   9.6042122e-03   1.0605438e-02   9.9575973e-01   2.0000000e+00
   3.4000000e+01  -8.3759847e+01   1.2304590e+00   1.9867843e+02   1.6000000e+02   3.1500000e+02  -1.5419330e+01   1.7385230e+04   5.8339360e+00   1.5538886e+00   5.8767246e+00   1.2628529e+00   6.6080290e+00   1.3039446e+02   9.0080654e-03   9.9562338e-03   7.3849912e-03   8.2490247e-03   9.9765510e-01   3.0000000e+00
   3.4000000e+01  -1.1106554e+02   1.2531550e+00   1.9955160e+02   2.9500000e+02   3.4000000e+02  -4.8524130e+00   4.5302921e+03   6.5366899e+00   1.3262875e+00   6.0528874e+00   1.0583587e+00   2.7027636e+00   4.5481155e+01   1.1331456e-02   1.2233450e-02   9.1635999e-03   1.0015680e-02   9.9532555e-01   4.0000000e+00
   3.4000000e+01  -2.2786919e+02   1.6943987e+00   2.0328668e+02   2.8400000e+02   3.5100000e+02  -5.8014709e+00   9.3485165e+03   6.1221623e+00   1.9458022e+00   5.7867821e+00   1.1483733e+00   4.8258997e+00   1.0168109e+02   1.5700333e-02   1.7369825e-02   9.4506834e-03   1.0785669e-02   9.9525257e-01   5.0000000e+00
   3.4000000e+01   2.1202663e+01   1.0367791e+00   1.9532199e+02   1.4000000e+02   3.9000000e+02  -2.2051977e+00   2.4954945e+03   6.1846330e+00   1.1328228e+00   6.1928001e+00   1.0926366e+00   1.7476839e+00   2.7710928e+01   1.1058836e-02   1.1952829e-02   1.0692511e-02   1.1583654e-02   9.9412942e-01   6.0000000e+00
