   1.7638188e+00  -2.9597932e+02
   1.7622456e+00  -2.9547932e+02
   1.7606730e+00  -2.9497932e+02
   1.7591009e+00  -2.9447932e+02
   1.7575295e+00  -2.9397932e+02
   1.7559586e+00  -2.9347932e+02
   1.7543883e+00  -2.9297932e+02
   1.7528187e+00  -2.9247932e+02
   1.7512496e+00  -2.9197932e+02
   1.7496811e+00  -2.9147932e+02
   1.7481131e+00  -2.9097932e+02
   1.7465458e+00  -2.9047932e+02
   1.7449791e+00  -2.8997932e+02
   1.7434130e+00  -2.8947932e+02
   1.7418475e+00  -2.8897932e+02
   1.7402826e+00  -2.8847932e+02
   1.7387183e+00  -2.8797932e+02
   1.7371546e+00  -2.8747932e+02
   1.7355915e+00  -2.8697932e+02
   1.7340291e+00  -2.8647932e+02
   1.7324672e+00  -2.8597932e+02
   1.7309060e+00  -2.8547932e+02
   1.7293454e+00  -2.8497932e+02
   1.7277854e+00  -2.8447932e+02
   1.7262260e+00  -2.8397932e+02
   1.7246673e+00  -2.8347932e+02
   1.7231091e+00  -2.8297932e+02
   1.7215516e+00  -2.8247932e+02
   1.7199948e+00  -2.8197932e+02
   1.7184386e+00  -2.8147932e+02
   1.7168830e+00  -2.8097932e+02
   1.7153280e+00  -2.8047932e+02
   1.7137737e+00  -2.7997932e+02
   1.7122200e+00  -2.7947932e+02
   1.7106670e+00  -2.7897932e+02
   1.7091146e+00  -2.7847932e+02
   1.7075629e+00  -2.7797932e+02
   1.7060118e+00  -2.7747932e+02
   1.7044613e+00  -2.7697932e+02
   1.7029115e+00  -2.7647932e+02
   1.7013624e+00  -2.7597932e+02
   1.6998139e+00  -2.7547932e+02
   1.6982661e+00  -2.7497932e+02
   1.6967190e+00  -2.7447932e+02
   1.6951725e+00  -2.7397932e+02
   1.6936267e+00  -2.7347932e+02
   1.6920815e+00  -2.7297932e+02
   1.6905370e+00  -2.7247932e+02
   1.6889932e+00  -2.7197932e+02
   1.6874501e+00  -2.7147932e+02
   1.6859076e+00  -2.7097932e+02
   1.6843658e+00  -2.7047932e+02
   1.6828247e+00  -2.6997932e+02
   1.6812843e+00  -2.6947932e+02
   1.6797445e+00  -2.6897932e+02
   1.6782054e+00  -2.6847932e+02
   1.6766671e+00  -2.6797932e+02
   1.6751294e+00  -2.6747932e+02
   1.6735924e+00  -2.6697932e+02
   1.6720561e+00  -2.6647932e+02
   1.6705205e+00  -2.6597932e+02
   1.6689856e+00  -2.6547932e+02
   1.6674514e+00  -2.6497932e+02
   1.6659179e+00  -2.6447932e+02
   1.6643851e+00  -2.6397932e+02
   1.6628530e+00  -2.6347932e+02
   1.6613217e+00  -2.6297932e+02
   1.6597910e+00  -2.6247932e+02
   1.6582610e+00  -2.6197932e+02
   1.6567318e+00  -2.6147932e+02
   1.6552033e+00  -2.6097932e+02
   1.6536755e+00  -2.6047932e+02
   1.6521484e+00  -2.5997932e+02
   1.6506220e+00  -2.5947932e+02
   1.6490964e+00  -2.5897932e+02
   1.6475715e+00  -2.5847932e+02
   1.6460473e+00  -2.5797932e+02
   1.6445239e+00  -2.5747932e+02
   1.6430011e+00  -2.5697932e+02
   1.6414792e+00  -2.5647932e+02
   1.6399579e+00  -2.5597932e+02
   1.6384374e+00  -2.5547932e+02
   1.6369177e+00  -2.5497932e+02
   1.6353987e+00  -2.5447932e+02
   1.6338804e+00  -2.5397932e+02
   1.6323629e+00  -2.5347932e+02
   1.6308461e+00  -2.5297932e+02
   1.6293301e+00  -2.5247932e+02
   1.6278149e+00  -2.5197932e+02
   1.6263003e+00  -2.5147932e+02
   1.6247866e+00  -2.5097932e+02
   1.6232736e+00  -2.5047932e+02
   1.6217614e+00  -2.4997932e+02
   1.6202500e+00  -2.4947932e+02
   1.6187393e+00  -2.4897932e+02
   1.6172293e+00  -2.4847932e+02
   1.6157202e+00  -2.4797932e+02
   1.6142118e+00  -2.4747932e+02
   1.6127042e+00  -2.4697932e+02
   1.6111974e+00  -2.4647932e+02
   1.6096914e+00  -2.4597932e+02
   1.6081861e+00  -2.4547932e+02
   1.6066817e+00  -2.4497932e+02
   1.6051780e+00  -2.4447932e+02
   1.6036751e+00  -2.4397932e+02
   1.6021730e+00  -2.4347932e+02
   1.6006717e+00  -2.4297932e+02
   1.5991711e+00  -2.4247932e+02
   1.5976714e+00  -2.4197932e+02
   1.5961725e+00  -2.4147932e+02
   1.5946744e+00  -2.4097932e+02
   1.5931771e+00  -2.4047932e+02
   1.5916806e+00  -2.3997932e+02
   1.5901848e+00  -2.3947932e+02
   1.5886900e+00  -2.3897932e+02
   1.5871959e+00  -2.3847932e+02
   1.5857026e+00  -2.3797932e+02
   1.5842102e+00  -2.3747932e+02
   1.5827185e+00  -2.3697932e+02
   1.5812277e+00  -2.3647932e+02
   1.5797377e+00  -2.3597932e+02
   1.5782485e+00  -2.3547932e+02
   1.5767602e+00  -2.3497932e+02
   1.5752727e+00  -2.3447932e+02
   1.5737860e+00  -2.3397932e+02
   1.5723002e+00  -2.3347932e+02
   1.5708152e+00  -2.3297932e+02
   1.5693310e+00  -2.3247932e+02
   1.5678476e+00  -2.3197932e+02
   1.5663651e+00  -2.3147932e+02
   1.5648835e+00  -2.3097932e+02
   1.5634027e+00  -2.3047932e+02
   1.5619227e+00  -2.2997932e+02
   1.5604436e+00  -2.2947932e+02
   1.5589654e+00  -2.2897932e+02
   1.5574880e+00  -2.2847932e+02
   1.5560114e+00  -2.2797932e+02
   1.5545357e+00  -2.2747932e+02
   1.5530609e+00  -2.2697932e+02
   1.5515870e+00  -2.2647932e+02
   1.5501139e+00  -2.2597932e+02
   1.5486416e+00  -2.2547932e+02
   1.5471703e+00  -2.2497932e+02
   1.5456998e+00  -2.2447932e+02
   1.5442301e+00  -2.2397932e+02
   1.5427614e+00  -2.2347932e+02
   1.5412935e+00  -2.2297932e+02
   1.5398266e+00  -2.2247932e+02
   1.5383604e+00  -2.2197932e+02
   1.5368952e+00  -2.2147932e+02
   1.5354309e+00  -2.2097932e+02
   1.5339674e+00  -2.2047932e+02
   1.5325049e+00  -2.1997932e+02
   1.5310432e+00  -2.1947932e+02
   1.5295824e+00  -2.1897932e+02
   1.5281226e+00  -2.1847932e+02
   1.5266636e+00  -2.1797932e+02
   1.5252055e+00  -2.1747932e+02
   1.5237483e+00  -2.1697932e+02
   1.5222921e+00  -2.1647932e+02
   1.5208367e+00  -2.1597932e+02
   1.5193823e+00  -2.1547932e+02
   1.5179287e+00  -2.1497932e+02
   1.5164761e+00  -2.1447932e+02
   1.5150244e+00  -2.1397932e+02
   1.5135736e+00  -2.1347932e+02
   1.5121237e+00  -2.1297932e+02
   1.5106747e+00  -2.1247932e+02
   1.5092267e+00  -2.1197932e+02
   1.5077796e+00  -2.1147932e+02
   1.5063334e+00  -2.1097932e+02
   1.5048882e+00  -2.1047932e+02
   1.5034439e+00  -2.0997932e+02
   1.5020005e+00  -2.0947932e+02
   1.5005580e+00  -2.0897932e+02
   1.4991165e+00  -2.0847932e+02
   1.4976759e+00  -2.0797932e+02
   1.4962363e+00  -2.0747932e+02
   1.4947976e+00  -2.0697932e+02
   1.4933599e+00  -2.0647932e+02
   1.4919231e+00  -2.0597932e+02
   1.4904872e+00  -2.0547932e+02
   1.4890524e+00  -2.0497932e+02
   1.4876184e+00  -2.0447932e+02
   1.4861854e+00  -2.0397932e+02
   1.4847534e+00  -2.0347932e+02
   1.4833224e+00  -2.0297932e+02
   1.4818923e+00  -2.0247932e+02
   1.4804631e+00  -2.0197932e+02
   1.4790350e+00  -2.0147932e+02
   1.4776078e+00  -2.0097932e+02
   1.4761816e+00  -2.0047932e+02
   1.4747563e+00  -1.9997932e+02
   1.4733320e+00  -1.9947932e+02
   1.4719087e+00  -1.9897932e+02
   1.4704864e+00  -1.9847932e+02
   1.4690651e+00  -1.9797932e+02
   1.4676447e+00  -1.9747932e+02
   1.4662253e+00  -1.9697932e+02
   1.4648069e+00  -1.9647932e+02
   1.4633895e+00  -1.9597932e+02
   1.4619731e+00  -1.9547932e+02
   1.4605577e+00  -1.9497932e+02
   1.4591433e+00  -1.9447932e+02
   1.4577299e+00  -1.9397932e+02
   1.4563175e+00  -1.9347932e+02
   1.4549060e+00  -1.9297932e+02
   1.4534956e+00  -1.9247932e+02
   1.4520862e+00  -1.9197932e+02
   1.4506778e+00  -1.9147932e+02
   1.4492704e+00  -1.9097932e+02
   1.4478640e+00  -1.9047932e+02
   1.4464586e+00  -1.8997932e+02
   1.4450543e+00  -1.8947932e+02
   1.4436509e+00  -1.8897932e+02
   1.4422486e+00  -1.8847932e+02
   1.4408473e+00  -1.8797932e+02
   1.4394470e+00  -1.8747932e+02
   1.4380478e+00  -1.8697932e+02
   1.4366495e+00  -1.8647932e+02
   1.4352523e+00  -1.8597932e+02
   1.4338562e+00  -1.8547932e+02
   1.4324610e+00  -1.8497932e+02
   1.4310669e+00  -1.8447932e+02
   1.4296739e+00  -1.8397932e+02
   1.4282818e+00  -1.8347932e+02
   1.4268908e+00  -1.8297932e+02
   1.4255009e+00  -1.8247932e+02
   1.4241120e+00  -1.8197932e+02
   1.4227241e+00  -1.8147932e+02
   1.4213373e+00  -1.8097932e+02
   1.4199516e+00  -1.8047932e+02
   1.4185669e+00  -1.7997932e+02
   1.4171832e+00  -1.7947932e+02
   1.4158006e+00  -1.7897932e+02
   1.4144191e+00  -1.7847932e+02
   1.4130386e+00  -1.7797932e+02
   1.4116592e+00  -1.7747932e+02
   1.4102808e+00  -1.7697932e+02
   1.4089035e+00  -1.7647932e+02
   1.4075273e+00  -1.7597932e+02
   1.4061521e+00  -1.7547932e+02
   1.4047781e+00  -1.7497932e+02
   1.4034051e+00  -1.7447932e+02
   1.4020331e+00  -1.7397932e+02
   1.4006623e+00  -1.7347932e+02
   1.3992925e+00  -1.7297932e+02
   1.3979238e+00  -1.7247932e+02
   1.3965561e+00  -1.7197932e+02
   1.3951896e+00  -1.7147932e+02
   1.3938242e+00  -1.7097932e+02
   1.3924598e+00  -1.7047932e+02
   1.3910965e+00  -1.6997932e+02
   1.3897343e+00  -1.6947932e+02
   1.3883732e+00  -1.6897932e+02
   1.3870133e+00  -1.6847932e+02
   1.3856544e+00  -1.6797932e+02
   1.3842966e+00  -1.6747932e+02
   1.3829399e+00  -1.6697932e+02
   1.3815843e+00  -1.6647932e+02
   1.3802298e+00  -1.6597932e+02
   1.3788764e+00  -1.6547932e+02
   1.3775241e+00  -1.6497932e+02
   1.3761729e+00  -1.6447932e+02
   1.3748229e+00  -1.6397932e+02
   1.3734739e+00  -1.6347932e+02
   1.3721261e+00  -1.6297932e+02
   1.3707794e+00  -1.6247932e+02
   1.3694338e+00  -1.6197932e+02
   1.3680893e+00  -1.6147932e+02
   1.3667459e+00  -1.6097932e+02
   1.3654037e+00  -1.6047932e+02
   1.3640626e+00  -1.5997932e+02
   1.3627226e+00  -1.5947932e+02
   1.3613837e+00  -1.5897932e+02
   1.3600460e+00  -1.5847932e+02
   1.3587094e+00  -1.5797932e+02
   1.3573740e+00  -1.5747932e+02
   1.3560396e+00  -1.5697932e+02
   1.3547065e+00  -1.5647932e+02
   1.3533744e+00  -1.5597932e+02
   1.3520435e+00  -1.5547932e+02
   1.3507137e+00  -1.5497932e+02
   1.3493851e+00  -1.5447932e+02
   1.3480576e+00  -1.5397932e+02
   1.3467313e+00  -1.5347932e+02
   1.3454061e+00  -1.5297932e+02
   1.3440821e+00  -1.5247932e+02
   1.3427592e+00  -1.5197932e+02
   1.3414375e+00  -1.5147932e+02
   1.3401170e+00  -1.5097932e+02
   1.3387975e+00  -1.5047932e+02
   1.3374793e+00  -1.4997932e+02
   1.3361622e+00  -1.4947932e+02
   1.3348463e+00  -1.4897932e+02
   1.3335315e+00  -1.4847932e+02
   1.3322179e+00  -1.4797932e+02
   1.3309055e+00  -1.4747932e+02
   1.3295942e+00  -1.4697932e+02
   1.3282842e+00  -1.4647932e+02
   1.3269752e+00  -1.4597932e+02
   1.3256675e+00  -1.4547932e+02
   1.3243609e+00  -1.4497932e+02
   1.3230555e+00  -1.4447932e+02
   1.3217513e+00  -1.4397932e+02
   1.3204483e+00  -1.4347932e+02
   1.3191464e+00  -1.4297932e+02
   1.3178458e+00  -1.4247932e+02
   1.3165463e+00  -1.4197932e+02
   1.3152480e+00  -1.4147932e+02
   1.3139509e+00  -1.4097932e+02
   1.3126550e+00  -1.4047932e+02
   1.3113602e+00  -1.3997932e+02
   1.3100667e+00  -1.3947932e+02
   1.3087743e+00  -1.3897932e+02
   1.3074832e+00  -1.3847932e+02
   1.3061932e+00  -1.3797932e+02
   1.3049045e+00  -1.3747932e+02
   1.3036169e+00  -1.3697932e+02
   1.3023306e+00  -1.3647932e+02
   1.3010454e+00  -1.3597932e+02
   1.2997615e+00  -1.3547932e+02
   1.2984788e+00  -1.3497932e+02
   1.2971972e+00  -1.3447932e+02
   1.2959169e+00  -1.3397932e+02
   1.2946378e+00  -1.3347932e+02
   1.2933599e+00  -1.3297932e+02
   1.2920832e+00  -1.3247932e+02
   1.2908077e+00  -1.3197932e+02
   1.2895335e+00  -1.3147932e+02
   1.2882604e+00  -1.3097932e+02
   1.2869886e+00  -1.3047932e+02
   1.2857180e+00  -1.2997932e+02
   1.2844486e+00  -1.2947932e+02
   1.2831805e+00  -1.2897932e+02
   1.2819135e+00  -1.2847932e+02
   1.2806478e+00  -1.2797932e+02
   1.2793834e+00  -1.2747932e+02
   1.2781201e+00  -1.2697932e+02
   1.2768581e+00  -1.2647932e+02
   1.2755973e+00  -1.2597932e+02
   1.2743378e+00  -1.2547932e+02
   1.2730794e+00  -1.2497932e+02
   1.2718224e+00  -1.2447932e+02
   1.2705665e+00  -1.2397932e+02
   1.2693119e+00  -1.2347932e+02
   1.2680585e+00  -1.2297932e+02
   1.2668064e+00  -1.2247932e+02
   1.2655555e+00  -1.2197932e+02
   1.2643059e+00  -1.2147932e+02
   1.2630575e+00  -1.2097932e+02
   1.2618103e+00  -1.2047932e+02
   1.2605644e+00  -1.1997932e+02
   1.2593198e+00  -1.1947932e+02
   1.2580763e+00  -1.1897932e+02
   1.2568342e+00  -1.1847932e+02
   1.2555933e+00  -1.1797932e+02
   1.2543536e+00  -1.1747932e+02
   1.2531152e+00  -1.1697932e+02
   1.2518781e+00  -1.1647932e+02
   1.2506422e+00  -1.1597932e+02
   1.2494076e+00  -1.1547932e+02
   1.2481742e+00  -1.1497932e+02
   1.2469421e+00  -1.1447932e+02
   1.2457113e+00  -1.1397932e+02
   1.2444817e+00  -1.1347932e+02
   1.2432534e+00  -1.1297932e+02
   1.2420264e+00  -1.1247932e+02
   1.2408006e+00  -1.1197932e+02
   1.2395761e+00  -1.1147932e+02
   1.2383528e+00  -1.1097932e+02
   1.2371308e+00  -1.1047932e+02
   1.2359101e+00  -1.0997932e+02
   1.2346907e+00  -1.0947932e+02
   1.2334726e+00  -1.0897932e+02
   1.2322557e+00  -1.0847932e+02
   1.2310401e+00  -1.0797932e+02
   1.2298258e+00  -1.0747932e+02
   1.2286127e+00  -1.0697932e+02
   1.2274009e+00  -1.0647932e+02
   1.2261905e+00  -1.0597932e+02
   1.2249813e+00  -1.0547932e+02
   1.2237733e+00  -1.0497932e+02
   1.2225667e+00  -1.0447932e+02
   1.2213613e+00  -1.0397932e+02
   1.2201573e+00  -1.0347932e+02
   1.2189545e+00  -1.0297932e+02
   1.2177530e+00  -1.0247932e+02
   1.2165528e+00  -1.0197932e+02
   1.2153539e+00  -1.0147932e+02
   1.2141563e+00  -1.0097932e+02
   1.2129599e+00  -1.0047932e+02
   1.2117649e+00  -9.9979315e+01
   1.2105711e+00  -9.9479315e+01
   1.2093787e+00  -9.8979315e+01
   1.2081875e+00  -9.8479315e+01
   1.2069977e+00  -9.7979315e+01
   1.2058091e+00  -9.7479315e+01
   1.2046219e+00  -9.6979315e+01
   1.2034359e+00  -9.6479315e+01
   1.2022512e+00  -9.5979315e+01
   1.2010679e+00  -9.5479315e+01
   1.1998858e+00  -9.4979315e+01
   1.1987051e+00  -9.4479315e+01
   1.1975256e+00  -9.3979315e+01
   1.1963475e+00  -9.3479315e+01
   1.1951707e+00  -9.2979315e+01
   1.1939951e+00  -9.2479315e+01
   1.1928209e+00  -9.1979315e+01
   1.1916480e+00  -9.1479315e+01
   1.1904764e+00  -9.0979315e+01
   1.1893061e+00  -9.0479315e+01
   1.1881372e+00  -8.9979315e+01
   1.1869695e+00  -8.9479315e+01
   1.1858031e+00  -8.8979315e+01
   1.1846381e+00  -8.8479315e+01
   1.1834744e+00  -8.7979315e+01
   1.1823120e+00  -8.7479315e+01
   1.1811509e+00  -8.6979315e+01
   1.1799911e+00  -8.6479315e+01
   1.1788327e+00  -8.5979315e+01
   1.1776755e+00  -8.5479315e+01
   1.1765197e+00  -8.4979315e+01
   1.1753652e+00  -8.4479315e+01
   1.1742120e+00  -8.3979315e+01
   1.1730602e+00  -8.3479315e+01
   1.1719097e+00  -8.2979315e+01
   1.1707605e+00  -8.2479315e+01
   1.1696126e+00  -8.1979315e+01
   1.1684660e+00  -8.1479315e+01
   1.1673208e+00  -8.0979315e+01
   1.1661769e+00  -8.0479315e+01
   1.1650343e+00  -7.9979315e+01
   1.1638931e+00  -7.9479315e+01
   1.1627531e+00  -7.8979315e+01
   1.1616146e+00  -7.8479315e+01
   1.1604773e+00  -7.7979315e+01
   1.1593414e+00  -7.7479315e+01
   1.1582068e+00  -7.6979315e+01
   1.1570735e+00  -7.6479315e+01
   1.1559416e+00  -7.5979315e+01
   1.1548110e+00  -7.5479315e+01
   1.1536817e+00  -7.4979315e+01
   1.1525538e+00  -7.4479315e+01
   1.1514272e+00  -7.3979315e+01
   1.1503019e+00  -7.3479315e+01
   1.1491780e+00  -7.2979315e+01
   1.1480554e+00  -7.2479315e+01
   1.1469341e+00  -7.1979315e+01
   1.1458142e+00  -7.1479315e+01
   1.1446956e+00  -7.0979315e+01
   1.1435784e+00  -7.0479315e+01
   1.1424625e+00  -6.9979315e+01
   1.1413479e+00  -6.9479315e+01
   1.1402347e+00  -6.8979315e+01
   1.1391228e+00  -6.8479315e+01
   1.1380123e+00  -6.7979315e+01
   1.1369031e+00  -6.7479315e+01
   1.1357953e+00  -6.6979315e+01
   1.1346887e+00  -6.6479315e+01
   1.1335836e+00  -6.5979315e+01
   1.1324798e+00  -6.5479315e+01
   1.1313773e+00  -6.4979315e+01
   1.1302762e+00  -6.4479315e+01
   1.1291764e+00  -6.3979315e+01
   1.1280779e+00  -6.3479315e+01
   1.1269808e+00  -6.2979315e+01
   1.1258851e+00  -6.2479315e+01
   1.1247907e+00  -6.1979315e+01
   1.1236976e+00  -6.1479315e+01
   1.1226059e+00  -6.0979315e+01
   1.1215156e+00  -6.0479315e+01
   1.1204266e+00  -5.9979315e+01
   1.1193389e+00  -5.9479315e+01
   1.1182526e+00  -5.8979315e+01
   1.1171676e+00  -5.8479315e+01
   1.1160840e+00  -5.7979315e+01
   1.1150018e+00  -5.7479315e+01
   1.1139209e+00  -5.6979315e+01
   1.1128413e+00  -5.6479315e+01
   1.1117631e+00  -5.5979315e+01
   1.1106863e+00  -5.5479315e+01
   1.1096107e+00  -5.4979315e+01
   1.1085366e+00  -5.4479315e+01
   1.1074638e+00  -5.3979315e+01
   1.1063924e+00  -5.3479315e+01
   1.1053223e+00  -5.2979315e+01
   1.1042535e+00  -5.2479315e+01
   1.1031862e+00  -5.1979315e+01
   1.1021201e+00  -5.1479315e+01
   1.1010555e+00  -5.0979315e+01
   1.0999921e+00  -5.0479315e+01
   1.0989302e+00  -4.9979315e+01
   1.0978696e+00  -4.9479315e+01
   1.0968103e+00  -4.8979315e+01
   1.0957524e+00  -4.8479315e+01
   1.0946959e+00  -4.7979315e+01
   1.0936407e+00  -4.7479315e+01
   1.0925868e+00  -4.6979315e+01
   1.0915344e+00  -4.6479315e+01
   1.0904832e+00  -4.5979315e+01
   1.0894335e+00  -4.5479315e+01
   1.0883851e+00  -4.4979315e+01
   1.0873380e+00  -4.4479315e+01
   1.0862923e+00  -4.3979315e+01
   1.0852480e+00  -4.3479315e+01
   1.0842050e+00  -4.2979315e+01
   1.0831634e+00  -4.2479315e+01
   1.0821231e+00  -4.1979315e+01
   1.0810842e+00  -4.1479315e+01
   1.0800467e+00  -4.0979315e+01
   1.0790105e+00  -4.0479315e+01
   1.0779756e+00  -3.9979315e+01
   1.0769422e+00  -3.9479315e+01
   1.0759100e+00  -3.8979315e+01
   1.0748793e+00  -3.8479315e+01
   1.0738499e+00  -3.7979315e+01
   1.0728218e+00  -3.7479315e+01
   1.0717951e+00  -3.6979315e+01
   1.0707698e+00  -3.6479315e+01
   1.0697458e+00  -3.5979315e+01
   1.0687232e+00  -3.5479315e+01
   1.0677020e+00  -3.4979315e+01
   1.0666821e+00  -3.4479315e+01
   1.0656635e+00  -3.3979315e+01
   1.0646463e+00  -3.3479315e+01
   1.0636305e+00  -3.2979315e+01
   1.0626160e+00  -3.2479315e+01
   1.0616029e+00  -3.1979315e+01
   1.0605912e+00  -3.1479315e+01
   1.0595808e+00  -3.0979315e+01
   1.0585717e+00  -3.0479315e+01
   1.0575640e+00  -2.9979315e+01
   1.0565577e+00  -2.9479315e+01
   1.0555527e+00  -2.8979315e+01
   1.0545491e+00  -2.8479315e+01
   1.0535469e+00  -2.7979315e+01
   1.0525460e+00  -2.7479315e+01
   1.0515464e+00  -2.6979315e+01
   1.0505482e+00  -2.6479315e+01
   1.0495514e+00  -2.5979315e+01
   1.0485559e+00  -2.5479315e+01
   1.0475618e+00  -2.4979315e+01
   1.0465691e+00  -2.4479315e+01
   1.0455777e+00  -2.3979315e+01
   1.0445876e+00  -2.3479315e+01
   1.0435989e+00  -2.2979315e+01
   1.0426116e+00  -2.2479315e+01
   1.0416256e+00  -2.1979315e+01
   1.0406409e+00  -2.1479315e+01
   1.0396577e+00  -2.0979315e+01
   1.0386757e+00  -2.0479315e+01
   1.0376952e+00  -1.9979315e+01
   1.0367159e+00  -1.9479315e+01
   1.0357381e+00  -1.8979315e+01
   1.0347616e+00  -1.8479315e+01
   1.0337864e+00  -1.7979315e+01
   1.0328126e+00  -1.7479315e+01
   1.0318402e+00  -1.6979315e+01
   1.0308690e+00  -1.6479315e+01
   1.0298993e+00  -1.5979315e+01
   1.0289309e+00  -1.5479315e+01
   1.0279638e+00  -1.4979315e+01
   1.0269981e+00  -1.4479315e+01
   1.0260338e+00  -1.3979315e+01
   1.0250708e+00  -1.3479315e+01
   1.0241092e+00  -1.2979315e+01
   1.0231489e+00  -1.2479315e+01
   1.0221899e+00  -1.1979315e+01
   1.0212323e+00  -1.1479315e+01
   1.0202760e+00  -1.0979315e+01
   1.0193211e+00  -1.0479315e+01
   1.0183676e+00  -9.9793154e+00
   1.0174154e+00  -9.4793154e+00
   1.0164645e+00  -8.9793154e+00
   1.0155150e+00  -8.4793154e+00
   1.0145668e+00  -7.9793154e+00
   1.0136200e+00  -7.4793154e+00
   1.0126745e+00  -6.9793154e+00
   1.0117303e+00  -6.4793154e+00
   1.0107875e+00  -5.9793154e+00
   1.0098461e+00  -5.4793154e+00
   1.0089060e+00  -4.9793154e+00
   1.0079672e+00  -4.4793154e+00
   1.0070298e+00  -3.9793154e+00
   1.0060937e+00  -3.4793154e+00
   1.0051589e+00  -2.9793154e+00
   1.0042255e+00  -2.4793154e+00
   1.0032935e+00  -1.9793154e+00
   1.0023627e+00  -1.4793154e+00
   1.0014334e+00  -9.7931542e-01
   1.0005053e+00  -4.7931542e-01
   9.9957860e-01   2.0684583e-02
   9.9865322e-01   5.2068458e-01
   9.9772919e-01   1.0206846e+00
   9.9680649e-01   1.5206846e+00
   9.9588512e-01   2.0206846e+00
   9.9496509e-01   2.5206846e+00
   9.9404639e-01   3.0206846e+00
   9.9312903e-01   3.5206846e+00
   9.9221300e-01   4.0206846e+00
   9.9129830e-01   4.5206846e+00
   9.9038493e-01   5.0206846e+00
   9.8947290e-01   5.5206846e+00
   9.8856220e-01   6.0206846e+00
   9.8765282e-01   6.5206846e+00
   9.8674478e-01   7.0206846e+00
   9.8583806e-01   7.5206846e+00
   9.8493267e-01   8.0206846e+00
   9.8402861e-01   8.5206846e+00
   9.8312588e-01   9.0206846e+00
   9.8222447e-01   9.5206846e+00
   9.8132439e-01   1.0020685e+01
   9.8042563e-01   1.0520685e+01
   9.7952820e-01   1.1020685e+01
   9.7863209e-01   1.1520685e+01
   9.7773730e-01   1.2020685e+01
   9.7684384e-01   1.2520685e+01
   9.7595169e-01   1.3020685e+01
   9.7506087e-01   1.3520685e+01
   9.7417136e-01   1.4020685e+01
   9.7328318e-01   1.4520685e+01
   9.7239631e-01   1.5020685e+01
   9.7151076e-01   1.5520685e+01
   9.7062653e-01   1.6020685e+01
   9.6974361e-01   1.6520685e+01
   9.6886201e-01   1.7020685e+01
   9.6798172e-01   1.7520685e+01
   9.6710274e-01   1.8020685e+01
   9.6622508e-01   1.8520685e+01
   9.6534873e-01   1.9020685e+01
   9.6447369e-01   1.9520685e+01
   9.6359997e-01   2.0020685e+01
   9.6272755e-01   2.0520685e+01
   9.6185644e-01   2.1020685e+01
   9.6098664e-01   2.1520685e+01
   9.6011814e-01   2.2020685e+01
   9.5925095e-01   2.2520685e+01
   9.5838507e-01   2.3020685e+01
   9.5752049e-01   2.3520685e+01
   9.5665721e-01   2.4020685e+01
   9.5579524e-01   2.4520685e+01
   9.5493457e-01   2.5020685e+01
   9.5407520e-01   2.5520685e+01
   9.5321713e-01   2.6020685e+01
   9.5236035e-01   2.6520685e+01
   9.5150488e-01   2.7020685e+01
   9.5065071e-01   2.7520685e+01
   9.4979783e-01   2.8020685e+01
   9.4894624e-01   2.8520685e+01
   9.4809595e-01   2.9020685e+01
   9.4724696e-01   2.9520685e+01
   9.4639925e-01   3.0020685e+01
   9.4555284e-01   3.0520685e+01
   9.4470772e-01   3.1020685e+01
   9.4386389e-01   3.1520685e+01
   9.4302135e-01   3.2020685e+01
   9.4218010e-01   3.2520685e+01
   9.4134013e-01   3.3020685e+01
   9.4050145e-01   3.3520685e+01
   9.3966405e-01   3.4020685e+01
   9.3882794e-01   3.4520685e+01
   9.3799311e-01   3.5020685e+01
   9.3715956e-01   3.5520685e+01
   9.3632730e-01   3.6020685e+01
   9.3549631e-01   3.6520685e+01
   9.3466660e-01   3.7020685e+01
   9.3383817e-01   3.7520685e+01
   9.3301102e-01   3.8020685e+01
   9.3218515e-01   3.8520685e+01
   9.3136054e-01   3.9020685e+01
   9.3053721e-01   3.9520685e+01
   9.2971516e-01   4.0020685e+01
   9.2889437e-01   4.0520685e+01
   9.2807486e-01   4.1020685e+01
   9.2725662e-01   4.1520685e+01
   9.2643964e-01   4.2020685e+01
   9.2562393e-01   4.2520685e+01
   9.2480949e-01   4.3020685e+01
   9.2399631e-01   4.3520685e+01
   9.2318440e-01   4.4020685e+01
   9.2237375e-01   4.4520685e+01
   9.2156436e-01   4.5020685e+01
   9.2075623e-01   4.5520685e+01
   9.1994936e-01   4.6020685e+01
   9.1914375e-01   4.6520685e+01
   9.1833940e-01   4.7020685e+01
   9.1753630e-01   4.7520685e+01
   9.1673446e-01   4.8020685e+01
   9.1593387e-01   4.8520685e+01
   9.1513453e-01   4.9020685e+01
   9.1433645e-01   4.9520685e+01
   9.1353961e-01   5.0020685e+01
   9.1274403e-01   5.0520685e+01
   9.1194969e-01   5.1020685e+01
   9.1115660e-01   5.1520685e+01
   9.1036476e-01   5.2020685e+01
   9.0957416e-01   5.2520685e+01
   9.0878480e-01   5.3020685e+01
   9.0799669e-01   5.3520685e+01
   9.0720981e-01   5.4020685e+01
   9.0642418e-01   5.4520685e+01
   9.0563978e-01   5.5020685e+01
   9.0485662e-01   5.5520685e+01
   9.0407470e-01   5.6020685e+01
   9.0329401e-01   5.6520685e+01
   9.0251456e-01   5.7020685e+01
   9.0173634e-01   5.7520685e+01
   9.0095934e-01   5.8020685e+01
   9.0018358e-01   5.8520685e+01
   8.9940905e-01   5.9020685e+01
   8.9863574e-01   5.9520685e+01
   8.9786366e-01   6.0020685e+01
   8.9709281e-01   6.0520685e+01
   8.9632317e-01   6.1020685e+01
   8.9555476e-01   6.1520685e+01
   8.9478758e-01   6.2020685e+01
   8.9402161e-01   6.2520685e+01
   8.9325685e-01   6.3020685e+01
   8.9249332e-01   6.3520685e+01
   8.9173100e-01   6.4020685e+01
   8.9096990e-01   6.4520685e+01
   8.9021001e-01   6.5020685e+01
   8.8945133e-01   6.5520685e+01
   8.8869386e-01   6.6020685e+01
   8.8793760e-01   6.6520685e+01
   8.8718254e-01   6.7020685e+01
   8.8642870e-01   6.7520685e+01
   8.8567606e-01   6.8020685e+01
   8.8492462e-01   6.8520685e+01
   8.8417438e-01   6.9020685e+01
   8.8342535e-01   6.9520685e+01
   8.8267751e-01   7.0020685e+01
   8.8193088e-01   7.0520685e+01
   8.8118544e-01   7.1020685e+01
   8.8044120e-01   7.1520685e+01
   8.7969815e-01   7.2020685e+01
   8.7895629e-01   7.2520685e+01
   8.7821562e-01   7.3020685e+01
   8.7747615e-01   7.3520685e+01
   8.7673786e-01   7.4020685e+01
   8.7600076e-01   7.4520685e+01
   8.7526485e-01   7.5020685e+01
   8.7453012e-01   7.5520685e+01
   8.7379657e-01   7.6020685e+01
   8.7306421e-01   7.6520685e+01
   8.7233303e-01   7.7020685e+01
   8.7160302e-01   7.7520685e+01
   8.7087419e-01   7.8020685e+01
   8.7014654e-01   7.8520685e+01
   8.6942006e-01   7.9020685e+01
   8.6869476e-01   7.9520685e+01
   8.6797063e-01   8.0020685e+01
   8.6724766e-01   8.0520685e+01
   8.6652587e-01   8.1020685e+01
   8.6580525e-01   8.1520685e+01
   8.6508578e-01   8.2020685e+01
   8.6436749e-01   8.2520685e+01
   8.6365036e-01   8.3020685e+01
   8.6293438e-01   8.3520685e+01
   8.6221957e-01   8.4020685e+01
   8.6150592e-01   8.4520685e+01
   8.6079342e-01   8.5020685e+01
   8.6008208e-01   8.5520685e+01
   8.5937190e-01   8.6020685e+01
   8.5866287e-01   8.6520685e+01
   8.5795498e-01   8.7020685e+01
   8.5724825e-01   8.7520685e+01
   8.5654267e-01   8.8020685e+01
   8.5583823e-01   8.8520685e+01
   8.5513494e-01   8.9020685e+01
   8.5443279e-01   8.9520685e+01
   8.5373178e-01   9.0020685e+01
   8.5303191e-01   9.0520685e+01
   8.5233319e-01   9.1020685e+01
   8.5163560e-01   9.1520685e+01
   8.5093915e-01   9.2020685e+01
   8.5024383e-01   9.2520685e+01
   8.4954964e-01   9.3020685e+01
   8.4885659e-01   9.3520685e+01
   8.4816466e-01   9.4020685e+01
   8.4747387e-01   9.4520685e+01
   8.4678420e-01   9.5020685e+01
   8.4609566e-01   9.5520685e+01
   8.4540824e-01   9.6020685e+01
   8.4472194e-01   9.6520685e+01
   8.4403676e-01   9.7020685e+01
   8.4335270e-01   9.7520685e+01
   8.4266976e-01   9.8020685e+01
   8.4198794e-01   9.8520685e+01
   8.4130723e-01   9.9020685e+01
   8.4062764e-01   9.9520685e+01
   8.3994915e-01   1.0002068e+02
   8.3927177e-01   1.0052068e+02
   8.3859551e-01   1.0102068e+02
   8.3792035e-01   1.0152068e+02
   8.3724629e-01   1.0202068e+02
   8.3657334e-01   1.0252068e+02
   8.3590149e-01   1.0302068e+02
   8.3523074e-01   1.0352068e+02
   8.3456109e-01   1.0402068e+02
   8.3389253e-01   1.0452068e+02
   8.3322507e-01   1.0502068e+02
   8.3255871e-01   1.0552068e+02
   8.3189344e-01   1.0602068e+02
   8.3122925e-01   1.0652068e+02
   8.3056616e-01   1.0702068e+02
   8.2990416e-01   1.0752068e+02
   8.2924324e-01   1.0802068e+02
   8.2858340e-01   1.0852068e+02
   8.2792465e-01   1.0902068e+02
   8.2726698e-01   1.0952068e+02
   8.2661038e-01   1.1002068e+02
   8.2595487e-01   1.1052068e+02
   8.2530043e-01   1.1102068e+02
   8.2464707e-01   1.1152068e+02
   8.2399478e-01   1.1202068e+02
   8.2334356e-01   1.1252068e+02
   8.2269340e-01   1.1302068e+02
   8.2204432e-01   1.1352068e+02
   8.2139631e-01   1.1402068e+02
   8.2074935e-01   1.1452068e+02
   8.2010347e-01   1.1502068e+02
   8.1945864e-01   1.1552068e+02
   8.1881487e-01   1.1602068e+02
   8.1817216e-01   1.1652068e+02
   8.1753051e-01   1.1702068e+02
   8.1688991e-01   1.1752068e+02
   8.1625036e-01   1.1802068e+02
   8.1561187e-01   1.1852068e+02
   8.1497443e-01   1.1902068e+02
   8.1433803e-01   1.1952068e+02
   8.1370268e-01   1.2002068e+02
   8.1306838e-01   1.2052068e+02
   8.1243511e-01   1.2102068e+02
   8.1180289e-01   1.2152068e+02
   8.1117171e-01   1.2202068e+02
   8.1054157e-01   1.2252068e+02
   8.0991246e-01   1.2302068e+02
   8.0928439e-01   1.2352068e+02
   8.0865735e-01   1.2402068e+02
   8.0803135e-01   1.2452068e+02
   8.0740637e-01   1.2502068e+02
   8.0678242e-01   1.2552068e+02
   8.0615950e-01   1.2602068e+02
   8.0553760e-01   1.2652068e+02
   8.0491672e-01   1.2702068e+02
   8.0429687e-01   1.2752068e+02
   8.0367804e-01   1.2802068e+02
   8.0306022e-01   1.2852068e+02
   8.0244342e-01   1.2902068e+02
   8.0182763e-01   1.2952068e+02
   8.0121286e-01   1.3002068e+02
   8.0059910e-01   1.3052068e+02
   7.9998634e-01   1.3102068e+02
   7.9937460e-01   1.3152068e+02
   7.9876386e-01   1.3202068e+02
   7.9815412e-01   1.3252068e+02
   7.9754539e-01   1.3302068e+02
   7.9693766e-01   1.3352068e+02
   7.9633092e-01   1.3402068e+02
   7.9572519e-01   1.3452068e+02
   7.9512045e-01   1.3502068e+02
   7.9451670e-01   1.3552068e+02
   7.9391395e-01   1.3602068e+02
   7.9331219e-01   1.3652068e+02
   7.9271141e-01   1.3702068e+02
   7.9211162e-01   1.3752068e+02
   7.9151282e-01   1.3802068e+02
   7.9091500e-01   1.3852068e+02
   7.9031817e-01   1.3902068e+02
   7.8972231e-01   1.3952068e+02
   7.8912743e-01   1.4002068e+02
   7.8853353e-01   1.4052068e+02
   7.8794061e-01   1.4102068e+02
   7.8734865e-01   1.4152068e+02
   7.8675767e-01   1.4202068e+02
   7.8616766e-01   1.4252068e+02
   7.8557862e-01   1.4302068e+02
   7.8499054e-01   1.4352068e+02
   7.8440343e-01   1.4402068e+02
   7.8381728e-01   1.4452068e+02
   7.8323209e-01   1.4502068e+02
   7.8264786e-01   1.4552068e+02
   7.8206459e-01   1.4602068e+02
   7.8148227e-01   1.4652068e+02
   7.8090091e-01   1.4702068e+02
   7.8032050e-01   1.4752068e+02
   7.7974105e-01   1.4802068e+02
   7.7916254e-01   1.4852068e+02
   7.7858497e-01   1.4902068e+02
   7.7800836e-01   1.4952068e+02
   7.7743269e-01   1.5002068e+02
   7.7685795e-01   1.5052068e+02
   7.7628416e-01   1.5102068e+02
   7.7571131e-01   1.5152068e+02
   7.7513940e-01   1.5202068e+02
   7.7456842e-01   1.5252068e+02
   7.7399837e-01   1.5302068e+02
   7.7342925e-01   1.5352068e+02
   7.7286107e-01   1.5402068e+02
   7.7229381e-01   1.5452068e+02
   7.7172748e-01   1.5502068e+02
   7.7116207e-01   1.5552068e+02
   7.7059759e-01   1.5602068e+02
   7.7003403e-01   1.5652068e+02
   7.6947138e-01   1.5702068e+02
   7.6890966e-01   1.5752068e+02
   7.6834885e-01   1.5802068e+02
   7.6778895e-01   1.5852068e+02
   7.6722997e-01   1.5902068e+02
   7.6667189e-01   1.5952068e+02
   7.6611473e-01   1.6002068e+02
   7.6555847e-01   1.6052068e+02
   7.6500312e-01   1.6102068e+02
   7.6444867e-01   1.6152068e+02
   7.6389512e-01   1.6202068e+02
   7.6334247e-01   1.6252068e+02
   7.6279072e-01   1.6302068e+02
   7.6223987e-01   1.6352068e+02
   7.6168991e-01   1.6402068e+02
   7.6114085e-01   1.6452068e+02
   7.6059267e-01   1.6502068e+02
   7.6004539e-01   1.6552068e+02
   7.5949899e-01   1.6602068e+02
   7.5895348e-01   1.6652068e+02
   7.5840886e-01   1.6702068e+02
   7.5786511e-01   1.6752068e+02
   7.5732225e-01   1.6802068e+02
   7.5678026e-01   1.6852068e+02
   7.5623916e-01   1.6902068e+02
   7.5569892e-01   1.6952068e+02
   7.5515957e-01   1.7002068e+02
   7.5462108e-01   1.7052068e+02
   7.5408346e-01   1.7102068e+02
   7.5354672e-01   1.7152068e+02
   7.5301083e-01   1.7202068e+02
   7.5247582e-01   1.7252068e+02
   7.5194167e-01   1.7302068e+02
   7.5140837e-01   1.7352068e+02
   7.5087594e-01   1.7402068e+02
   7.5034437e-01   1.7452068e+02
   7.4981365e-01   1.7502068e+02
   7.4928379e-01   1.7552068e+02
   7.4875477e-01   1.7602068e+02
   7.4822661e-01   1.7652068e+02
   7.4769930e-01   1.7702068e+02
   7.4717284e-01   1.7752068e+02
   7.4664722e-01   1.7802068e+02
   7.4612245e-01   1.7852068e+02
   7.4559851e-01   1.7902068e+02
   7.4507542e-01   1.7952068e+02
   7.4455317e-01   1.8002068e+02
   7.4403175e-01   1.8052068e+02
   7.4351117e-01   1.8102068e+02
   7.4299142e-01   1.8152068e+02
   7.4247251e-01   1.8202068e+02
   7.4195442e-01   1.8252068e+02
   7.4143716e-01   1.8302068e+02
   7.4092073e-01   1.8352068e+02
   7.4040512e-01   1.8402068e+02
   7.3989034e-01   1.8452068e+02
   7.3937637e-01   1.8502068e+02
   7.3886323e-01   1.8552068e+02
   7.3835090e-01   1.8602068e+02
   7.3783939e-01   1.8652068e+02
   7.3732869e-01   1.8702068e+02
   7.3681881e-01   1.8752068e+02
   7.3630973e-01   1.8802068e+02
   7.3580147e-01   1.8852068e+02
   7.3529401e-01   1.8902068e+02
   7.3478736e-01   1.8952068e+02
   7.3428151e-01   1.9002068e+02
   7.3377646e-01   1.9052068e+02
   7.3327222e-01   1.9102068e+02
   7.3276877e-01   1.9152068e+02
   7.3226612e-01   1.9202068e+02
   7.3176426e-01   1.9252068e+02
   7.3126320e-01   1.9302068e+02
   7.3076293e-01   1.9352068e+02
   7.3026345e-01   1.9402068e+02
   7.2976475e-01   1.9452068e+02
   7.2926685e-01   1.9502068e+02
   7.2876972e-01   1.9552068e+02
   7.2827338e-01   1.9602068e+02
   7.2777782e-01   1.9652068e+02
   7.2728305e-01   1.9702068e+02
   7.2678904e-01   1.9752068e+02
   7.2629582e-01   1.9802068e+02
   7.2580337e-01   1.9852068e+02
   7.2531169e-01   1.9902068e+02
   7.2482078e-01   1.9952068e+02
   7.2433064e-01   2.0002068e+02
   7.2384127e-01   2.0052068e+02
   7.2335266e-01   2.0102068e+02
   7.2286482e-01   2.0152068e+02
   7.2237774e-01   2.0202068e+02
   7.2189142e-01   2.0252068e+02
   7.2140586e-01   2.0302068e+02
   7.2092106e-01   2.0352068e+02
   7.2043701e-01   2.0402068e+02
   7.1995371e-01   2.0452068e+02
   7.1947117e-01   2.0502068e+02
   7.1898938e-01   2.0552068e+02
   7.1850833e-01   2.0602068e+02
   7.1802803e-01   2.0652068e+02
   7.1754848e-01   2.0702068e+02
   7.1706967e-01   2.0752068e+02
   7.1659160e-01   2.0802068e+02
   7.1611427e-01   2.0852068e+02
   7.1563768e-01   2.0902068e+02
   7.1516183e-01   2.0952068e+02
   7.1468671e-01   2.1002068e+02
   7.1421233e-01   2.1052068e+02
   7.1373867e-01   2.1102068e+02
   7.1326575e-01   2.1152068e+02
   7.1279355e-01   2.1202068e+02
   7.1232208e-01   2.1252068e+02
   7.1185134e-01   2.1302068e+02
   7.1138132e-01   2.1352068e+02
   7.1091202e-01   2.1402068e+02
   7.1044343e-01   2.1452068e+02
   7.0997557e-01   2.1502068e+02
   7.0950842e-01   2.1552068e+02
   7.0904199e-01   2.1602068e+02
   7.0857627e-01   2.1652068e+02
   7.0811126e-01   2.1702068e+02
   7.0764696e-01   2.1752068e+02
   7.0718337e-01   2.1802068e+02
   7.0672048e-01   2.1852068e+02
   7.0625830e-01   2.1902068e+02
   7.0579682e-01   2.1952068e+02
   7.0533605e-01   2.2002068e+02
   7.0487597e-01   2.2052068e+02
   7.0441659e-01   2.2102068e+02
   7.0395790e-01   2.2152068e+02
   7.0349991e-01   2.2202068e+02
   7.0304262e-01   2.2252068e+02
   7.0258601e-01   2.2302068e+02
   7.0213009e-01   2.2352068e+02
   7.0167487e-01   2.2402068e+02
   7.0122032e-01   2.2452068e+02
   7.0076646e-01   2.2502068e+02
   7.0031329e-01   2.2552068e+02
   6.9986079e-01   2.2602068e+02
   6.9940898e-01   2.2652068e+02
   6.9895784e-01   2.2702068e+02
   6.9850738e-01   2.2752068e+02
   6.9805759e-01   2.2802068e+02
   6.9760848e-01   2.2852068e+02
   6.9716004e-01   2.2902068e+02
   6.9671226e-01   2.2952068e+02
   6.9626516e-01   2.3002068e+02
   6.9581872e-01   2.3052068e+02
   6.9537294e-01   2.3102068e+02
   6.9492783e-01   2.3152068e+02
   6.9448338e-01   2.3202068e+02
   6.9403959e-01   2.3252068e+02
   6.9359646e-01   2.3302068e+02
   6.9315398e-01   2.3352068e+02
   6.9271216e-01   2.3402068e+02
   6.9227099e-01   2.3452068e+02
   6.9183048e-01   2.3502068e+02
   6.9139061e-01   2.3552068e+02
   6.9095139e-01   2.3602068e+02
   6.9051282e-01   2.3652068e+02
   6.9007490e-01   2.3702068e+02
   6.8963761e-01   2.3752068e+02
   6.8920097e-01   2.3802068e+02
   6.8876497e-01   2.3852068e+02
   6.8832961e-01   2.3902068e+02
   6.8789489e-01   2.3952068e+02
   6.8746080e-01   2.4002068e+02
   6.8702734e-01   2.4052068e+02
   6.8659452e-01   2.4102068e+02
   6.8616232e-01   2.4152068e+02
   6.8573076e-01   2.4202068e+02
   6.8529982e-01   2.4252068e+02
   6.8486951e-01   2.4302068e+02
   6.8443983e-01   2.4352068e+02
   6.8401076e-01   2.4402068e+02
   6.8358232e-01   2.4452068e+02
   6.8315450e-01   2.4502068e+02
   6.8272729e-01   2.4552068e+02
   6.8230070e-01   2.4602068e+02
   6.8187473e-01   2.4652068e+02
   6.8144936e-01   2.4702068e+02
   6.8102461e-01   2.4752068e+02
   6.8060047e-01   2.4802068e+02
   6.8017694e-01   2.4852068e+02
   6.7975402e-01   2.4902068e+02
   6.7933170e-01   2.4952068e+02
   6.7890998e-01   2.5002068e+02
   6.7848887e-01   2.5052068e+02
   6.7806835e-01   2.5102068e+02
   6.7764844e-01   2.5152068e+02
   6.7722912e-01   2.5202068e+02
   6.7681040e-01   2.5252068e+02
   6.7639227e-01   2.5302068e+02
   6.7597474e-01   2.5352068e+02
   6.7555780e-01   2.5402068e+02
   6.7514144e-01   2.5452068e+02
   6.7472568e-01   2.5502068e+02
   6.7431050e-01   2.5552068e+02
   6.7389590e-01   2.5602068e+02
   6.7348189e-01   2.5652068e+02
   6.7306846e-01   2.5702068e+02
   6.7265562e-01   2.5752068e+02
   6.7224335e-01   2.5802068e+02
   6.7183165e-01   2.5852068e+02
   6.7142054e-01   2.5902068e+02
   6.7100999e-01   2.5952068e+02
   6.7060002e-01   2.6002068e+02
   6.7019063e-01   2.6052068e+02
   6.6978180e-01   2.6102068e+02
   6.6937354e-01   2.6152068e+02
   6.6896584e-01   2.6202068e+02
   6.6855871e-01   2.6252068e+02
   6.6815215e-01   2.6302068e+02
   6.6774614e-01   2.6352068e+02
   6.6734070e-01   2.6402068e+02
   6.6693582e-01   2.6452068e+02
   6.6653149e-01   2.6502068e+02
   6.6612772e-01   2.6552068e+02
   6.6572451e-01   2.6602068e+02
   6.6532184e-01   2.6652068e+02
   6.6491973e-01   2.6702068e+02
   6.6451817e-01   2.6752068e+02
   6.6411716e-01   2.6802068e+02
   6.6371669e-01   2.6852068e+02
   6.6331677e-01   2.6902068e+02
   6.6291739e-01   2.6952068e+02
   6.6251856e-01   2.7002068e+02
   6.6212027e-01   2.7052068e+02
   6.6172252e-01   2.7102068e+02
   6.6132530e-01   2.7152068e+02
   6.6092862e-01   2.7202068e+02
   6.6053248e-01   2.7252068e+02
   6.6013687e-01   2.7302068e+02
   6.5974179e-01   2.7352068e+02
   6.5934725e-01   2.7402068e+02
   6.5895323e-01   2.7452068e+02
   6.5855974e-01   2.7502068e+02
   6.5816678e-01   2.7552068e+02
   6.5777434e-01   2.7602068e+02
   6.5738243e-01   2.7652068e+02
   6.5699103e-01   2.7702068e+02
   6.5660016e-01   2.7752068e+02
   6.5620981e-01   2.7802068e+02
   6.5581997e-01   2.7852068e+02
   6.5543066e-01   2.7902068e+02
   6.5504185e-01   2.7952068e+02
   6.5465356e-01   2.8002068e+02
   6.5426578e-01   2.8052068e+02
   6.5387851e-01   2.8102068e+02
   6.5349176e-01   2.8152068e+02
   6.5310550e-01   2.8202068e+02
   6.5271976e-01   2.8252068e+02
   6.5233452e-01   2.8302068e+02
   6.5194978e-01   2.8352068e+02
   6.5156555e-01   2.8402068e+02
   6.5118181e-01   2.8452068e+02
   6.5079857e-01   2.8502068e+02
   6.5041584e-01   2.8552068e+02
   6.5003359e-01   2.8602068e+02
   6.4965185e-01   2.8652068e+02
   6.4927059e-01   2.8702068e+02
   6.4888983e-01   2.8752068e+02
   6.4850956e-01   2.8802068e+02
   6.4812978e-01   2.8852068e+02
   6.4775049e-01   2.8902068e+02
   6.4737168e-01   2.8952068e+02
   6.4699336e-01   2.9002068e+02
   6.4661552e-01   2.9052068e+02
   6.4623816e-01   2.9102068e+02
   6.4586129e-01   2.9152068e+02
   6.4548489e-01   2.9202068e+02
   6.4510897e-01   2.9252068e+02
   6.4473353e-01   2.9302068e+02
   6.4435856e-01   2.9352068e+02
   6.4398407e-01   2.9402068e+02
   6.4361005e-01   2.9452068e+02
   6.4323651e-01   2.9502068e+02
   6.4286343e-01   2.9552068e+02
   6.4249082e-01   2.9602068e+02
   6.4211868e-01   2.9652068e+02
   6.4174700e-01   2.9702068e+02
   6.4137579e-01   2.9752068e+02
   6.4100504e-01   2.9802068e+02
   6.4063475e-01   2.9852068e+02
   6.4026492e-01   2.9902068e+02
   6.3989556e-01   2.9952068e+02
   6.3952665e-01   3.0002068e+02
   6.3915819e-01   3.0052068e+02
   6.3879019e-01   3.0102068e+02
   6.3842265e-01   3.0152068e+02
   6.3805556e-01   3.0202068e+02
   6.3768891e-01   3.0252068e+02
   6.3732272e-01   3.0302068e+02
   6.3695698e-01   3.0352068e+02
   6.3659168e-01   3.0402068e+02
   6.3622683e-01   3.0452068e+02
   6.3586243e-01   3.0502068e+02
   6.3549846e-01   3.0552068e+02
   6.3513494e-01   3.0602068e+02
   6.3477186e-01   3.0652068e+02
   6.3440922e-01   3.0702068e+02
   6.3404701e-01   3.0752068e+02
   6.3368525e-01   3.0802068e+02
   6.3332391e-01   3.0852068e+02
   6.3296301e-01   3.0902068e+02
   6.3260255e-01   3.0952068e+02
   6.3224251e-01   3.1002068e+02
   6.3188291e-01   3.1052068e+02
   6.3152373e-01   3.1102068e+02
   6.3116499e-01   3.1152068e+02
   6.3080666e-01   3.1202068e+02
   6.3044877e-01   3.1252068e+02
   6.3009129e-01   3.1302068e+02
   6.2973424e-01   3.1352068e+02
   6.2937761e-01   3.1402068e+02
   6.2902140e-01   3.1452068e+02
   6.2866561e-01   3.1502068e+02
   6.2831024e-01   3.1552068e+02
   6.2795528e-01   3.1602068e+02
   6.2760073e-01   3.1652068e+02
   6.2724660e-01   3.1702068e+02
   6.2689288e-01   3.1752068e+02
   6.2653958e-01   3.1802068e+02
   6.2618668e-01   3.1852068e+02
   6.2583419e-01   3.1902068e+02
   6.2548211e-01   3.1952068e+02
   6.2513043e-01   3.2002068e+02
   6.2477916e-01   3.2052068e+02
   6.2442829e-01   3.2102068e+02
   6.2407783e-01   3.2152068e+02
   6.2372776e-01   3.2202068e+02
   6.2337810e-01   3.2252068e+02
   6.2302883e-01   3.2302068e+02
   6.2267996e-01   3.2352068e+02
   6.2233149e-01   3.2402068e+02
   6.2198341e-01   3.2452068e+02
   6.2163573e-01   3.2502068e+02
   6.2128844e-01   3.2552068e+02
   6.2094154e-01   3.2602068e+02
   6.2059503e-01   3.2652068e+02
   6.2024891e-01   3.2702068e+02
   6.1990317e-01   3.2752068e+02
   6.1955782e-01   3.2802068e+02
   6.1921286e-01   3.2852068e+02
   6.1886828e-01   3.2902068e+02
   6.1852409e-01   3.2952068e+02
   6.1818027e-01   3.3002068e+02
   6.1783684e-01   3.3052068e+02
   6.1749378e-01   3.3102068e+02
   6.1715111e-01   3.3152068e+02
   6.1680881e-01   3.3202068e+02
   6.1646688e-01   3.3252068e+02
   6.1612533e-01   3.3302068e+02
   6.1578415e-01   3.3352068e+02
   6.1544335e-01   3.3402068e+02
   6.1510292e-01   3.3452068e+02
   6.1476285e-01   3.3502068e+02
   6.1442316e-01   3.3552068e+02
   6.1408383e-01   3.3602068e+02
   6.1374487e-01   3.3652068e+02
   6.1340627e-01   3.3702068e+02
   6.1306804e-01   3.3752068e+02
   6.1273017e-01   3.3802068e+02
   6.1239266e-01   3.3852068e+02
   6.1205551e-01   3.3902068e+02
   6.1171872e-01   3.3952068e+02
   6.1138229e-01   3.4002068e+02
   6.1104622e-01   3.4052068e+02
   6.1071050e-01   3.4102068e+02
   6.1037514e-01   3.4152068e+02
   6.1004013e-01   3.4202068e+02
   6.0970548e-01   3.4252068e+02
   6.0937117e-01   3.4302068e+02
   6.0903722e-01   3.4352068e+02
   6.0870361e-01   3.4402068e+02
   6.0837035e-01   3.4452068e+02
   6.0803744e-01   3.4502068e+02
   6.0770488e-01   3.4552068e+02
   6.0737266e-01   3.4602068e+02
   6.0704078e-01   3.4652068e+02
   6.0670925e-01   3.4702068e+02
   6.0637805e-01   3.4752068e+02
   6.0604720e-01   3.4802068e+02
   6.0571669e-01   3.4852068e+02
   6.0538651e-01   3.4902068e+02
   6.0505667e-01   3.4952068e+02
   6.0472717e-01   3.5002068e+02
   6.0439800e-01   3.5052068e+02
   6.0406917e-01   3.5102068e+02
   6.0374066e-01   3.5152068e+02
   6.0341249e-01   3.5202068e+02
   6.0308465e-01   3.5252068e+02
   6.0275714e-01   3.5302068e+02
   6.0242996e-01   3.5352068e+02
   6.0210310e-01   3.5402068e+02
   6.0177657e-01   3.5452068e+02
   6.0145037e-01   3.5502068e+02
   6.0112449e-01   3.5552068e+02
   6.0079893e-01   3.5602068e+02
   6.0047369e-01   3.5652068e+02
   6.0014878e-01   3.5702068e+02
   5.9982418e-01   3.5752068e+02
   5.9949991e-01   3.5802068e+02
   5.9917595e-01   3.5852068e+02
   5.9885230e-01   3.5902068e+02
   5.9852897e-01   3.5952068e+02
   5.9820596e-01   3.6002068e+02
   5.9788326e-01   3.6052068e+02
   5.9756087e-01   3.6102068e+02
   5.9723880e-01   3.6152068e+02
   5.9691703e-01   3.6202068e+02
   5.9659557e-01   3.6252068e+02
   5.9627442e-01   3.6302068e+02
   5.9595358e-01   3.6352068e+02
   5.9563305e-01   3.6402068e+02
   5.9531282e-01   3.6452068e+02
   5.9499289e-01   3.6502068e+02
   5.9467327e-01   3.6552068e+02
   5.9435395e-01   3.6602068e+02
   5.9403493e-01   3.6652068e+02
   5.9371621e-01   3.6702068e+02
   5.9339778e-01   3.6752068e+02
   5.9307966e-01   3.6802068e+02
   5.9276183e-01   3.6852068e+02
   5.9244430e-01   3.6902068e+02
   5.9212707e-01   3.6952068e+02
   5.9181013e-01   3.7002068e+02
   5.9149348e-01   3.7052068e+02
   5.9117712e-01   3.7102068e+02
   5.9086106e-01   3.7152068e+02
   5.9054528e-01   3.7202068e+02
   5.9022980e-01   3.7252068e+02
   5.8991460e-01   3.7302068e+02
   5.8959969e-01   3.7352068e+02
   5.8928506e-01   3.7402068e+02
   5.8897072e-01   3.7452068e+02
   5.8865666e-01   3.7502068e+02
   5.8834289e-01   3.7552068e+02
   5.8802940e-01   3.7602068e+02
   5.8771619e-01   3.7652068e+02
   5.8740326e-01   3.7702068e+02
   5.8709061e-01   3.7752068e+02
   5.8677824e-01   3.7802068e+02
   5.8646615e-01   3.7852068e+02
   5.8615433e-01   3.7902068e+02
   5.8584279e-01   3.7952068e+02
   5.8553152e-01   3.8002068e+02
   5.8522053e-01   3.8052068e+02
   5.8490980e-01   3.8102068e+02
   5.8459935e-01   3.8152068e+02
   5.8428918e-01   3.8202068e+02
   5.8397927e-01   3.8252068e+02
   5.8366963e-01   3.8302068e+02
   5.8336025e-01   3.8352068e+02
   5.8305115e-01   3.8402068e+02
   5.8274231e-01   3.8452068e+02
   5.8243373e-01   3.8502068e+02
   5.8212542e-01   3.8552068e+02
   5.8181738e-01   3.8602068e+02
   5.8150959e-01   3.8652068e+02
   5.8120207e-01   3.8702068e+02
   5.8089481e-01   3.8752068e+02
   5.8058781e-01   3.8802068e+02
   5.8028106e-01   3.8852068e+02
   5.7997458e-01   3.8902068e+02
   5.7966835e-01   3.8952068e+02
   5.7936237e-01   3.9002068e+02
   5.7905666e-01   3.9052068e+02
   5.7875119e-01   3.9102068e+02
   5.7844598e-01   3.9152068e+02
   5.7814102e-01   3.9202068e+02
   5.7783632e-01   3.9252068e+02
   5.7753186e-01   3.9302068e+02
   5.7722765e-01   3.9352068e+02
   5.7692370e-01   3.9402068e+02
   5.7661999e-01   3.9452068e+02
   5.7631653e-01   3.9502068e+02
   5.7601331e-01   3.9552068e+02
   5.7571034e-01   3.9602068e+02
   5.7540761e-01   3.9652068e+02
   5.7510513e-01   3.9702068e+02
   5.7480289e-01   3.9752068e+02
   5.7450089e-01   3.9802068e+02
   5.7419913e-01   3.9852068e+02
   5.7389762e-01   3.9902068e+02
