   2.2092024e+00   1.2525110e+00  -2.9597932e+02
   2.2067771e+00   1.2522529e+00  -2.9547932e+02
   2.2043556e+00   1.2519961e+00  -2.9497932e+02
   2.2019379e+00   1.2517405e+00  -2.9447932e+02
   2.1995239e+00   1.2514862e+00  -2.9397932e+02
   2.1971136e+00   1.2512331e+00  -2.9347932e+02
   2.1947071e+00   1.2509813e+00  -2.9297932e+02
   2.1923043e+00   1.2507308e+00  -2.9247932e+02
   2.1899052e+00   1.2504815e+00  -2.9197932e+02
   2.1875099e+00   1.2502335e+00  -2.9147932e+02
   2.1851183e+00   1.2499868e+00  -2.9097932e+02
   2.1827304e+00   1.2497413e+00  -2.9047932e+02
   2.1803462e+00   1.2494970e+00  -2.8997932e+02
   2.1779658e+00   1.2492541e+00  -2.8947932e+02
   2.1755891e+00   1.2490124e+00  -2.8897932e+02
   2.1732161e+00   1.2487719e+00  -2.8847932e+02
   2.1708468e+00   1.2485328e+00  -2.8797932e+02
   2.1684812e+00   1.2482949e+00  -2.8747932e+02
   2.1661193e+00   1.2480582e+00  -2.8697932e+02
   2.1637612e+00   1.2478229e+00  -2.8647932e+02
   2.1614067e+00   1.2475888e+00  -2.8597932e+02
   2.1590560e+00   1.2473560e+00  -2.8547932e+02
   2.1567089e+00   1.2471245e+00  -2.8497932e+02
   2.1543655e+00   1.2468942e+00  -2.8447932e+02
   2.1520259e+00   1.2466652e+00  -2.8397932e+02
   2.1496899e+00   1.2464375e+00  -2.8347932e+02
   2.1473577e+00   1.2462111e+00  -2.8297932e+02
   2.1450291e+00   1.2459859e+00  -2.8247932e+02
   2.1427042e+00   1.2457620e+00  -2.8197932e+02
   2.1403830e+00   1.2455394e+00  -2.8147932e+02
   2.1380654e+00   1.2453181e+00  -2.8097932e+02
   2.1357516e+00   1.2450981e+00  -2.8047932e+02
   2.1334414e+00   1.2448793e+00  -2.7997932e+02
   2.1311349e+00   1.2446618e+00  -2.7947932e+02
   2.1288321e+00   1.2444457e+00  -2.7897932e+02
   2.1265330e+00   1.2442308e+00  -2.7847932e+02
   2.1242375e+00   1.2440172e+00  -2.7797932e+02
   2.1219457e+00   1.2438048e+00  -2.7747932e+02
   2.1196575e+00   1.2435938e+00  -2.7697932e+02
   2.1173731e+00   1.2433840e+00  -2.7647932e+02
   2.1150922e+00   1.2431756e+00  -2.7597932e+02
   2.1128151e+00   1.2429684e+00  -2.7547932e+02
   2.1105416e+00   1.2427626e+00  -2.7497932e+02
   2.1082717e+00   1.2425580e+00  -2.7447932e+02
   2.1060055e+00   1.2423547e+00  -2.7397932e+02
   2.1037430e+00   1.2421527e+00  -2.7347932e+02
   2.1014841e+00   1.2419520e+00  -2.7297932e+02
   2.0992288e+00   1.2417526e+00  -2.7247932e+02
   2.0969772e+00   1.2415545e+00  -2.7197932e+02
   2.0947292e+00   1.2413578e+00  -2.7147932e+02
   2.0924849e+00   1.2411623e+00  -2.7097932e+02
   2.0902442e+00   1.2409681e+00  -2.7047932e+02
   2.0880071e+00   1.2407752e+00  -2.6997932e+02
   2.0857737e+00   1.2405836e+00  -2.6947932e+02
   2.0835438e+00   1.2403933e+00  -2.6897932e+02
   2.0813177e+00   1.2402043e+00  -2.6847932e+02
   2.0790951e+00   1.2400167e+00  -2.6797932e+02
   2.0768762e+00   1.2398303e+00  -2.6747932e+02
   2.0746609e+00   1.2396452e+00  -2.6697932e+02
   2.0724492e+00   1.2394615e+00  -2.6647932e+02
   2.0702411e+00   1.2392791e+00  -2.6597932e+02
   2.0680366e+00   1.2390979e+00  -2.6547932e+02
   2.0658358e+00   1.2389181e+00  -2.6497932e+02
   2.0636385e+00   1.2387396e+00  -2.6447932e+02
   2.0614449e+00   1.2385624e+00  -2.6397932e+02
   2.0592548e+00   1.2383866e+00  -2.6347932e+02
   2.0570684e+00   1.2382120e+00  -2.6297932e+02
   2.0548856e+00   1.2380388e+00  -2.6247932e+02
   2.0527063e+00   1.2378668e+00  -2.6197932e+02
   2.0505307e+00   1.2376962e+00  -2.6147932e+02
   2.0483587e+00   1.2375270e+00  -2.6097932e+02
   2.0461902e+00   1.2373590e+00  -2.6047932e+02
   2.0440253e+00   1.2371924e+00  -2.5997932e+02
   2.0418641e+00   1.2370270e+00  -2.5947932e+02
   2.0397064e+00   1.2368630e+00  -2.5897932e+02
   2.0375523e+00   1.2367004e+00  -2.5847932e+02
   2.0354017e+00   1.2365390e+00  -2.5797932e+02
   2.0332548e+00   1.2363790e+00  -2.5747932e+02
   2.0311114e+00   1.2362203e+00  -2.5697932e+02
   2.0289716e+00   1.2360630e+00  -2.5647932e+02
   2.0268354e+00   1.2359069e+00  -2.5597932e+02
   2.0247027e+00   1.2357522e+00  -2.5547932e+02
   2.0225736e+00   1.2355988e+00  -2.5497932e+02
   2.0204481e+00   1.2354468e+00  -2.5447932e+02
   2.0183261e+00   1.2352961e+00  -2.5397932e+02
   2.0162077e+00   1.2351467e+00  -2.5347932e+02
   2.0140928e+00   1.2349987e+00  -2.5297932e+02
   2.0119815e+00   1.2348520e+00  -2.5247932e+02
   2.0098738e+00   1.2347066e+00  -2.5197932e+02
   2.0077696e+00   1.2345626e+00  -2.5147932e+02
   2.0056690e+00   1.2344199e+00  -2.5097932e+02
   2.0035719e+00   1.2342786e+00  -2.5047932e+02
   2.0014783e+00   1.2341386e+00  -2.4997932e+02
   1.9993883e+00   1.2339999e+00  -2.4947932e+02
   1.9973018e+00   1.2338626e+00  -2.4897932e+02
   1.9952189e+00   1.2337266e+00  -2.4847932e+02
   1.9931395e+00   1.2335920e+00  -2.4797932e+02
   1.9910636e+00   1.2334587e+00  -2.4747932e+02
   1.9889913e+00   1.2333268e+00  -2.4697932e+02
   1.9869225e+00   1.2331962e+00  -2.4647932e+02
   1.9848572e+00   1.2330669e+00  -2.4597932e+02
   1.9827954e+00   1.2329390e+00  -2.4547932e+02
   1.9807372e+00   1.2328125e+00  -2.4497932e+02
   1.9786825e+00   1.2326873e+00  -2.4447932e+02
   1.9766313e+00   1.2325635e+00  -2.4397932e+02
   1.9745836e+00   1.2324410e+00  -2.4347932e+02
   1.9725394e+00   1.2323198e+00  -2.4297932e+02
   1.9704988e+00   1.2322001e+00  -2.4247932e+02
   1.9684616e+00   1.2320816e+00  -2.4197932e+02
   1.9664280e+00   1.2319646e+00  -2.4147932e+02
   1.9643978e+00   1.2318489e+00  -2.4097932e+02
   1.9623712e+00   1.2317345e+00  -2.4047932e+02
   1.9603481e+00   1.2316215e+00  -2.3997932e+02
   1.9583284e+00   1.2315099e+00  -2.3947932e+02
   1.9563123e+00   1.2313997e+00  -2.3897932e+02
   1.9542996e+00   1.2312908e+00  -2.3847932e+02
   1.9522905e+00   1.2311832e+00  -2.3797932e+02
   1.9502848e+00   1.2310771e+00  -2.3747932e+02
   1.9482826e+00   1.2309723e+00  -2.3697932e+02
   1.9462839e+00   1.2308688e+00  -2.3647932e+02
   1.9442887e+00   1.2307668e+00  -2.3597932e+02
   1.9422969e+00   1.2306661e+00  -2.3547932e+02
   1.9403087e+00   1.2305667e+00  -2.3497932e+02
   1.9383239e+00   1.2304688e+00  -2.3447932e+02
   1.9363426e+00   1.2303722e+00  -2.3397932e+02
   1.9343647e+00   1.2302770e+00  -2.3347932e+02
   1.9323903e+00   1.2301831e+00  -2.3297932e+02
   1.9304194e+00   1.2300907e+00  -2.3247932e+02
   1.9284520e+00   1.2299996e+00  -2.3197932e+02
   1.9264880e+00   1.2299099e+00  -2.3147932e+02
   1.9245274e+00   1.2298215e+00  -2.3097932e+02
   1.9225704e+00   1.2297346e+00  -2.3047932e+02
   1.9206168e+00   1.2296490e+00  -2.2997932e+02
   1.9186666e+00   1.2295648e+00  -2.2947932e+02
   1.9167199e+00   1.2294820e+00  -2.2897932e+02
   1.9147766e+00   1.2294006e+00  -2.2847932e+02
   1.9128368e+00   1.2293205e+00  -2.2797932e+02
   1.9109004e+00   1.2292419e+00  -2.2747932e+02
   1.9089675e+00   1.2291646e+00  -2.2697932e+02
   1.9070380e+00   1.2290887e+00  -2.2647932e+02
   1.9051119e+00   1.2290142e+00  -2.2597932e+02
   1.9031893e+00   1.2289411e+00  -2.2547932e+02
   1.9012701e+00   1.2288694e+00  -2.2497932e+02
   1.8993544e+00   1.2287990e+00  -2.2447932e+02
   1.8974420e+00   1.2287301e+00  -2.2397932e+02
   1.8955331e+00   1.2286625e+00  -2.2347932e+02
   1.8936276e+00   1.2285964e+00  -2.2297932e+02
   1.8917256e+00   1.2285316e+00  -2.2247932e+02
   1.8898269e+00   1.2284682e+00  -2.2197932e+02
   1.8879317e+00   1.2284062e+00  -2.2147932e+02
   1.8860399e+00   1.2283457e+00  -2.2097932e+02
   1.8841515e+00   1.2282865e+00  -2.2047932e+02
   1.8822665e+00   1.2282287e+00  -2.1997932e+02
   1.8803849e+00   1.2281723e+00  -2.1947932e+02
   1.8785067e+00   1.2281173e+00  -2.1897932e+02
   1.8766320e+00   1.2280638e+00  -2.1847932e+02
   1.8747606e+00   1.2280116e+00  -2.1797932e+02
   1.8728926e+00   1.2279608e+00  -2.1747932e+02
   1.8710280e+00   1.2279114e+00  -2.1697932e+02
   1.8691669e+00   1.2278635e+00  -2.1647932e+02
   1.8673091e+00   1.2278169e+00  -2.1597932e+02
   1.8654547e+00   1.2277718e+00  -2.1547932e+02
   1.8636037e+00   1.2277280e+00  -2.1497932e+02
   1.8617560e+00   1.2276857e+00  -2.1447932e+02
   1.8599118e+00   1.2276448e+00  -2.1397932e+02
   1.8580709e+00   1.2276053e+00  -2.1347932e+02
   1.8562334e+00   1.2275672e+00  -2.1297932e+02
   1.8543993e+00   1.2275305e+00  -2.1247932e+02
   1.8525686e+00   1.2274952e+00  -2.1197932e+02
   1.8507412e+00   1.2274614e+00  -2.1147932e+02
   1.8489173e+00   1.2274290e+00  -2.1097932e+02
   1.8470966e+00   1.2273979e+00  -2.1047932e+02
   1.8452794e+00   1.2273683e+00  -2.0997932e+02
   1.8434655e+00   1.2273402e+00  -2.0947932e+02
   1.8416550e+00   1.2273134e+00  -2.0897932e+02
   1.8398478e+00   1.2272881e+00  -2.0847932e+02
   1.8380440e+00   1.2272641e+00  -2.0797932e+02
   1.8362435e+00   1.2272416e+00  -2.0747932e+02
   1.8344464e+00   1.2272206e+00  -2.0697932e+02
   1.8326526e+00   1.2272009e+00  -2.0647932e+02
   1.8308622e+00   1.2271827e+00  -2.0597932e+02
   1.8290751e+00   1.2271659e+00  -2.0547932e+02
   1.8272914e+00   1.2271505e+00  -2.0497932e+02
   1.8255110e+00   1.2271366e+00  -2.0447932e+02
   1.8237340e+00   1.2271241e+00  -2.0397932e+02
   1.8219603e+00   1.2271130e+00  -2.0347932e+02
   1.8201899e+00   1.2271034e+00  -2.0297932e+02
   1.8184229e+00   1.2270952e+00  -2.0247932e+02
   1.8166591e+00   1.2270884e+00  -2.0197932e+02
   1.8148987e+00   1.2270830e+00  -2.0147932e+02
   1.8131417e+00   1.2270791e+00  -2.0097932e+02
   1.8113879e+00   1.2270767e+00  -2.0047932e+02
   1.8096375e+00   1.2270756e+00  -1.9997932e+02
   1.8078904e+00   1.2270760e+00  -1.9947932e+02
   1.8061466e+00   1.2270779e+00  -1.9897932e+02
   1.8044062e+00   1.2270812e+00  -1.9847932e+02
   1.8026690e+00   1.2270859e+00  -1.9797932e+02
   1.8009352e+00   1.2270921e+00  -1.9747932e+02
   1.7992046e+00   1.2270997e+00  -1.9697932e+02
   1.7974774e+00   1.2271087e+00  -1.9647932e+02
   1.7957535e+00   1.2271192e+00  -1.9597932e+02
   1.7940328e+00   1.2271312e+00  -1.9547932e+02
   1.7923155e+00   1.2271446e+00  -1.9497932e+02
   1.7906015e+00   1.2271594e+00  -1.9447932e+02
   1.7888907e+00   1.2271757e+00  -1.9397932e+02
   1.7871833e+00   1.2271935e+00  -1.9347932e+02
   1.7854791e+00   1.2272126e+00  -1.9297932e+02
   1.7837782e+00   1.2272333e+00  -1.9247932e+02
   1.7820806e+00   1.2272554e+00  -1.9197932e+02
   1.7803863e+00   1.2272789e+00  -1.9147932e+02
   1.7786953e+00   1.2273040e+00  -1.9097932e+02
   1.7770075e+00   1.2273304e+00  -1.9047932e+02
   1.7753231e+00   1.2273583e+00  -1.8997932e+02
   1.7736419e+00   1.2273877e+00  -1.8947932e+02
   1.7719639e+00   1.2274185e+00  -1.8897932e+02
   1.7702893e+00   1.2274508e+00  -1.8847932e+02
   1.7686179e+00   1.2274846e+00  -1.8797932e+02
   1.7669498e+00   1.2275198e+00  -1.8747932e+02
   1.7652849e+00   1.2275565e+00  -1.8697932e+02
   1.7636233e+00   1.2275946e+00  -1.8647932e+02
   1.7619649e+00   1.2276343e+00  -1.8597932e+02
   1.7603098e+00   1.2276753e+00  -1.8547932e+02
   1.7586580e+00   1.2277179e+00  -1.8497932e+02
   1.7570094e+00   1.2277619e+00  -1.8447932e+02
   1.7553641e+00   1.2278074e+00  -1.8397932e+02
   1.7537220e+00   1.2278543e+00  -1.8347932e+02
   1.7520831e+00   1.2279027e+00  -1.8297932e+02
   1.7504475e+00   1.2279526e+00  -1.8247932e+02
   1.7488152e+00   1.2280040e+00  -1.8197932e+02
   1.7471861e+00   1.2280568e+00  -1.8147932e+02
   1.7455602e+00   1.2281111e+00  -1.8097932e+02
   1.7439375e+00   1.2281669e+00  -1.8047932e+02
   1.7423181e+00   1.2282242e+00  -1.7997932e+02
   1.7407019e+00   1.2282829e+00  -1.7947932e+02
   1.7390889e+00   1.2283431e+00  -1.7897932e+02
   1.7374792e+00   1.2284048e+00  -1.7847932e+02
   1.7358727e+00   1.2284680e+00  -1.7797932e+02
   1.7342694e+00   1.2285326e+00  -1.7747932e+02
   1.7326693e+00   1.2285988e+00  -1.7697932e+02
   1.7310724e+00   1.2286664e+00  -1.7647932e+02
   1.7294787e+00   1.2287355e+00  -1.7597932e+02
   1.7278883e+00   1.2288061e+00  -1.7547932e+02
   1.7263011e+00   1.2288782e+00  -1.7497932e+02
   1.7247170e+00   1.2289517e+00  -1.7447932e+02
   1.7231362e+00   1.2290268e+00  -1.7397932e+02
   1.7215586e+00   1.2291033e+00  -1.7347932e+02
   1.7199842e+00   1.2291813e+00  -1.7297932e+02
   1.7184130e+00   1.2292608e+00  -1.7247932e+02
   1.7168449e+00   1.2293419e+00  -1.7197932e+02
   1.7152801e+00   1.2294244e+00  -1.7147932e+02
   1.7137184e+00   1.2295083e+00  -1.7097932e+02
   1.7121600e+00   1.2295938e+00  -1.7047932e+02
   1.7106047e+00   1.2296808e+00  -1.6997932e+02
   1.7090526e+00   1.2297693e+00  -1.6947932e+02
   1.7075037e+00   1.2298593e+00  -1.6897932e+02
   1.7059580e+00   1.2299508e+00  -1.6847932e+02
   1.7044155e+00   1.2300437e+00  -1.6797932e+02
   1.7028761e+00   1.2301382e+00  -1.6747932e+02
   1.7013399e+00   1.2302342e+00  -1.6697932e+02
   1.6998069e+00   1.2303317e+00  -1.6647932e+02
   1.6982770e+00   1.2304307e+00  -1.6597932e+02
   1.6967503e+00   1.2305311e+00  -1.6547932e+02
   1.6952268e+00   1.2306331e+00  -1.6497932e+02
   1.6937064e+00   1.2307366e+00  -1.6447932e+02
   1.6921892e+00   1.2308416e+00  -1.6397932e+02
   1.6906752e+00   1.2309482e+00  -1.6347932e+02
   1.6891643e+00   1.2310562e+00  -1.6297932e+02
   1.6876566e+00   1.2311657e+00  -1.6247932e+02
   1.6861520e+00   1.2312768e+00  -1.6197932e+02
   1.6846505e+00   1.2313893e+00  -1.6147932e+02
   1.6831522e+00   1.2315034e+00  -1.6097932e+02
   1.6816571e+00   1.2316190e+00  -1.6047932e+02
   1.6801651e+00   1.2317361e+00  -1.5997932e+02
   1.6786762e+00   1.2318547e+00  -1.5947932e+02
   1.6771905e+00   1.2319748e+00  -1.5897932e+02
   1.6757079e+00   1.2320965e+00  -1.5847932e+02
   1.6742284e+00   1.2322196e+00  -1.5797932e+02
   1.6727521e+00   1.2323443e+00  -1.5747932e+02
   1.6712789e+00   1.2324705e+00  -1.5697932e+02
   1.6698088e+00   1.2325982e+00  -1.5647932e+02
   1.6683418e+00   1.2327275e+00  -1.5597932e+02
   1.6668780e+00   1.2328583e+00  -1.5547932e+02
   1.6654173e+00   1.2329906e+00  -1.5497932e+02
   1.6639597e+00   1.2331244e+00  -1.5447932e+02
   1.6625052e+00   1.2332597e+00  -1.5397932e+02
   1.6610539e+00   1.2333966e+00  -1.5347932e+02
   1.6596056e+00   1.2335350e+00  -1.5297932e+02
   1.6581605e+00   1.2336750e+00  -1.5247932e+02
   1.6567184e+00   1.2338164e+00  -1.5197932e+02
   1.6552795e+00   1.2339594e+00  -1.5147932e+02
   1.6538436e+00   1.2341040e+00  -1.5097932e+02
   1.6524109e+00   1.2342500e+00  -1.5047932e+02
   1.6509813e+00   1.2343976e+00  -1.4997932e+02
   1.6495547e+00   1.2345467e+00  -1.4947932e+02
   1.6481313e+00   1.2346974e+00  -1.4897932e+02
   1.6467109e+00   1.2348496e+00  -1.4847932e+02
   1.6452936e+00   1.2350034e+00  -1.4797932e+02
   1.6438794e+00   1.2351586e+00  -1.4747932e+02
   1.6424683e+00   1.2353155e+00  -1.4697932e+02
   1.6410603e+00   1.2354738e+00  -1.4647932e+02
   1.6396554e+00   1.2356337e+00  -1.4597932e+02
   1.6382535e+00   1.2357952e+00  -1.4547932e+02
   1.6368547e+00   1.2359582e+00  -1.4497932e+02
   1.6354590e+00   1.2361227e+00  -1.4447932e+02
   1.6340663e+00   1.2362888e+00  -1.4397932e+02
   1.6326767e+00   1.2364564e+00  -1.4347932e+02
   1.6312902e+00   1.2366256e+00  -1.4297932e+02
   1.6299068e+00   1.2367963e+00  -1.4247932e+02
   1.6285264e+00   1.2369686e+00  -1.4197932e+02
   1.6271491e+00   1.2371424e+00  -1.4147932e+02
   1.6257748e+00   1.2373178e+00  -1.4097932e+02
   1.6244036e+00   1.2374947e+00  -1.4047932e+02
   1.6230354e+00   1.2376732e+00  -1.3997932e+02
   1.6216703e+00   1.2378532e+00  -1.3947932e+02
   1.6203082e+00   1.2380348e+00  -1.3897932e+02
   1.6189492e+00   1.2382180e+00  -1.3847932e+02
   1.6175932e+00   1.2384027e+00  -1.3797932e+02
   1.6162403e+00   1.2385889e+00  -1.3747932e+02
   1.6148904e+00   1.2387768e+00  -1.3697932e+02
   1.6135435e+00   1.2389661e+00  -1.3647932e+02
   1.6121997e+00   1.2391571e+00  -1.3597932e+02
   1.6108589e+00   1.2393496e+00  -1.3547932e+02
   1.6095211e+00   1.2395437e+00  -1.3497932e+02
   1.6081864e+00   1.2397393e+00  -1.3447932e+02
   1.6068546e+00   1.2399365e+00  -1.3397932e+02
   1.6055260e+00   1.2401353e+00  -1.3347932e+02
   1.6042003e+00   1.2403356e+00  -1.3297932e+02
   1.6028776e+00   1.2405375e+00  -1.3247932e+02
   1.6015580e+00   1.2407409e+00  -1.3197932e+02
   1.6002414e+00   1.2409460e+00  -1.3147932e+02
   1.5989278e+00   1.2411526e+00  -1.3097932e+02
   1.5976172e+00   1.2413608e+00  -1.3047932e+02
   1.5963096e+00   1.2415705e+00  -1.2997932e+02
   1.5950050e+00   1.2417819e+00  -1.2947932e+02
   1.5937034e+00   1.2419948e+00  -1.2897932e+02
   1.5924048e+00   1.2422092e+00  -1.2847932e+02
   1.5911093e+00   1.2424253e+00  -1.2797932e+02
   1.5898167e+00   1.2426429e+00  -1.2747932e+02
   1.5885271e+00   1.2428621e+00  -1.2697932e+02
   1.5872405e+00   1.2430829e+00  -1.2647932e+02
   1.5859569e+00   1.2433053e+00  -1.2597932e+02
   1.5846763e+00   1.2435292e+00  -1.2547932e+02
   1.5833986e+00   1.2437548e+00  -1.2497932e+02
   1.5821240e+00   1.2439819e+00  -1.2447932e+02
   1.5808523e+00   1.2442106e+00  -1.2397932e+02
   1.5795836e+00   1.2444409e+00  -1.2347932e+02
   1.5783179e+00   1.2446727e+00  -1.2297932e+02
   1.5770551e+00   1.2449062e+00  -1.2247932e+02
   1.5757954e+00   1.2451412e+00  -1.2197932e+02
   1.5745386e+00   1.2453779e+00  -1.2147932e+02
   1.5732847e+00   1.2456161e+00  -1.2097932e+02
   1.5720339e+00   1.2458559e+00  -1.2047932e+02
   1.5707860e+00   1.2460973e+00  -1.1997932e+02
   1.5695410e+00   1.2463403e+00  -1.1947932e+02
   1.5682990e+00   1.2465849e+00  -1.1897932e+02
   1.5670600e+00   1.2468311e+00  -1.1847932e+02
   1.5658239e+00   1.2470789e+00  -1.1797932e+02
   1.5645908e+00   1.2473283e+00  -1.1747932e+02
   1.5633606e+00   1.2475793e+00  -1.1697932e+02
   1.5621334e+00   1.2478319e+00  -1.1647932e+02
   1.5609091e+00   1.2480860e+00  -1.1597932e+02
   1.5596878e+00   1.2483418e+00  -1.1547932e+02
   1.5584694e+00   1.2485992e+00  -1.1497932e+02
   1.5572539e+00   1.2488582e+00  -1.1447932e+02
   1.5560414e+00   1.2491188e+00  -1.1397932e+02
   1.5548318e+00   1.2493810e+00  -1.1347932e+02
   1.5536251e+00   1.2496448e+00  -1.1297932e+02
   1.5524214e+00   1.2499102e+00  -1.1247932e+02
   1.5512206e+00   1.2501772e+00  -1.1197932e+02
   1.5500227e+00   1.2504458e+00  -1.1147932e+02
   1.5488278e+00   1.2507161e+00  -1.1097932e+02
   1.5476357e+00   1.2509879e+00  -1.1047932e+02
   1.5464466e+00   1.2512614e+00  -1.0997932e+02
   1.5452604e+00   1.2515364e+00  -1.0947932e+02
   1.5440771e+00   1.2518131e+00  -1.0897932e+02
   1.5428967e+00   1.2520914e+00  -1.0847932e+02
   1.5417193e+00   1.2523713e+00  -1.0797932e+02
   1.5405447e+00   1.2526528e+00  -1.0747932e+02
   1.5393731e+00   1.2529360e+00  -1.0697932e+02
   1.5382043e+00   1.2532207e+00  -1.0647932e+02
   1.5370385e+00   1.2535071e+00  -1.0597932e+02
   1.5358755e+00   1.2537951e+00  -1.0547932e+02
   1.5347155e+00   1.2540847e+00  -1.0497932e+02
   1.5335583e+00   1.2543760e+00  -1.0447932e+02
   1.5324040e+00   1.2546688e+00  -1.0397932e+02
   1.5312526e+00   1.2549633e+00  -1.0347932e+02
   1.5301041e+00   1.2552594e+00  -1.0297932e+02
   1.5289585e+00   1.2555572e+00  -1.0247932e+02
   1.5278158e+00   1.2558566e+00  -1.0197932e+02
   1.5266759e+00   1.2561575e+00  -1.0147932e+02
   1.5255390e+00   1.2564602e+00  -1.0097932e+02
   1.5244049e+00   1.2567644e+00  -1.0047932e+02
   1.5232737e+00   1.2570703e+00  -9.9979315e+01
   1.5221453e+00   1.2573778e+00  -9.9479315e+01
   1.5210198e+00   1.2576870e+00  -9.8979315e+01
   1.5198972e+00   1.2579978e+00  -9.8479315e+01
   1.5187775e+00   1.2583102e+00  -9.7979315e+01
   1.5176606e+00   1.2586242e+00  -9.7479315e+01
   1.5165465e+00   1.2589399e+00  -9.6979315e+01
   1.5154354e+00   1.2592572e+00  -9.6479315e+01
   1.5143271e+00   1.2595762e+00  -9.5979315e+01
   1.5132216e+00   1.2598968e+00  -9.5479315e+01
   1.5121190e+00   1.2602191e+00  -9.4979315e+01
   1.5110192e+00   1.2605429e+00  -9.4479315e+01
   1.5099223e+00   1.2608685e+00  -9.3979315e+01
   1.5088283e+00   1.2611956e+00  -9.3479315e+01
   1.5077370e+00   1.2615245e+00  -9.2979315e+01
   1.5066486e+00   1.2618549e+00  -9.2479315e+01
   1.5055631e+00   1.2621870e+00  -9.1979315e+01
   1.5044804e+00   1.2625208e+00  -9.1479315e+01
   1.5034005e+00   1.2628562e+00  -9.0979315e+01
   1.5023234e+00   1.2631932e+00  -9.0479315e+01
   1.5012492e+00   1.2635319e+00  -8.9979315e+01
   1.5001778e+00   1.2638723e+00  -8.9479315e+01
   1.4991093e+00   1.2642143e+00  -8.8979315e+01
   1.4980435e+00   1.2645579e+00  -8.8479315e+01
   1.4969806e+00   1.2649032e+00  -8.7979315e+01
   1.4959205e+00   1.2652502e+00  -8.7479315e+01
   1.4948632e+00   1.2655988e+00  -8.6979315e+01
   1.4938087e+00   1.2659491e+00  -8.6479315e+01
   1.4927570e+00   1.2663010e+00  -8.5979315e+01
   1.4917082e+00   1.2666546e+00  -8.5479315e+01
   1.4906621e+00   1.2670099e+00  -8.4979315e+01
   1.4896189e+00   1.2673668e+00  -8.4479315e+01
   1.4885784e+00   1.2677254e+00  -8.3979315e+01
   1.4875408e+00   1.2680856e+00  -8.3479315e+01
   1.4865059e+00   1.2684475e+00  -8.2979315e+01
   1.4854739e+00   1.2688111e+00  -8.2479315e+01
   1.4844446e+00   1.2691763e+00  -8.1979315e+01
   1.4834181e+00   1.2695432e+00  -8.1479315e+01
   1.4823944e+00   1.2699118e+00  -8.0979315e+01
   1.4813735e+00   1.2702820e+00  -8.0479315e+01
   1.4803554e+00   1.2706539e+00  -7.9979315e+01
   1.4793401e+00   1.2710275e+00  -7.9479315e+01
   1.4783275e+00   1.2714027e+00  -7.8979315e+01
   1.4773178e+00   1.2717797e+00  -7.8479315e+01
   1.4763108e+00   1.2721583e+00  -7.7979315e+01
   1.4753065e+00   1.2725385e+00  -7.7479315e+01
   1.4743051e+00   1.2729205e+00  -7.6979315e+01
   1.4733064e+00   1.2733041e+00  -7.6479315e+01
   1.4723105e+00   1.2736894e+00  -7.5979315e+01
   1.4713173e+00   1.2740763e+00  -7.5479315e+01
   1.4703269e+00   1.2744650e+00  -7.4979315e+01
   1.4693393e+00   1.2748553e+00  -7.4479315e+01
   1.4683544e+00   1.2752473e+00  -7.3979315e+01
   1.4673723e+00   1.2756410e+00  -7.3479315e+01
   1.4663929e+00   1.2760364e+00  -7.2979315e+01
   1.4654163e+00   1.2764335e+00  -7.2479315e+01
   1.4644424e+00   1.2768322e+00  -7.1979315e+01
   1.4634713e+00   1.2772326e+00  -7.1479315e+01
   1.4625029e+00   1.2776347e+00  -7.0979315e+01
   1.4615373e+00   1.2780385e+00  -7.0479315e+01
   1.4605744e+00   1.2784440e+00  -6.9979315e+01
   1.4596142e+00   1.2788512e+00  -6.9479315e+01
   1.4586568e+00   1.2792601e+00  -6.8979315e+01
   1.4577021e+00   1.2796707e+00  -6.8479315e+01
   1.4567501e+00   1.2800829e+00  -6.7979315e+01
   1.4558009e+00   1.2804969e+00  -6.7479315e+01
   1.4548543e+00   1.2809125e+00  -6.6979315e+01
   1.4539106e+00   1.2813299e+00  -6.6479315e+01
   1.4529695e+00   1.2817489e+00  -6.5979315e+01
   1.4520311e+00   1.2821696e+00  -6.5479315e+01
   1.4510955e+00   1.2825921e+00  -6.4979315e+01
   1.4501626e+00   1.2830162e+00  -6.4479315e+01
   1.4492324e+00   1.2834420e+00  -6.3979315e+01
   1.4483049e+00   1.2838696e+00  -6.3479315e+01
   1.4473801e+00   1.2842988e+00  -6.2979315e+01
   1.4464580e+00   1.2847297e+00  -6.2479315e+01
   1.4455387e+00   1.2851624e+00  -6.1979315e+01
   1.4446220e+00   1.2855967e+00  -6.1479315e+01
   1.4437080e+00   1.2860328e+00  -6.0979315e+01
   1.4427967e+00   1.2864705e+00  -6.0479315e+01
   1.4418881e+00   1.2869100e+00  -5.9979315e+01
   1.4409823e+00   1.2873512e+00  -5.9479315e+01
   1.4400791e+00   1.2877941e+00  -5.8979315e+01
   1.4391785e+00   1.2882387e+00  -5.8479315e+01
   1.4382807e+00   1.2886850e+00  -5.7979315e+01
   1.4373856e+00   1.2891330e+00  -5.7479315e+01
   1.4364931e+00   1.2895827e+00  -5.6979315e+01
   1.4356033e+00   1.2900342e+00  -5.6479315e+01
   1.4347162e+00   1.2904873e+00  -5.5979315e+01
   1.4338318e+00   1.2909422e+00  -5.5479315e+01
   1.4329500e+00   1.2913988e+00  -5.4979315e+01
   1.4320709e+00   1.2918571e+00  -5.4479315e+01
   1.4311945e+00   1.2923172e+00  -5.3979315e+01
   1.4303208e+00   1.2927789e+00  -5.3479315e+01
   1.4294497e+00   1.2932424e+00  -5.2979315e+01
   1.4285812e+00   1.2937076e+00  -5.2479315e+01
   1.4277155e+00   1.2941746e+00  -5.1979315e+01
   1.4268523e+00   1.2946432e+00  -5.1479315e+01
   1.4259919e+00   1.2951136e+00  -5.0979315e+01
   1.4251341e+00   1.2955857e+00  -5.0479315e+01
   1.4242789e+00   1.2960595e+00  -4.9979315e+01
   1.4234264e+00   1.2965351e+00  -4.9479315e+01
   1.4225765e+00   1.2970124e+00  -4.8979315e+01
   1.4217293e+00   1.2974914e+00  -4.8479315e+01
   1.4208847e+00   1.2979721e+00  -4.7979315e+01
   1.4200428e+00   1.2984546e+00  -4.7479315e+01
   1.4192035e+00   1.2989388e+00  -4.6979315e+01
   1.4183668e+00   1.2994248e+00  -4.6479315e+01
   1.4175328e+00   1.2999125e+00  -4.5979315e+01
   1.4167013e+00   1.3004019e+00  -4.5479315e+01
   1.4158726e+00   1.3008930e+00  -4.4979315e+01
   1.4150464e+00   1.3013859e+00  -4.4479315e+01
   1.4142229e+00   1.3018806e+00  -4.3979315e+01
   1.4134019e+00   1.3023769e+00  -4.3479315e+01
   1.4125837e+00   1.3028750e+00  -4.2979315e+01
   1.4117680e+00   1.3033749e+00  -4.2479315e+01
   1.4109549e+00   1.3038765e+00  -4.1979315e+01
   1.4101445e+00   1.3043798e+00  -4.1479315e+01
   1.4093366e+00   1.3048849e+00  -4.0979315e+01
   1.4085314e+00   1.3053918e+00  -4.0479315e+01
   1.4077287e+00   1.3059003e+00  -3.9979315e+01
   1.4069287e+00   1.3064107e+00  -3.9479315e+01
   1.4061313e+00   1.3069227e+00  -3.8979315e+01
   1.4053365e+00   1.3074366e+00  -3.8479315e+01
   1.4045442e+00   1.3079521e+00  -3.7979315e+01
   1.4037546e+00   1.3084695e+00  -3.7479315e+01
   1.4029675e+00   1.3089885e+00  -3.6979315e+01
   1.4021831e+00   1.3095094e+00  -3.6479315e+01
   1.4014012e+00   1.3100320e+00  -3.5979315e+01
   1.4006219e+00   1.3105563e+00  -3.5479315e+01
   1.3998452e+00   1.3110824e+00  -3.4979315e+01
   1.3990711e+00   1.3116102e+00  -3.4479315e+01
   1.3982996e+00   1.3121399e+00  -3.3979315e+01
   1.3975306e+00   1.3126712e+00  -3.3479315e+01
   1.3967642e+00   1.3132044e+00  -3.2979315e+01
   1.3960004e+00   1.3137393e+00  -3.2479315e+01
   1.3952391e+00   1.3142759e+00  -3.1979315e+01
   1.3944804e+00   1.3148143e+00  -3.1479315e+01
   1.3937243e+00   1.3153545e+00  -3.0979315e+01
   1.3929708e+00   1.3158965e+00  -3.0479315e+01
   1.3922198e+00   1.3164402e+00  -2.9979315e+01
   1.3914713e+00   1.3169856e+00  -2.9479315e+01
   1.3907255e+00   1.3175329e+00  -2.8979315e+01
   1.3899821e+00   1.3180819e+00  -2.8479315e+01
   1.3892414e+00   1.3186327e+00  -2.7979315e+01
   1.3885031e+00   1.3191853e+00  -2.7479315e+01
   1.3877674e+00   1.3197396e+00  -2.6979315e+01
   1.3870343e+00   1.3202957e+00  -2.6479315e+01
   1.3863037e+00   1.3208536e+00  -2.5979315e+01
   1.3855757e+00   1.3214132e+00  -2.5479315e+01
   1.3848501e+00   1.3219746e+00  -2.4979315e+01
   1.3841272e+00   1.3225378e+00  -2.4479315e+01
   1.3834067e+00   1.3231028e+00  -2.3979315e+01
   1.3826888e+00   1.3236696e+00  -2.3479315e+01
   1.3819734e+00   1.3242381e+00  -2.2979315e+01
   1.3812606e+00   1.3248084e+00  -2.2479315e+01
   1.3805502e+00   1.3253805e+00  -2.1979315e+01
   1.3798424e+00   1.3259544e+00  -2.1479315e+01
   1.3791371e+00   1.3265301e+00  -2.0979315e+01
   1.3784344e+00   1.3271075e+00  -2.0479315e+01
   1.3777341e+00   1.3276867e+00  -1.9979315e+01
   1.3770364e+00   1.3282678e+00  -1.9479315e+01
   1.3763411e+00   1.3288506e+00  -1.8979315e+01
   1.3756484e+00   1.3294352e+00  -1.8479315e+01
   1.3749582e+00   1.3300215e+00  -1.7979315e+01
   1.3742705e+00   1.3306097e+00  -1.7479315e+01
   1.3735853e+00   1.3311997e+00  -1.6979315e+01
   1.3729026e+00   1.3317914e+00  -1.6479315e+01
   1.3722224e+00   1.3323850e+00  -1.5979315e+01
   1.3715447e+00   1.3329803e+00  -1.5479315e+01
   1.3708694e+00   1.3335775e+00  -1.4979315e+01
   1.3701967e+00   1.3341764e+00  -1.4479315e+01
   1.3695265e+00   1.3347771e+00  -1.3979315e+01
   1.3688587e+00   1.3353797e+00  -1.3479315e+01
   1.3681934e+00   1.3359840e+00  -1.2979315e+01
   1.3675307e+00   1.3365901e+00  -1.2479315e+01
   1.3668703e+00   1.3371981e+00  -1.1979315e+01
   1.3662125e+00   1.3378078e+00  -1.1479315e+01
   1.3655572e+00   1.3384193e+00  -1.0979315e+01
   1.3649043e+00   1.3390327e+00  -1.0479315e+01
   1.3642539e+00   1.3396478e+00  -9.9793154e+00
   1.3636059e+00   1.3402647e+00  -9.4793154e+00
   1.3629605e+00   1.3408835e+00  -8.9793154e+00
   1.3623175e+00   1.3415041e+00  -8.4793154e+00
   1.3616769e+00   1.3421264e+00  -7.9793154e+00
   1.3610388e+00   1.3427506e+00  -7.4793154e+00
   1.3604032e+00   1.3433766e+00  -6.9793154e+00
   1.3597700e+00   1.3440044e+00  -6.4793154e+00
   1.3591393e+00   1.3446340e+00  -5.9793154e+00
   1.3585110e+00   1.3452654e+00  -5.4793154e+00
   1.3578852e+00   1.3458987e+00  -4.9793154e+00
   1.3572618e+00   1.3465337e+00  -4.4793154e+00
   1.3566409e+00   1.3471706e+00  -3.9793154e+00
   1.3560224e+00   1.3478093e+00  -3.4793154e+00
   1.3554064e+00   1.3484498e+00  -2.9793154e+00
   1.3547927e+00   1.3490921e+00  -2.4793154e+00
   1.3541816e+00   1.3497362e+00  -1.9793154e+00
   1.3535728e+00   1.3503822e+00  -1.4793154e+00
   1.3529665e+00   1.3510300e+00  -9.7931542e-01
   1.3523626e+00   1.3516796e+00  -4.7931542e-01
   1.3517612e+00   1.3523310e+00   2.0684583e-02
   1.3511621e+00   1.3529843e+00   5.2068458e-01
   1.3505655e+00   1.3536394e+00   1.0206846e+00
   1.3499713e+00   1.3542963e+00   1.5206846e+00
   1.3493796e+00   1.3549550e+00   2.0206846e+00
   1.3487902e+00   1.3556156e+00   2.5206846e+00
   1.3482033e+00   1.3562780e+00   3.0206846e+00
   1.3476187e+00   1.3569422e+00   3.5206846e+00
   1.3470366e+00   1.3576083e+00   4.0206846e+00
   1.3464569e+00   1.3582762e+00   4.5206846e+00
   1.3458796e+00   1.3589459e+00   5.0206846e+00
   1.3453046e+00   1.3596175e+00   5.5206846e+00
   1.3447321e+00   1.3602909e+00   6.0206846e+00
   1.3441620e+00   1.3609661e+00   6.5206846e+00
   1.3435943e+00   1.3616432e+00   7.0206846e+00
   1.3430289e+00   1.3623221e+00   7.5206846e+00
   1.3424660e+00   1.3630028e+00   8.0206846e+00
   1.3419055e+00   1.3636854e+00   8.5206846e+00
   1.3413473e+00   1.3643698e+00   9.0206846e+00
   1.3407915e+00   1.3650561e+00   9.5206846e+00
   1.3402381e+00   1.3657442e+00   1.0020685e+01
   1.3396871e+00   1.3664342e+00   1.0520685e+01
   1.3391384e+00   1.3671260e+00   1.1020685e+01
   1.3385922e+00   1.3678196e+00   1.1520685e+01
   1.3380483e+00   1.3685151e+00   1.2020685e+01
   1.3375068e+00   1.3692125e+00   1.2520685e+01
   1.3369676e+00   1.3699117e+00   1.3020685e+01
   1.3364308e+00   1.3706127e+00   1.3520685e+01
   1.3358964e+00   1.3713156e+00   1.4020685e+01
   1.3353643e+00   1.3720203e+00   1.4520685e+01
   1.3348346e+00   1.3727269e+00   1.5020685e+01
   1.3343073e+00   1.3734354e+00   1.5520685e+01
   1.3337823e+00   1.3741457e+00   1.6020685e+01
   1.3332596e+00   1.3748579e+00   1.6520685e+01
   1.3327393e+00   1.3755719e+00   1.7020685e+01
   1.3322214e+00   1.3762878e+00   1.7520685e+01
   1.3317058e+00   1.3770055e+00   1.8020685e+01
   1.3311925e+00   1.3777251e+00   1.8520685e+01
   1.3306816e+00   1.3784465e+00   1.9020685e+01
   1.3301731e+00   1.3791699e+00   1.9520685e+01
   1.3296668e+00   1.3798950e+00   2.0020685e+01
   1.3291629e+00   1.3806221e+00   2.0520685e+01
   1.3286613e+00   1.3813510e+00   2.1020685e+01
   1.3281621e+00   1.3820818e+00   2.1520685e+01
   1.3276652e+00   1.3828144e+00   2.2020685e+01
   1.3271706e+00   1.3835489e+00   2.2520685e+01
   1.3266783e+00   1.3842853e+00   2.3020685e+01
   1.3261884e+00   1.3850235e+00   2.3520685e+01
   1.3257008e+00   1.3857636e+00   2.4020685e+01
   1.3252155e+00   1.3865056e+00   2.4520685e+01
   1.3247325e+00   1.3872495e+00   2.5020685e+01
   1.3242518e+00   1.3879952e+00   2.5520685e+01
   1.3237734e+00   1.3887428e+00   2.6020685e+01
   1.3232974e+00   1.3894923e+00   2.6520685e+01
   1.3228236e+00   1.3902437e+00   2.7020685e+01
   1.3223522e+00   1.3909969e+00   2.7520685e+01
   1.3218830e+00   1.3917520e+00   2.8020685e+01
   1.3214162e+00   1.3925090e+00   2.8520685e+01
   1.3209516e+00   1.3932679e+00   2.9020685e+01
   1.3204894e+00   1.3940286e+00   2.9520685e+01
   1.3200294e+00   1.3947912e+00   3.0020685e+01
   1.3195717e+00   1.3955558e+00   3.0520685e+01
   1.3191163e+00   1.3963222e+00   3.1020685e+01
   1.3186632e+00   1.3970904e+00   3.1520685e+01
   1.3182124e+00   1.3978606e+00   3.2020685e+01
   1.3177639e+00   1.3986327e+00   3.2520685e+01
   1.3173176e+00   1.3994066e+00   3.3020685e+01
   1.3168736e+00   1.4001824e+00   3.3520685e+01
   1.3164319e+00   1.4009602e+00   3.4020685e+01
   1.3159925e+00   1.4017398e+00   3.4520685e+01
   1.3155553e+00   1.4025213e+00   3.5020685e+01
   1.3151204e+00   1.4033047e+00   3.5520685e+01
   1.3146878e+00   1.4040900e+00   3.6020685e+01
   1.3142574e+00   1.4048771e+00   3.6520685e+01
   1.3138293e+00   1.4056662e+00   3.7020685e+01
   1.3134034e+00   1.4064572e+00   3.7520685e+01
   1.3129798e+00   1.4072501e+00   3.8020685e+01
   1.3125585e+00   1.4080448e+00   3.8520685e+01
   1.3121394e+00   1.4088415e+00   3.9020685e+01
   1.3117226e+00   1.4096401e+00   3.9520685e+01
   1.3113080e+00   1.4104405e+00   4.0020685e+01
   1.3108956e+00   1.4112429e+00   4.0520685e+01
   1.3104855e+00   1.4120472e+00   4.1020685e+01
   1.3100776e+00   1.4128534e+00   4.1520685e+01
   1.3096720e+00   1.4136615e+00   4.2020685e+01
   1.3092686e+00   1.4144715e+00   4.2520685e+01
   1.3088675e+00   1.4152833e+00   4.3020685e+01
   1.3084685e+00   1.4160972e+00   4.3520685e+01
   1.3080719e+00   1.4169129e+00   4.4020685e+01
   1.3076774e+00   1.4177305e+00   4.4520685e+01
   1.3072851e+00   1.4185500e+00   4.5020685e+01
   1.3068951e+00   1.4193715e+00   4.5520685e+01
   1.3065073e+00   1.4201948e+00   4.6020685e+01
   1.3061218e+00   1.4210201e+00   4.6520685e+01
   1.3057384e+00   1.4218473e+00   4.7020685e+01
   1.3053572e+00   1.4226764e+00   4.7520685e+01
   1.3049783e+00   1.4235074e+00   4.8020685e+01
   1.3046016e+00   1.4243404e+00   4.8520685e+01
   1.3042271e+00   1.4251752e+00   4.9020685e+01
   1.3038547e+00   1.4260120e+00   4.9520685e+01
   1.3034846e+00   1.4268507e+00   5.0020685e+01
   1.3031167e+00   1.4276913e+00   5.0520685e+01
   1.3027510e+00   1.4285338e+00   5.1020685e+01
   1.3023875e+00   1.4293783e+00   5.1520685e+01
   1.3020262e+00   1.4302247e+00   5.2020685e+01
   1.3016670e+00   1.4310730e+00   5.2520685e+01
   1.3013101e+00   1.4319232e+00   5.3020685e+01
   1.3009553e+00   1.4327754e+00   5.3520685e+01
   1.3006028e+00   1.4336295e+00   5.4020685e+01
   1.3002524e+00   1.4344855e+00   5.4520685e+01
   1.2999042e+00   1.4353435e+00   5.5020685e+01
   1.2995581e+00   1.4362034e+00   5.5520685e+01
   1.2992143e+00   1.4370652e+00   5.6020685e+01
   1.2988726e+00   1.4379289e+00   5.6520685e+01
   1.2985331e+00   1.4387946e+00   5.7020685e+01
   1.2981957e+00   1.4396622e+00   5.7520685e+01
   1.2978606e+00   1.4405318e+00   5.8020685e+01
   1.2975276e+00   1.4414033e+00   5.8520685e+01
   1.2971967e+00   1.4422767e+00   5.9020685e+01
   1.2968680e+00   1.4431521e+00   5.9520685e+01
   1.2965415e+00   1.4440294e+00   6.0020685e+01
   1.2962171e+00   1.4449086e+00   6.0520685e+01
   1.2958949e+00   1.4457898e+00   6.1020685e+01
   1.2955748e+00   1.4466729e+00   6.1520685e+01
   1.2952569e+00   1.4475580e+00   6.2020685e+01
   1.2949412e+00   1.4484450e+00   6.2520685e+01
   1.2946275e+00   1.4493340e+00   6.3020685e+01
   1.2943161e+00   1.4502249e+00   6.3520685e+01
   1.2940067e+00   1.4511178e+00   6.4020685e+01
   1.2936995e+00   1.4520126e+00   6.4520685e+01
   1.2933944e+00   1.4529093e+00   6.5020685e+01
   1.2930915e+00   1.4538081e+00   6.5520685e+01
   1.2927907e+00   1.4547087e+00   6.6020685e+01
   1.2924920e+00   1.4556113e+00   6.6520685e+01
   1.2921955e+00   1.4565159e+00   6.7020685e+01
   1.2919010e+00   1.4574224e+00   6.7520685e+01
   1.2916087e+00   1.4583309e+00   6.8020685e+01
   1.2913186e+00   1.4592413e+00   6.8520685e+01
   1.2910305e+00   1.4601537e+00   6.9020685e+01
   1.2907445e+00   1.4610680e+00   6.9520685e+01
   1.2904607e+00   1.4619844e+00   7.0020685e+01
   1.2901790e+00   1.4629026e+00   7.0520685e+01
   1.2898994e+00   1.4638228e+00   7.1020685e+01
   1.2896219e+00   1.4647450e+00   7.1520685e+01
   1.2893465e+00   1.4656692e+00   7.2020685e+01
   1.2890732e+00   1.4665953e+00   7.2520685e+01
   1.2888020e+00   1.4675234e+00   7.3020685e+01
   1.2885329e+00   1.4684534e+00   7.3520685e+01
   1.2882658e+00   1.4693854e+00   7.4020685e+01
   1.2880009e+00   1.4703194e+00   7.4520685e+01
   1.2877381e+00   1.4712554e+00   7.5020685e+01
   1.2874774e+00   1.4721933e+00   7.5520685e+01
   1.2872187e+00   1.4731332e+00   7.6020685e+01
   1.2869622e+00   1.4740750e+00   7.6520685e+01
   1.2867077e+00   1.4750189e+00   7.7020685e+01
   1.2864553e+00   1.4759647e+00   7.7520685e+01
   1.2862049e+00   1.4769124e+00   7.8020685e+01
   1.2859567e+00   1.4778622e+00   7.8520685e+01
   1.2857105e+00   1.4788139e+00   7.9020685e+01
   1.2854664e+00   1.4797676e+00   7.9520685e+01
   1.2852244e+00   1.4807233e+00   8.0020685e+01
   1.2849844e+00   1.4816810e+00   8.0520685e+01
   1.2847465e+00   1.4826407e+00   8.1020685e+01
   1.2845106e+00   1.4836023e+00   8.1520685e+01
   1.2842769e+00   1.4845659e+00   8.2020685e+01
   1.2840451e+00   1.4855315e+00   8.2520685e+01
   1.2838155e+00   1.4864991e+00   8.3020685e+01
   1.2835878e+00   1.4874686e+00   8.3520685e+01
   1.2833623e+00   1.4884402e+00   8.4020685e+01
   1.2831387e+00   1.4894137e+00   8.4520685e+01
   1.2829173e+00   1.4903892e+00   8.5020685e+01
   1.2826978e+00   1.4913668e+00   8.5520685e+01
   1.2824804e+00   1.4923463e+00   8.6020685e+01
   1.2822651e+00   1.4933278e+00   8.6520685e+01
   1.2820518e+00   1.4943113e+00   8.7020685e+01
   1.2818405e+00   1.4952967e+00   8.7520685e+01
   1.2816313e+00   1.4962842e+00   8.8020685e+01
   1.2814240e+00   1.4972737e+00   8.8520685e+01
   1.2812189e+00   1.4982651e+00   8.9020685e+01
   1.2810157e+00   1.4992586e+00   8.9520685e+01
   1.2808146e+00   1.5002541e+00   9.0020685e+01
   1.2806155e+00   1.5012515e+00   9.0520685e+01
   1.2804184e+00   1.5022510e+00   9.1020685e+01
   1.2802233e+00   1.5032524e+00   9.1520685e+01
   1.2800302e+00   1.5042559e+00   9.2020685e+01
   1.2798392e+00   1.5052614e+00   9.2520685e+01
   1.2796501e+00   1.5062688e+00   9.3020685e+01
   1.2794631e+00   1.5072783e+00   9.3520685e+01
   1.2792781e+00   1.5082898e+00   9.4020685e+01
   1.2790951e+00   1.5093032e+00   9.4520685e+01
   1.2789140e+00   1.5103187e+00   9.5020685e+01
   1.2787350e+00   1.5113362e+00   9.5520685e+01
   1.2785580e+00   1.5123557e+00   9.6020685e+01
   1.2783830e+00   1.5133773e+00   9.6520685e+01
   1.2782099e+00   1.5144008e+00   9.7020685e+01
   1.2780389e+00   1.5154263e+00   9.7520685e+01
   1.2778698e+00   1.5164539e+00   9.8020685e+01
   1.2777028e+00   1.5174834e+00   9.8520685e+01
   1.2775377e+00   1.5185150e+00   9.9020685e+01
   1.2773746e+00   1.5195486e+00   9.9520685e+01
   1.2772134e+00   1.5205842e+00   1.0002068e+02
   1.2770543e+00   1.5216219e+00   1.0052068e+02
   1.2768971e+00   1.5226615e+00   1.0102068e+02
   1.2767419e+00   1.5237032e+00   1.0152068e+02
   1.2765887e+00   1.5247469e+00   1.0202068e+02
   1.2764374e+00   1.5257926e+00   1.0252068e+02
   1.2762881e+00   1.5268403e+00   1.0302068e+02
   1.2761408e+00   1.5278901e+00   1.0352068e+02
   1.2759954e+00   1.5289419e+00   1.0402068e+02
   1.2758520e+00   1.5299957e+00   1.0452068e+02
   1.2757105e+00   1.5310515e+00   1.0502068e+02
   1.2755710e+00   1.5321094e+00   1.0552068e+02
   1.2754335e+00   1.5331693e+00   1.0602068e+02
   1.2752979e+00   1.5342312e+00   1.0652068e+02
   1.2751642e+00   1.5352952e+00   1.0702068e+02
   1.2750325e+00   1.5363612e+00   1.0752068e+02
   1.2749028e+00   1.5374292e+00   1.0802068e+02
   1.2747749e+00   1.5384992e+00   1.0852068e+02
   1.2746491e+00   1.5395713e+00   1.0902068e+02
   1.2745251e+00   1.5406455e+00   1.0952068e+02
   1.2744031e+00   1.5417216e+00   1.1002068e+02
   1.2742830e+00   1.5427998e+00   1.1052068e+02
   1.2741649e+00   1.5438800e+00   1.1102068e+02
   1.2740486e+00   1.5449623e+00   1.1152068e+02
   1.2739343e+00   1.5460466e+00   1.1202068e+02
   1.2738220e+00   1.5471330e+00   1.1252068e+02
   1.2737115e+00   1.5482214e+00   1.1302068e+02
   1.2736030e+00   1.5493118e+00   1.1352068e+02
   1.2734964e+00   1.5504043e+00   1.1402068e+02
   1.2733917e+00   1.5514988e+00   1.1452068e+02
   1.2732889e+00   1.5525954e+00   1.1502068e+02
   1.2731880e+00   1.5536940e+00   1.1552068e+02
   1.2730890e+00   1.5547947e+00   1.1602068e+02
   1.2729920e+00   1.5558974e+00   1.1652068e+02
   1.2728968e+00   1.5570022e+00   1.1702068e+02
   1.2728035e+00   1.5581090e+00   1.1752068e+02
   1.2727122e+00   1.5592179e+00   1.1802068e+02
   1.2726227e+00   1.5603288e+00   1.1852068e+02
   1.2725351e+00   1.5614418e+00   1.1902068e+02
   1.2724494e+00   1.5625568e+00   1.1952068e+02
   1.2723656e+00   1.5636739e+00   1.2002068e+02
   1.2722837e+00   1.5647930e+00   1.2052068e+02
   1.2722037e+00   1.5659143e+00   1.2102068e+02
   1.2721256e+00   1.5670375e+00   1.2152068e+02
   1.2720493e+00   1.5681628e+00   1.2202068e+02
   1.2719750e+00   1.5692902e+00   1.2252068e+02
   1.2719025e+00   1.5704197e+00   1.2302068e+02
   1.2718318e+00   1.5715512e+00   1.2352068e+02
   1.2717631e+00   1.5726847e+00   1.2402068e+02
   1.2716962e+00   1.5738204e+00   1.2452068e+02
   1.2716312e+00   1.5749581e+00   1.2502068e+02
   1.2715680e+00   1.5760978e+00   1.2552068e+02
   1.2715067e+00   1.5772397e+00   1.2602068e+02
   1.2714473e+00   1.5783835e+00   1.2652068e+02
   1.2713897e+00   1.5795295e+00   1.2702068e+02
   1.2713340e+00   1.5806776e+00   1.2752068e+02
   1.2712802e+00   1.5818277e+00   1.2802068e+02
   1.2712281e+00   1.5829798e+00   1.2852068e+02
   1.2711780e+00   1.5841341e+00   1.2902068e+02
   1.2711297e+00   1.5852904e+00   1.2952068e+02
   1.2710832e+00   1.5864488e+00   1.3002068e+02
   1.2710386e+00   1.5876093e+00   1.3052068e+02
   1.2709958e+00   1.5887719e+00   1.3102068e+02
   1.2709549e+00   1.5899365e+00   1.3152068e+02
   1.2709157e+00   1.5911032e+00   1.3202068e+02
   1.2708785e+00   1.5922720e+00   1.3252068e+02
   1.2708430e+00   1.5934429e+00   1.3302068e+02
   1.2708094e+00   1.5946158e+00   1.3352068e+02
   1.2707776e+00   1.5957909e+00   1.3402068e+02
   1.2707477e+00   1.5969680e+00   1.3452068e+02
   1.2707195e+00   1.5981472e+00   1.3502068e+02
   1.2706932e+00   1.5993285e+00   1.3552068e+02
   1.2706687e+00   1.6005119e+00   1.3602068e+02
   1.2706460e+00   1.6016973e+00   1.3652068e+02
   1.2706251e+00   1.6028849e+00   1.3702068e+02
   1.2706061e+00   1.6040745e+00   1.3752068e+02
   1.2705888e+00   1.6052663e+00   1.3802068e+02
   1.2705734e+00   1.6064601e+00   1.3852068e+02
   1.2705598e+00   1.6076560e+00   1.3902068e+02
   1.2705479e+00   1.6088540e+00   1.3952068e+02
   1.2705379e+00   1.6100541e+00   1.4002068e+02
   1.2705296e+00   1.6112563e+00   1.4052068e+02
   1.2705232e+00   1.6124606e+00   1.4102068e+02
   1.2705186e+00   1.6136670e+00   1.4152068e+02
   1.2705157e+00   1.6148755e+00   1.4202068e+02
   1.2705146e+00   1.6160861e+00   1.4252068e+02
   1.2705154e+00   1.6172988e+00   1.4302068e+02
   1.2705179e+00   1.6185136e+00   1.4352068e+02
   1.2705221e+00   1.6197305e+00   1.4402068e+02
   1.2705282e+00   1.6209495e+00   1.4452068e+02
   1.2705361e+00   1.6221706e+00   1.4502068e+02
   1.2705457e+00   1.6233938e+00   1.4552068e+02
   1.2705571e+00   1.6246191e+00   1.4602068e+02
   1.2705702e+00   1.6258465e+00   1.4652068e+02
   1.2705852e+00   1.6270760e+00   1.4702068e+02
   1.2706019e+00   1.6283077e+00   1.4752068e+02
   1.2706203e+00   1.6295414e+00   1.4802068e+02
   1.2706406e+00   1.6307773e+00   1.4852068e+02
   1.2706626e+00   1.6320153e+00   1.4902068e+02
   1.2706863e+00   1.6332553e+00   1.4952068e+02
   1.2707118e+00   1.6344975e+00   1.5002068e+02
   1.2707391e+00   1.6357418e+00   1.5052068e+02
   1.2707681e+00   1.6369883e+00   1.5102068e+02
   1.2707988e+00   1.6382368e+00   1.5152068e+02
   1.2708313e+00   1.6394875e+00   1.5202068e+02
   1.2708656e+00   1.6407402e+00   1.5252068e+02
   1.2709016e+00   1.6419951e+00   1.5302068e+02
   1.2709393e+00   1.6432521e+00   1.5352068e+02
   1.2709787e+00   1.6445113e+00   1.5402068e+02
   1.2710199e+00   1.6457725e+00   1.5452068e+02
   1.2710629e+00   1.6470359e+00   1.5502068e+02
   1.2711075e+00   1.6483014e+00   1.5552068e+02
   1.2711539e+00   1.6495691e+00   1.5602068e+02
   1.2712021e+00   1.6508388e+00   1.5652068e+02
   1.2712519e+00   1.6521107e+00   1.5702068e+02
   1.2713035e+00   1.6533847e+00   1.5752068e+02
   1.2713568e+00   1.6546609e+00   1.5802068e+02
   1.2714118e+00   1.6559391e+00   1.5852068e+02
   1.2714685e+00   1.6572195e+00   1.5902068e+02
   1.2715269e+00   1.6585021e+00   1.5952068e+02
   1.2715871e+00   1.6597867e+00   1.6002068e+02
   1.2716489e+00   1.6610735e+00   1.6052068e+02
   1.2717125e+00   1.6623625e+00   1.6102068e+02
   1.2717777e+00   1.6636535e+00   1.6152068e+02
   1.2718447e+00   1.6649468e+00   1.6202068e+02
   1.2719134e+00   1.6662421e+00   1.6252068e+02
   1.2719837e+00   1.6675396e+00   1.6302068e+02
   1.2720558e+00   1.6688392e+00   1.6352068e+02
   1.2721295e+00   1.6701410e+00   1.6402068e+02
   1.2722050e+00   1.6714449e+00   1.6452068e+02
   1.2722821e+00   1.6727509e+00   1.6502068e+02
   1.2723609e+00   1.6740591e+00   1.6552068e+02
   1.2724414e+00   1.6753695e+00   1.6602068e+02
   1.2725236e+00   1.6766820e+00   1.6652068e+02
   1.2726075e+00   1.6779966e+00   1.6702068e+02
   1.2726930e+00   1.6793134e+00   1.6752068e+02
   1.2727802e+00   1.6806323e+00   1.6802068e+02
   1.2728691e+00   1.6819534e+00   1.6852068e+02
   1.2729597e+00   1.6832766e+00   1.6902068e+02
   1.2730519e+00   1.6846020e+00   1.6952068e+02
   1.2731458e+00   1.6859295e+00   1.7002068e+02
   1.2732413e+00   1.6872592e+00   1.7052068e+02
   1.2733386e+00   1.6885910e+00   1.7102068e+02
   1.2734374e+00   1.6899250e+00   1.7152068e+02
   1.2735380e+00   1.6912612e+00   1.7202068e+02
   1.2736402e+00   1.6925995e+00   1.7252068e+02
   1.2737440e+00   1.6939399e+00   1.7302068e+02
   1.2738495e+00   1.6952825e+00   1.7352068e+02
   1.2739566e+00   1.6966273e+00   1.7402068e+02
   1.2740654e+00   1.6979743e+00   1.7452068e+02
   1.2741759e+00   1.6993234e+00   1.7502068e+02
   1.2742879e+00   1.7006746e+00   1.7552068e+02
   1.2744016e+00   1.7020281e+00   1.7602068e+02
   1.2745170e+00   1.7033837e+00   1.7652068e+02
   1.2746340e+00   1.7047414e+00   1.7702068e+02
   1.2747526e+00   1.7061014e+00   1.7752068e+02
   1.2748728e+00   1.7074635e+00   1.7802068e+02
   1.2749947e+00   1.7088277e+00   1.7852068e+02
   1.2751182e+00   1.7101942e+00   1.7902068e+02
   1.2752433e+00   1.7115628e+00   1.7952068e+02
   1.2753701e+00   1.7129335e+00   1.8002068e+02
   1.2754985e+00   1.7143065e+00   1.8052068e+02
   1.2756284e+00   1.7156816e+00   1.8102068e+02
   1.2757600e+00   1.7170589e+00   1.8152068e+02
   1.2758932e+00   1.7184384e+00   1.8202068e+02
   1.2760281e+00   1.7198200e+00   1.8252068e+02
   1.2761645e+00   1.7212038e+00   1.8302068e+02
   1.2763025e+00   1.7225898e+00   1.8352068e+02
   1.2764422e+00   1.7239780e+00   1.8402068e+02
   1.2765834e+00   1.7253684e+00   1.8452068e+02
   1.2767262e+00   1.7267609e+00   1.8502068e+02
   1.2768707e+00   1.7281557e+00   1.8552068e+02
   1.2770167e+00   1.7295526e+00   1.8602068e+02
   1.2771643e+00   1.7309517e+00   1.8652068e+02
   1.2773135e+00   1.7323530e+00   1.8702068e+02
   1.2774643e+00   1.7337564e+00   1.8752068e+02
   1.2776167e+00   1.7351621e+00   1.8802068e+02
   1.2777707e+00   1.7365699e+00   1.8852068e+02
   1.2779262e+00   1.7379799e+00   1.8902068e+02
   1.2780834e+00   1.7393922e+00   1.8952068e+02
   1.2782421e+00   1.7408066e+00   1.9002068e+02
   1.2784024e+00   1.7422232e+00   1.9052068e+02
   1.2785642e+00   1.7436420e+00   1.9102068e+02
   1.2787276e+00   1.7450629e+00   1.9152068e+02
   1.2788926e+00   1.7464861e+00   1.9202068e+02
   1.2790592e+00   1.7479115e+00   1.9252068e+02
   1.2792273e+00   1.7493391e+00   1.9302068e+02
   1.2793970e+00   1.7507689e+00   1.9352068e+02
   1.2795682e+00   1.7522008e+00   1.9402068e+02
   1.2797410e+00   1.7536350e+00   1.9452068e+02
   1.2799154e+00   1.7550714e+00   1.9502068e+02
   1.2800913e+00   1.7565099e+00   1.9552068e+02
   1.2802687e+00   1.7579507e+00   1.9602068e+02
   1.2804477e+00   1.7593937e+00   1.9652068e+02
   1.2806283e+00   1.7608389e+00   1.9702068e+02
   1.2808104e+00   1.7622863e+00   1.9752068e+02
   1.2809940e+00   1.7637359e+00   1.9802068e+02
   1.2811792e+00   1.7651877e+00   1.9852068e+02
   1.2813659e+00   1.7666417e+00   1.9902068e+02
   1.2815541e+00   1.7680979e+00   1.9952068e+02
   1.2817439e+00   1.7695563e+00   2.0002068e+02
   1.2819352e+00   1.7710170e+00   2.0052068e+02
   1.2821280e+00   1.7724798e+00   2.0102068e+02
   1.2823224e+00   1.7739449e+00   2.0152068e+02
   1.2825182e+00   1.7754122e+00   2.0202068e+02
   1.2827156e+00   1.7768817e+00   2.0252068e+02
   1.2829145e+00   1.7783534e+00   2.0302068e+02
   1.2831150e+00   1.7798273e+00   2.0352068e+02
   1.2833169e+00   1.7813034e+00   2.0402068e+02
   1.2835204e+00   1.7827818e+00   2.0452068e+02
   1.2837253e+00   1.7842624e+00   2.0502068e+02
   1.2839318e+00   1.7857452e+00   2.0552068e+02
   1.2841398e+00   1.7872302e+00   2.0602068e+02
   1.2843493e+00   1.7887175e+00   2.0652068e+02
   1.2845603e+00   1.7902069e+00   2.0702068e+02
   1.2847728e+00   1.7916986e+00   2.0752068e+02
   1.2849867e+00   1.7931926e+00   2.0802068e+02
   1.2852022e+00   1.7946887e+00   2.0852068e+02
   1.2854192e+00   1.7961871e+00   2.0902068e+02
   1.2856376e+00   1.7976877e+00   2.0952068e+02
   1.2858576e+00   1.7991905e+00   2.1002068e+02
   1.2860790e+00   1.8006956e+00   2.1052068e+02
   1.2863019e+00   1.8022029e+00   2.1102068e+02
   1.2865263e+00   1.8037124e+00   2.1152068e+02
   1.2867522e+00   1.8052242e+00   2.1202068e+02
   1.2869795e+00   1.8067382e+00   2.1252068e+02
   1.2872083e+00   1.8082544e+00   2.1302068e+02
   1.2874386e+00   1.8097729e+00   2.1352068e+02
   1.2876704e+00   1.8112936e+00   2.1402068e+02
   1.2879036e+00   1.8128165e+00   2.1452068e+02
   1.2881383e+00   1.8143417e+00   2.1502068e+02
   1.2883745e+00   1.8158692e+00   2.1552068e+02
   1.2886121e+00   1.8173988e+00   2.1602068e+02
   1.2888511e+00   1.8189307e+00   2.1652068e+02
   1.2890917e+00   1.8204649e+00   2.1702068e+02
   1.2893337e+00   1.8220013e+00   2.1752068e+02
   1.2895771e+00   1.8235399e+00   2.1802068e+02
   1.2898220e+00   1.8250808e+00   2.1852068e+02
   1.2900683e+00   1.8266239e+00   2.1902068e+02
   1.2903161e+00   1.8281693e+00   2.1952068e+02
   1.2905653e+00   1.8297169e+00   2.2002068e+02
   1.2908160e+00   1.8312668e+00   2.2052068e+02
   1.2910681e+00   1.8328189e+00   2.2102068e+02
   1.2913216e+00   1.8343733e+00   2.2152068e+02
   1.2915766e+00   1.8359300e+00   2.2202068e+02
   1.2918330e+00   1.8374888e+00   2.2252068e+02
   1.2920908e+00   1.8390500e+00   2.2302068e+02
   1.2923500e+00   1.8406134e+00   2.2352068e+02
   1.2926107e+00   1.8421790e+00   2.2402068e+02
   1.2928728e+00   1.8437469e+00   2.2452068e+02
   1.2931363e+00   1.8453171e+00   2.2502068e+02
   1.2934013e+00   1.8468895e+00   2.2552068e+02
   1.2936676e+00   1.8484642e+00   2.2602068e+02
   1.2939354e+00   1.8500412e+00   2.2652068e+02
   1.2942046e+00   1.8516204e+00   2.2702068e+02
   1.2944752e+00   1.8532019e+00   2.2752068e+02
   1.2947472e+00   1.8547856e+00   2.2802068e+02
   1.2950206e+00   1.8563716e+00   2.2852068e+02
   1.2952954e+00   1.8579599e+00   2.2902068e+02
   1.2955716e+00   1.8595504e+00   2.2952068e+02
   1.2958492e+00   1.8611432e+00   2.3002068e+02
   1.2961282e+00   1.8627383e+00   2.3052068e+02
   1.2964086e+00   1.8643357e+00   2.3102068e+02
   1.2966904e+00   1.8659353e+00   2.3152068e+02
   1.2969735e+00   1.8675372e+00   2.3202068e+02
   1.2972581e+00   1.8691413e+00   2.3252068e+02
   1.2975440e+00   1.8707478e+00   2.3302068e+02
   1.2978313e+00   1.8723565e+00   2.3352068e+02
   1.2981200e+00   1.8739675e+00   2.3402068e+02
   1.2984101e+00   1.8755807e+00   2.3452068e+02
   1.2987016e+00   1.8771963e+00   2.3502068e+02
   1.2989944e+00   1.8788141e+00   2.3552068e+02
   1.2992886e+00   1.8804342e+00   2.3602068e+02
   1.2995842e+00   1.8820566e+00   2.3652068e+02
   1.2998811e+00   1.8836812e+00   2.3702068e+02
   1.3001794e+00   1.8853082e+00   2.3752068e+02
   1.3004791e+00   1.8869374e+00   2.3802068e+02
   1.3007801e+00   1.8885689e+00   2.3852068e+02
   1.3010825e+00   1.8902027e+00   2.3902068e+02
   1.3013862e+00   1.8918388e+00   2.3952068e+02
   1.3016913e+00   1.8934772e+00   2.4002068e+02
   1.3019978e+00   1.8951178e+00   2.4052068e+02
   1.3023055e+00   1.8967608e+00   2.4102068e+02
   1.3026147e+00   1.8984060e+00   2.4152068e+02
   1.3029252e+00   1.9000535e+00   2.4202068e+02
   1.3032370e+00   1.9017034e+00   2.4252068e+02
   1.3035501e+00   1.9033555e+00   2.4302068e+02
   1.3038646e+00   1.9050099e+00   2.4352068e+02
   1.3041805e+00   1.9066666e+00   2.4402068e+02
   1.3044976e+00   1.9083256e+00   2.4452068e+02
   1.3048161e+00   1.9099869e+00   2.4502068e+02
   1.3051360e+00   1.9116505e+00   2.4552068e+02
   1.3054571e+00   1.9133164e+00   2.4602068e+02
   1.3057796e+00   1.9149846e+00   2.4652068e+02
   1.3061034e+00   1.9166551e+00   2.4702068e+02
   1.3064285e+00   1.9183279e+00   2.4752068e+02
   1.3067549e+00   1.9200030e+00   2.4802068e+02
   1.3070827e+00   1.9216804e+00   2.4852068e+02
   1.3074118e+00   1.9233601e+00   2.4902068e+02
   1.3077421e+00   1.9250421e+00   2.4952068e+02
   1.3080738e+00   1.9267265e+00   2.5002068e+02
   1.3084068e+00   1.9284131e+00   2.5052068e+02
   1.3087411e+00   1.9301020e+00   2.5102068e+02
   1.3090767e+00   1.9317933e+00   2.5152068e+02
   1.3094136e+00   1.9334868e+00   2.5202068e+02
   1.3097518e+00   1.9351827e+00   2.5252068e+02
   1.3100913e+00   1.9368809e+00   2.5302068e+02
   1.3104320e+00   1.9385814e+00   2.5352068e+02
   1.3107741e+00   1.9402842e+00   2.5402068e+02
   1.3111175e+00   1.9419893e+00   2.5452068e+02
   1.3114621e+00   1.9436968e+00   2.5502068e+02
   1.3118080e+00   1.9454065e+00   2.5552068e+02
   1.3121553e+00   1.9471186e+00   2.5602068e+02
   1.3125037e+00   1.9488330e+00   2.5652068e+02
   1.3128535e+00   1.9505497e+00   2.5702068e+02
   1.3132046e+00   1.9522688e+00   2.5752068e+02
   1.3135569e+00   1.9539901e+00   2.5802068e+02
   1.3139104e+00   1.9557138e+00   2.5852068e+02
   1.3142653e+00   1.9574398e+00   2.5902068e+02
   1.3146214e+00   1.9591682e+00   2.5952068e+02
   1.3149788e+00   1.9608988e+00   2.6002068e+02
   1.3153374e+00   1.9626318e+00   2.6052068e+02
   1.3156973e+00   1.9643671e+00   2.6102068e+02
   1.3160585e+00   1.9661048e+00   2.6152068e+02
   1.3164209e+00   1.9678448e+00   2.6202068e+02
   1.3167846e+00   1.9695871e+00   2.6252068e+02
   1.3171495e+00   1.9713317e+00   2.6302068e+02
   1.3175157e+00   1.9730787e+00   2.6352068e+02
   1.3178831e+00   1.9748280e+00   2.6402068e+02
   1.3182517e+00   1.9765796e+00   2.6452068e+02
   1.3186216e+00   1.9783336e+00   2.6502068e+02
   1.3189928e+00   1.9800899e+00   2.6552068e+02
   1.3193651e+00   1.9818485e+00   2.6602068e+02
   1.3197387e+00   1.9836095e+00   2.6652068e+02
   1.3201136e+00   1.9853729e+00   2.6702068e+02
   1.3204897e+00   1.9871385e+00   2.6752068e+02
   1.3208670e+00   1.9889065e+00   2.6802068e+02
   1.3212455e+00   1.9906769e+00   2.6852068e+02
   1.3216252e+00   1.9924496e+00   2.6902068e+02
   1.3220062e+00   1.9942246e+00   2.6952068e+02
   1.3223884e+00   1.9960020e+00   2.7002068e+02
   1.3227718e+00   1.9977817e+00   2.7052068e+02
   1.3231564e+00   1.9995638e+00   2.7102068e+02
   1.3235422e+00   2.0013482e+00   2.7152068e+02
   1.3239293e+00   2.0031350e+00   2.7202068e+02
   1.3243175e+00   2.0049242e+00   2.7252068e+02
   1.3247070e+00   2.0067156e+00   2.7302068e+02
   1.3250976e+00   2.0085095e+00   2.7352068e+02
   1.3254895e+00   2.0103056e+00   2.7402068e+02
   1.3258825e+00   2.0121042e+00   2.7452068e+02
   1.3262768e+00   2.0139051e+00   2.7502068e+02
   1.3266723e+00   2.0157083e+00   2.7552068e+02
   1.3270689e+00   2.0175139e+00   2.7602068e+02
   1.3274667e+00   2.0193219e+00   2.7652068e+02
   1.3278657e+00   2.0211322e+00   2.7702068e+02
   1.3282659e+00   2.0229449e+00   2.7752068e+02
   1.3286673e+00   2.0247599e+00   2.7802068e+02
   1.3290699e+00   2.0265773e+00   2.7852068e+02
   1.3294736e+00   2.0283971e+00   2.7902068e+02
   1.3298786e+00   2.0302192e+00   2.7952068e+02
   1.3302847e+00   2.0320437e+00   2.8002068e+02
   1.3306919e+00   2.0338706e+00   2.8052068e+02
   1.3311004e+00   2.0356998e+00   2.8102068e+02
   1.3315100e+00   2.0375314e+00   2.8152068e+02
   1.3319208e+00   2.0393654e+00   2.8202068e+02
   1.3323327e+00   2.0412017e+00   2.8252068e+02
   1.3327458e+00   2.0430404e+00   2.8302068e+02
   1.3331600e+00   2.0448815e+00   2.8352068e+02
   1.3335755e+00   2.0467249e+00   2.8402068e+02
   1.3339920e+00   2.0485708e+00   2.8452068e+02
   1.3344097e+00   2.0504190e+00   2.8502068e+02
   1.3348286e+00   2.0522695e+00   2.8552068e+02
   1.3352486e+00   2.0541225e+00   2.8602068e+02
   1.3356698e+00   2.0559778e+00   2.8652068e+02
   1.3360921e+00   2.0578355e+00   2.8702068e+02
   1.3365155e+00   2.0596956e+00   2.8752068e+02
   1.3369401e+00   2.0615581e+00   2.8802068e+02
   1.3373658e+00   2.0634229e+00   2.8852068e+02
   1.3377927e+00   2.0652901e+00   2.8902068e+02
   1.3382207e+00   2.0671597e+00   2.8952068e+02
   1.3386498e+00   2.0690317e+00   2.9002068e+02
   1.3390800e+00   2.0709061e+00   2.9052068e+02
   1.3395114e+00   2.0727829e+00   2.9102068e+02
   1.3399439e+00   2.0746620e+00   2.9152068e+02
   1.3403775e+00   2.0765436e+00   2.9202068e+02
   1.3408122e+00   2.0784275e+00   2.9252068e+02
   1.3412481e+00   2.0803138e+00   2.9302068e+02
   1.3416850e+00   2.0822025e+00   2.9352068e+02
   1.3421231e+00   2.0840936e+00   2.9402068e+02
   1.3425623e+00   2.0859871e+00   2.9452068e+02
   1.3430026e+00   2.0878830e+00   2.9502068e+02
   1.3434439e+00   2.0897813e+00   2.9552068e+02
   1.3438864e+00   2.0916819e+00   2.9602068e+02
   1.3443300e+00   2.0935850e+00   2.9652068e+02
   1.3447747e+00   2.0954905e+00   2.9702068e+02
   1.3452205e+00   2.0973983e+00   2.9752068e+02
   1.3456674e+00   2.0993086e+00   2.9802068e+02
   1.3461154e+00   2.1012213e+00   2.9852068e+02
   1.3465644e+00   2.1031364e+00   2.9902068e+02
   1.3470146e+00   2.1050538e+00   2.9952068e+02
   1.3474658e+00   2.1069737e+00   3.0002068e+02
   1.3479181e+00   2.1088960e+00   3.0052068e+02
   1.3483715e+00   2.1108207e+00   3.0102068e+02
   1.3488260e+00   2.1127478e+00   3.0152068e+02
   1.3492816e+00   2.1146773e+00   3.0202068e+02
   1.3497382e+00   2.1166092e+00   3.0252068e+02
   1.3501959e+00   2.1185435e+00   3.0302068e+02
   1.3506547e+00   2.1204802e+00   3.0352068e+02
   1.3511145e+00   2.1224193e+00   3.0402068e+02
   1.3515754e+00   2.1243609e+00   3.0452068e+02
   1.3520374e+00   2.1263049e+00   3.0502068e+02
   1.3525004e+00   2.1282512e+00   3.0552068e+02
   1.3529645e+00   2.1302000e+00   3.0602068e+02
   1.3534296e+00   2.1321512e+00   3.0652068e+02
   1.3538958e+00   2.1341048e+00   3.0702068e+02
   1.3543630e+00   2.1360609e+00   3.0752068e+02
   1.3548313e+00   2.1380193e+00   3.0802068e+02
   1.3553007e+00   2.1399802e+00   3.0852068e+02
   1.3557710e+00   2.1419435e+00   3.0902068e+02
   1.3562425e+00   2.1439093e+00   3.0952068e+02
   1.3567149e+00   2.1458774e+00   3.1002068e+02
   1.3571884e+00   2.1478480e+00   3.1052068e+02
   1.3576630e+00   2.1498210e+00   3.1102068e+02
   1.3581385e+00   2.1517964e+00   3.1152068e+02
   1.3586151e+00   2.1537742e+00   3.1202068e+02
   1.3590928e+00   2.1557545e+00   3.1252068e+02
   1.3595714e+00   2.1577372e+00   3.1302068e+02
   1.3600511e+00   2.1597223e+00   3.1352068e+02
   1.3605318e+00   2.1617099e+00   3.1402068e+02
   1.3610135e+00   2.1636999e+00   3.1452068e+02
   1.3614963e+00   2.1656923e+00   3.1502068e+02
   1.3619800e+00   2.1676872e+00   3.1552068e+02
   1.3624648e+00   2.1696845e+00   3.1602068e+02
   1.3629506e+00   2.1716842e+00   3.1652068e+02
   1.3634374e+00   2.1736863e+00   3.1702068e+02
   1.3639252e+00   2.1756909e+00   3.1752068e+02
   1.3644140e+00   2.1776980e+00   3.1802068e+02
   1.3649038e+00   2.1797075e+00   3.1852068e+02
   1.3653946e+00   2.1817194e+00   3.1902068e+02
   1.3658864e+00   2.1837337e+00   3.1952068e+02
   1.3663792e+00   2.1857505e+00   3.2002068e+02
   1.3668730e+00   2.1877698e+00   3.2052068e+02
   1.3673678e+00   2.1897915e+00   3.2102068e+02
   1.3678635e+00   2.1918156e+00   3.2152068e+02
   1.3683603e+00   2.1938422e+00   3.2202068e+02
   1.3688580e+00   2.1958712e+00   3.2252068e+02
   1.3693567e+00   2.1979027e+00   3.2302068e+02
   1.3698564e+00   2.1999366e+00   3.2352068e+02
   1.3703571e+00   2.2019730e+00   3.2402068e+02
   1.3708588e+00   2.2040118e+00   3.2452068e+02
   1.3713614e+00   2.2060531e+00   3.2502068e+02
   1.3718650e+00   2.2080968e+00   3.2552068e+02
   1.3723696e+00   2.2101430e+00   3.2602068e+02
   1.3728751e+00   2.2121916e+00   3.2652068e+02
   1.3733816e+00   2.2142427e+00   3.2702068e+02
   1.3738891e+00   2.2162962e+00   3.2752068e+02
   1.3743975e+00   2.2183522e+00   3.2802068e+02
   1.3749069e+00   2.2204107e+00   3.2852068e+02
   1.3754172e+00   2.2224716e+00   3.2902068e+02
   1.3759285e+00   2.2245350e+00   3.2952068e+02
   1.3764407e+00   2.2266008e+00   3.3002068e+02
   1.3769539e+00   2.2286691e+00   3.3052068e+02
   1.3774680e+00   2.2307399e+00   3.3102068e+02
   1.3779831e+00   2.2328131e+00   3.3152068e+02
   1.3784991e+00   2.2348888e+00   3.3202068e+02
   1.3790161e+00   2.2369670e+00   3.3252068e+02
   1.3795340e+00   2.2390476e+00   3.3302068e+02
   1.3800528e+00   2.2411307e+00   3.3352068e+02
   1.3805726e+00   2.2432163e+00   3.3402068e+02
   1.3810932e+00   2.2453043e+00   3.3452068e+02
   1.3816149e+00   2.2473949e+00   3.3502068e+02
   1.3821374e+00   2.2494878e+00   3.3552068e+02
   1.3826609e+00   2.2515833e+00   3.3602068e+02
   1.3831853e+00   2.2536812e+00   3.3652068e+02
   1.3837106e+00   2.2557816e+00   3.3702068e+02
   1.3842368e+00   2.2578845e+00   3.3752068e+02
   1.3847640e+00   2.2599898e+00   3.3802068e+02
   1.3852920e+00   2.2620977e+00   3.3852068e+02
   1.3858210e+00   2.2642080e+00   3.3902068e+02
   1.3863509e+00   2.2663208e+00   3.3952068e+02
   1.3868816e+00   2.2684360e+00   3.4002068e+02
   1.3874133e+00   2.2705538e+00   3.4052068e+02
   1.3879459e+00   2.2726740e+00   3.4102068e+02
   1.3884794e+00   2.2747968e+00   3.4152068e+02
   1.3890138e+00   2.2769220e+00   3.4202068e+02
   1.3895491e+00   2.2790496e+00   3.4252068e+02
   1.3900852e+00   2.2811798e+00   3.4302068e+02
   1.3906223e+00   2.2833125e+00   3.4352068e+02
   1.3911602e+00   2.2854476e+00   3.4402068e+02
   1.3916991e+00   2.2875853e+00   3.4452068e+02
   1.3922388e+00   2.2897254e+00   3.4502068e+02
   1.3927794e+00   2.2918680e+00   3.4552068e+02
   1.3933209e+00   2.2940131e+00   3.4602068e+02
   1.3938632e+00   2.2961607e+00   3.4652068e+02
   1.3944064e+00   2.2983108e+00   3.4702068e+02
   1.3949505e+00   2.3004634e+00   3.4752068e+02
   1.3954955e+00   2.3026185e+00   3.4802068e+02
   1.3960414e+00   2.3047761e+00   3.4852068e+02
   1.3965881e+00   2.3069362e+00   3.4902068e+02
   1.3971356e+00   2.3090988e+00   3.4952068e+02
   1.3976841e+00   2.3112639e+00   3.5002068e+02
   1.3982334e+00   2.3134315e+00   3.5052068e+02
   1.3987835e+00   2.3156016e+00   3.5102068e+02
   1.3993345e+00   2.3177741e+00   3.5152068e+02
   1.3998864e+00   2.3199492e+00   3.5202068e+02
   1.4004391e+00   2.3221268e+00   3.5252068e+02
   1.4009926e+00   2.3243069e+00   3.5302068e+02
   1.4015470e+00   2.3264896e+00   3.5352068e+02
   1.4021022e+00   2.3286747e+00   3.5402068e+02
   1.4026583e+00   2.3308623e+00   3.5452068e+02
   1.4032153e+00   2.3330524e+00   3.5502068e+02
   1.4037730e+00   2.3352451e+00   3.5552068e+02
   1.4043316e+00   2.3374402e+00   3.5602068e+02
   1.4048910e+00   2.3396379e+00   3.5652068e+02
   1.4054513e+00   2.3418381e+00   3.5702068e+02
   1.4060124e+00   2.3440408e+00   3.5752068e+02
   1.4065743e+00   2.3462460e+00   3.5802068e+02
   1.4071370e+00   2.3484538e+00   3.5852068e+02
   1.4077005e+00   2.3506640e+00   3.5902068e+02
   1.4082649e+00   2.3528768e+00   3.5952068e+02
   1.4088301e+00   2.3550921e+00   3.6002068e+02
   1.4093961e+00   2.3573099e+00   3.6052068e+02
   1.4099629e+00   2.3595302e+00   3.6102068e+02
   1.4105305e+00   2.3617530e+00   3.6152068e+02
   1.4110990e+00   2.3639784e+00   3.6202068e+02
   1.4116682e+00   2.3662063e+00   3.6252068e+02
   1.4122382e+00   2.3684367e+00   3.6302068e+02
   1.4128091e+00   2.3706697e+00   3.6352068e+02
   1.4133807e+00   2.3729052e+00   3.6402068e+02
   1.4139532e+00   2.3751432e+00   3.6452068e+02
   1.4145264e+00   2.3773837e+00   3.6502068e+02
   1.4151004e+00   2.3796268e+00   3.6552068e+02
   1.4156752e+00   2.3818723e+00   3.6602068e+02
   1.4162508e+00   2.3841205e+00   3.6652068e+02
   1.4168272e+00   2.3863711e+00   3.6702068e+02
   1.4174044e+00   2.3886243e+00   3.6752068e+02
   1.4179823e+00   2.3908800e+00   3.6802068e+02
   1.4185611e+00   2.3931383e+00   3.6852068e+02
   1.4191406e+00   2.3953991e+00   3.6902068e+02
   1.4197208e+00   2.3976624e+00   3.6952068e+02
   1.4203019e+00   2.3999283e+00   3.7002068e+02
   1.4208837e+00   2.4021967e+00   3.7052068e+02
   1.4214663e+00   2.4044677e+00   3.7102068e+02
   1.4220496e+00   2.4067412e+00   3.7152068e+02
   1.4226337e+00   2.4090172e+00   3.7202068e+02
   1.4232186e+00   2.4112958e+00   3.7252068e+02
   1.4238043e+00   2.4135769e+00   3.7302068e+02
   1.4243906e+00   2.4158606e+00   3.7352068e+02
   1.4249778e+00   2.4181468e+00   3.7402068e+02
   1.4255657e+00   2.4204356e+00   3.7452068e+02
   1.4261543e+00   2.4227269e+00   3.7502068e+02
   1.4267437e+00   2.4250207e+00   3.7552068e+02
   1.4273339e+00   2.4273171e+00   3.7602068e+02
   1.4279247e+00   2.4296161e+00   3.7652068e+02
   1.4285163e+00   2.4319176e+00   3.7702068e+02
   1.4291087e+00   2.4342217e+00   3.7752068e+02
   1.4297018e+00   2.4365283e+00   3.7802068e+02
   1.4302956e+00   2.4388375e+00   3.7852068e+02
   1.4308902e+00   2.4411492e+00   3.7902068e+02
   1.4314855e+00   2.4434635e+00   3.7952068e+02
   1.4320815e+00   2.4457804e+00   3.8002068e+02
   1.4326782e+00   2.4480998e+00   3.8052068e+02
   1.4332757e+00   2.4504217e+00   3.8102068e+02
   1.4338739e+00   2.4527463e+00   3.8152068e+02
   1.4344728e+00   2.4550733e+00   3.8202068e+02
   1.4350724e+00   2.4574030e+00   3.8252068e+02
   1.4356727e+00   2.4597352e+00   3.8302068e+02
   1.4362738e+00   2.4620700e+00   3.8352068e+02
   1.4368755e+00   2.4644073e+00   3.8402068e+02
   1.4374780e+00   2.4667472e+00   3.8452068e+02
   1.4380812e+00   2.4690897e+00   3.8502068e+02
   1.4386850e+00   2.4714348e+00   3.8552068e+02
   1.4392896e+00   2.4737824e+00   3.8602068e+02
   1.4398949e+00   2.4761326e+00   3.8652068e+02
   1.4405008e+00   2.4784853e+00   3.8702068e+02
   1.4411075e+00   2.4808407e+00   3.8752068e+02
   1.4417148e+00   2.4831986e+00   3.8802068e+02
   1.4423228e+00   2.4855591e+00   3.8852068e+02
   1.4429316e+00   2.4879221e+00   3.8902068e+02
   1.4435410e+00   2.4902877e+00   3.8952068e+02
   1.4441511e+00   2.4926559e+00   3.9002068e+02
   1.4447618e+00   2.4950267e+00   3.9052068e+02
   1.4453733e+00   2.4974001e+00   3.9102068e+02
   1.4459854e+00   2.4997760e+00   3.9152068e+02
   1.4465982e+00   2.5021546e+00   3.9202068e+02
   1.4472117e+00   2.5045357e+00   3.9252068e+02
   1.4478258e+00   2.5069194e+00   3.9302068e+02
   1.4484406e+00   2.5093056e+00   3.9352068e+02
   1.4490561e+00   2.5116945e+00   3.9402068e+02
   1.4496722e+00   2.5140859e+00   3.9452068e+02
   1.4502890e+00   2.5164800e+00   3.9502068e+02
   1.4509064e+00   2.5188766e+00   3.9552068e+02
   1.4515245e+00   2.5212758e+00   3.9602068e+02
   1.4521433e+00   2.5236776e+00   3.9652068e+02
   1.4527627e+00   2.5260820e+00   3.9702068e+02
   1.4533828e+00   2.5284890e+00   3.9752068e+02
   1.4540035e+00   2.5308985e+00   3.9802068e+02
   1.4546248e+00   2.5333107e+00   3.9852068e+02
   1.4552468e+00   2.5357255e+00   3.9902068e+02
