   1.4000000e+01   9.1060558e+01   1.5646482e+00   1.2907686e+02   2.9200000e+02   2.2700000e+02   8.0492685e+00   7.2816736e+01   5.4897291e+00   3.4514442e+00   5.4935624e+00   2.2058914e+00   1.3523008e-01   5.5480340e+00   8.3578689e-02   1.3663036e-01   4.9113553e-02   9.2057047e-02   9.3153609e-01   1.0000000e+01
   1.5000000e+01   5.9244244e+01   1.9807960e+00   1.4609426e+02   2.2500000e+02   3.7200000e+02   7.5078506e+00   1.0791485e+02   6.1109836e+00   3.4442477e+00   6.1991298e+00   1.7388200e+00   1.3969158e-01   5.1217472e+00   7.3995472e-02   1.0495222e-01   3.4873810e-02   5.2599924e-02   9.5641342e-01   1.4000000e+01
   1.1000000e+01   8.0408484e+01   1.7537730e+00   1.3541748e+02   7.6000000e+01   1.6900000e+02   6.8003754e+00   5.1135982e+01   8.0497172e+00   3.4305575e+00   5.9518462e+00   1.9561012e+00   8.6285579e-02   3.6781614e+00   1.2025874e-01   1.6313535e-01   5.0520584e-02   7.8492960e-02   9.2786769e-01   2.0000000e+00
   1.0000000e+01   6.0267123e+01   2.1421170e+00   1.2706155e+02   1.9100000e+02   3.9300000e+02   8.2172785e+00   8.4465422e+01   5.4063742e+00   3.3682610e+00   6.0838214e+00   1.5723982e+00   1.0204414e-01   3.5500665e+00   7.4402240e-02   1.0028307e-01   3.2203973e-02   4.4519067e-02   9.5915653e-01   1.6000000e+01
   2.0000000e+00  -3.5200000e-01   1.7351562e+00   6.9000000e+01   3.6600000e+02   3.5700000e+02   8.2948712e+00   9.5835584e+01   4.8570202e+00   3.3115071e+00   6.1698943e+00   1.9084778e+00   1.3569581e-01   5.1667163e+00   7.5487432e-02   1.0833532e-01   3.8687142e-02   6.1480660e-02   9.5338081e-01   6.0000000e+00
   5.0000000e+00   2.1855200e+02   2.2614463e+00   1.3800000e+02   9.7000000e+01   3.0500000e+02   8.2615367e+00   8.1613939e+01   6.1469611e+00   3.2177245e+00   6.1616754e+00   1.4228613e+00   7.3447091e-02   2.3340756e+00   5.3227463e-02   6.8680461e-02   2.2600674e-02   2.9349080e-02   9.7705776e-01   8.0000000e+00
   3.3000000e+01  -1.0042247e+01   1.4936951e+00   1.3830987e+02   3.1100000e+02   1.3000000e+02   8.1887867e+00   5.0931242e+01   5.9401806e+00   3.2100906e+00   5.4272287e+00   2.1490936e+00   6.6888448e-02   2.5530988e+00   5.4611816e-02   8.5266711e-02   3.4978110e-02   6.1515414e-02   9.6470575e-01   2.0000000e+00
   2.5000000e+01   5.2874766e+01   1.7976634e+00   1.3329794e+02   3.5600000e+02   3.0800000e+02   9.4173880e+00   7.8578719e+01   6.5320704e+00   3.1165278e+00   5.8802771e+00   1.7336549e+00   1.3920430e-01   4.7258263e+00   8.8588326e-02   1.1973959e-01   4.6901655e-02   6.8309716e-02   9.2648708e-01   9.0000000e+00
   1.1000000e+01   9.0642544e+01   1.9196017e+00   1.3509022e+02   2.6200000e+02   2.5700000e+02   7.1127448e+00   4.2042916e+01   5.5413793e+00   3.0783982e+00   6.0405006e+00   1.6036651e+00   4.5760533e-02   1.4871976e+00   5.6214006e-02   7.3443527e-02   2.8229882e-02   3.8913176e-02   9.6985388e-01   6.0000000e+00
   8.0000000e+00   1.5600800e+02   1.8997001e+00   1.2500000e+02   2.7600000e+02   3.2900000e+02   8.8263107e+00   1.5620404e+02   5.4704528e+00   3.0463485e+00   5.5691147e+00   1.6035944e+00   1.3693547e-01   4.4165711e+00   4.5356658e-02   5.8892200e-02   2.2899559e-02   3.1239535e-02   9.8000614e-01   1.6000000e+01
   2.3000000e+01   1.2121421e+02   1.8257960e+00   1.2711262e+02   8.5000000e+01   9.9000000e+01   1.1177426e+01   1.2949518e+02   5.7226061e+00   3.0394313e+00   6.2955824e+00   1.6647158e+00   1.8925196e-01   6.1847135e+00   7.1720594e-02   9.4544291e-02   3.8054014e-02   5.3615711e-02   9.4871320e-01   4.0000000e+00
   1.4000000e+01   1.5697616e+02   2.1870604e+00   1.2696904e+02   1.3200000e+02   2.5300000e+02   7.6300893e+00   4.5725387e+01   5.9160486e+00   3.0393715e+00   6.5769621e+00   1.3897062e+00   4.3980951e-02   1.3238752e+00   5.2258075e-02   6.5352032e-02   2.3352937e-02   2.9748358e-02   9.7526450e-01   1.4000000e+01
   2.2000000e+01   2.9551561e+01   1.4052341e+00   1.4704376e+02   3.3800000e+02   8.1000000e+01   9.9584132e+00   5.9215224e+01   5.3785903e+00   2.9638353e+00   6.2810006e+00   2.1091398e+00   7.6406297e-02   2.7575040e+00   4.9305106e-02   7.4949845e-02   3.3770975e-02   5.6872240e-02   9.6814257e-01   2.0000000e+00
   1.1000000e+01   1.2389950e+02   1.7905082e+00   1.3402675e+02   2.7100000e+02   4.1500000e+02   7.6452226e+00   6.2021122e+01   6.2352920e+00   2.9315741e+00   5.7839623e+00   1.6372860e+00   7.2801555e-02   2.3004989e+00   5.5245205e-02   7.1459776e-02   3.0128078e-02   4.1651064e-02   9.6703160e-01   1.6000000e+01
   5.0000000e+00   1.2473600e+02   1.2987192e+00   1.4100000e+02   3.9800000e+02   1.6700000e+02   7.4162696e+00   4.8732211e+01   6.2131606e+00   2.9273211e+00   5.9834622e+00   2.2540063e+00   1.0118511e-01   3.7097333e+00   7.0268315e-02   1.1468772e-01   5.2827601e-02   9.5642260e-02   9.2971553e-01   3.0000000e+00
   1.3000000e+01   5.5706980e+01   1.7843795e+00   1.4020737e+02   2.9400000e+02   2.3800000e+02   7.2319888e+00   5.4055255e+01   6.0718610e+00   2.9130335e+00   5.9310533e+00   1.6325191e+00   4.6467599e-02   1.4583199e+00   3.9976672e-02   5.1545024e-02   2.1957251e-02   3.0311427e-02   9.8218965e-01   5.0000000e+00
   1.1000000e+01   2.1855200e+02   2.0405838e+00   1.3100000e+02   1.0300000e+02   3.3700000e+02   7.7484211e+00   7.5102291e+01   5.6346038e+00   2.8907786e+00   5.6139810e+00   1.4166430e+00   6.4537944e-02   1.8925817e+00   4.3204751e-02   5.3235833e-02   2.0767200e-02   2.6440451e-02   9.8111062e-01   1.1000000e+01
   2.8000000e+01   9.3685920e+01   1.9852913e+00   1.4099290e+02   8.9000000e+01   1.6700000e+02   8.6056043e+00   4.1855460e+01   6.4612683e+00   2.8700610e+00   5.6568039e+00   1.4456624e+00   6.2354390e-02   1.8299892e+00   7.3870419e-02   9.1083263e-02   3.6502226e-02   4.6683427e-02   9.4535904e-01   3.0000000e+00
   3.1000000e+01   9.3464000e+01   1.6037127e+00   1.2800000e+02   3.1500000e+02   2.4400000e+02   8.3024865e+00   3.4960457e+01   5.4344186e+00   2.8606491e+00   6.1115261e+00   1.7837665e+00   3.3486502e-02   1.0878440e+00   4.1193456e-02   5.5164938e-02   2.4982678e-02   3.6285029e-02   9.7950361e-01   9.0000000e+00
   2.9000000e+01   1.0470429e+02   1.9834903e+00   1.3464056e+02   1.9000000e+02   2.6800000e+02   9.6120570e+00   1.0686346e+02   5.8331887e+00   2.8139728e+00   6.1628233e+00   1.4186975e+00   8.0326557e-02   2.3079215e+00   3.6018263e-02   4.3942019e-02   1.7968269e-02   2.2829258e-02   9.8591540e-01   2.0000000e+00
   3.0000000e+01   1.5600800e+02   1.7520328e+00   1.2200000e+02   3.5900000e+02   3.0500000e+02   9.4475958e+00   3.7780731e+01   5.8873899e+00   2.7755008e+00   5.8383611e+00   1.5841603e+00   6.7935815e-02   2.0319257e+00   8.0093627e-02   1.0046516e-01   4.5146353e-02   6.0316799e-02   9.2760827e-01   1.6000000e+01
   1.5000000e+01   1.6754138e+02   1.9135085e+00   1.4263119e+02   2.0600000e+02   3.6500000e+02   7.0809610e+00   5.7312629e+01   6.6129829e+00   2.7652055e+00   5.8067879e+00   1.4450971e+00   5.6303212e-02   1.6245486e+00   4.6249442e-02   5.6643853e-02   2.3759829e-02   3.0232319e-02   9.7648984e-01   1.3000000e+01
   8.0000000e+00   1.1929646e+02   1.7142612e+00   1.2617394e+02   3.0900000e+02   4.1800000e+02   7.6936858e+00   5.4050520e+01   5.8033240e+00   2.7536525e+00   5.9073591e+00   1.6063203e+00   6.8223773e-02   2.0415505e+00   5.5326906e-02   6.9577001e-02   3.1844509e-02   4.2743527e-02   9.6330342e-01   2.4000000e+01
   5.0000000e+00   1.2473600e+02   1.8822212e+00   1.4100000e+02   2.0200000e+02   3.4400000e+02   7.9601727e+00   7.0019894e+01   6.1210806e+00   2.6998078e+00   5.5772180e+00   1.4343733e+00   6.3354706e-02   1.7808071e+00   4.0551939e-02   4.8999390e-02   2.1504817e-02   2.7238754e-02   9.8054876e-01   9.0000000e+00
   2.8000000e+01   1.8056910e+02   1.8114569e+00   1.3821460e+02   1.8500000e+02   2.6300000e+02   8.3413653e+00   3.5113187e+01   5.0424992e+00   2.6990858e+00   5.7827354e+00   1.4900083e+00   3.1696417e-02   9.2048654e-01   4.1543136e-02   5.1238677e-02   2.2348694e-02   2.8478757e-02   9.8027969e-01   6.0000000e+00
   3.2000000e+01   1.5600800e+02   1.8339539e+00   1.3600000e+02   2.7700000e+02   2.3100000e+02   8.4860244e+00   3.2269378e+01   6.2355087e+00   2.6438844e+00   6.1926584e+00   1.4416308e+00   2.7817783e-02   7.7414261e-01   3.7541373e-02   4.5221044e-02   2.0438586e-02   2.5851205e-02   9.8266489e-01   2.0000000e+00
   2.0000000e+01   1.5742809e+02   1.7477379e+00   1.2595459e+02   2.1500000e+02   2.4800000e+02   8.4094896e+00   9.0034135e+01   6.3914231e+00   2.6363049e+00   5.7711181e+00   1.5084097e+00   8.6227537e-02   2.4439204e+00   4.0977350e-02   4.9977036e-02   2.3346689e-02   3.0000284e-02   9.7876850e-01   9.0000000e+00
   4.0000000e+00   1.7350390e+02   1.8584787e+00   1.2744052e+02   1.7600000e+02   3.6200000e+02   7.9469489e+00   6.4779579e+01   6.3035698e+00   2.5940136e+00   5.8787666e+00   1.3957726e+00   5.0144006e-02   1.3585626e+00   3.3289315e-02   3.9603514e-02   1.7911576e-02   2.2285265e-02   9.8612140e-01   5.0000000e+00
   1.4000000e+01   1.7904485e+02   1.8334681e+00   1.2626334e+02   2.3500000e+02   3.5600000e+02   8.1457894e+00   1.1473088e+02   6.2349268e+00   2.5715644e+00   6.2010328e+00   1.4025684e+00   8.5724471e-02   2.3132943e+00   3.1670656e-02   3.7622172e-02   1.7296754e-02   2.1524412e-02   9.8716156e-01   2.2000000e+01
   1.1000000e+01   1.9294342e+02   1.7503162e+00   1.3181890e+02   3.2200000e+02   2.8900000e+02   7.4089901e+00   8.2699735e+01   6.5258658e+00   2.5464984e+00   6.4008247e+00   1.4548791e+00   7.4124227e-02   2.0284057e+00   3.7433044e-02   4.4913477e-02   2.1315943e-02   2.6739457e-02   9.8167560e-01   7.0000000e+00
   1.0000000e+00   1.2467829e+03   7.8877730e-01   5.4119757e+01   2.4700000e+02   1.9800000e+02   5.8069088e+00   1.7874551e+01   5.7862810e+00   2.5218153e+00   7.2755061e+00   3.1971195e+00   2.0842162e-02   8.9749296e-01   3.1398038e-02   6.2106377e-02   4.4661436e-02   8.0621879e-02   9.7606595e-01   5.0000000e+00
   1.0000000e+01   1.3130720e+03   7.4792675e-01   8.7000000e+01   4.0900000e+02   2.2800000e+02   7.6346413e+00   3.0529006e+01   5.8197388e+00   2.5192266e+00   6.4322246e+00   3.3682799e+00   5.0499573e-02   2.1885143e+00   3.8990894e-02   8.8280595e-02   5.5740145e-02   1.0959851e-01   9.5946818e-01   6.0000000e+00
   3.3000000e+01   9.3464000e+01   1.6597775e+00   1.3500000e+02   2.1400000e+02   2.0500000e+02   8.1631827e+00   5.2594212e+01   5.8032800e+00   2.4958796e+00   6.4763143e+00   1.5037434e+00   5.0139559e-02   1.3746712e+00   3.7895421e-02   4.5631826e-02   2.2883096e-02   2.9043284e-02   9.7998378e-01   3.0000000e+00
   3.0000000e+01   9.3464000e+01   1.7272011e+00   1.2400000e+02   1.2500000e+02   2.5500000e+02   9.2772563e+00   5.9920606e+01   5.9762516e+00   2.4313289e+00   6.2606816e+00   1.4076699e+00   3.8479851e-02   1.0059184e+00   2.5192108e-02   2.9621569e-02   1.4687221e-02   1.8116160e-02   9.9095379e-01   1.1000000e+01
   8.0000000e+00   1.8360800e+02   1.6651455e+00   1.2411742e+02   2.2100000e+02   4.2800000e+02   7.4983621e+00   4.5655112e+01   5.6797940e+00   2.3927069e+00   5.6988730e+00   1.4369356e+00   3.9723364e-02   1.0399447e+00   3.3452229e-02   3.9484775e-02   2.0181211e-02   2.4943994e-02   9.8365877e-01   2.6000000e+01
   9.0000000e+00   1.8728000e+02   1.4382760e+00   1.2700000e+02   4.0800000e+02   1.3100000e+02   7.5358847e+00   3.0201216e+01   6.0916963e+00   2.3827982e+00   6.5316390e+00   1.6567044e+00   4.7896466e-02   1.3407919e+00   5.7013151e-02   7.0634581e-02   3.9754170e-02   5.1968446e-02   9.4966994e-01   3.0000000e+00
   2.0000000e+01   1.6858935e+02   1.6624142e+00   1.2559768e+02   1.1300000e+02   9.2000000e+01   7.8153891e+00   4.3453215e+01   6.3296193e+00   2.3796138e+00   5.7587106e+00   1.4314205e+00   5.3609831e-02   1.3967606e+00   4.7083364e-02   5.5478929e-02   2.8481238e-02   3.5126259e-02   9.6783080e-01   2.0000000e+00
   1.9000000e+01   1.2473600e+02   1.5925211e+00   1.3400000e+02   1.1600000e+02   8.6000000e+01   7.8076324e+00   3.1924000e+01   5.5091647e+00   2.3749661e+00   5.5892577e+00   1.4913247e+00   4.7624937e-02   1.2627182e+00   5.6499640e-02   6.7329890e-02   3.5567096e-02   4.4306617e-02   9.5334033e-01   2.0000000e+00
   8.0000000e+00   2.2077398e+02   1.7655087e+00   1.2292895e+02   1.2900000e+02   3.2200000e+02   7.5315192e+00   4.0268733e+01   6.1258645e+00   2.3629079e+00   5.9210907e+00   1.3383722e+00   3.1234366e-02   7.8431354e-01   2.9717742e-02   3.4375069e-02   1.6997966e-02   2.0538109e-02   9.8715604e-01   1.4000000e+01
   2.3000000e+01   1.1567120e+03   6.7409304e-01   9.4000000e+01   2.6400000e+02   2.4400000e+02   1.0311914e+01   4.8215189e+01   6.2633610e+00   2.3291200e+00   6.5842263e+00   3.4551907e+00   5.0591693e-02   2.1449112e+00   2.6002131e-02   5.3658521e-02   4.2155724e-02   7.4472009e-02   9.8041931e-01   1.0000000e+01
   2.0000000e+00   1.2536966e+03   6.7684042e-01   2.8898674e+01   2.7000000e+02   1.6900000e+02   7.5124636e+00   2.9322092e+01   6.4845256e+00   2.3127905e+00   5.4786872e+00   3.4170396e+00   4.5358788e-02   1.9015859e+00   3.9686409e-02   7.8845658e-02   6.3347782e-02   1.0915046e-01   9.5601039e-01   2.0000000e+00
   1.6000000e+01   1.2473600e+02   1.5954743e+00   1.2300000e+02   2.3400000e+02   1.8900000e+02   7.8188448e+00   4.9301161e+01   6.4123136e+00   2.2988400e+00   5.5937688e+00   1.4408505e+00   4.8753798e-02   1.2467665e+00   3.6235069e-02   4.2529400e-02   2.2899171e-02   2.8014107e-02   9.7943190e-01   4.0000000e+00
   2.0000000e+00   1.3449977e+03   6.5272453e-01   2.5979096e+01   2.0900000e+02   3.6000000e+02   7.1706635e+00   3.0060441e+01   5.6113038e+00   2.2829737e+00   5.4980485e+00   3.4976067e+00   2.6678488e-02   1.1293411e+00   2.2435205e-02   4.5131490e-02   3.7514149e-02   6.4760851e-02   9.8508395e-01   7.0000000e+00
   2.5000000e+01   9.3464000e+01   1.5337767e+00   1.3200000e+02   2.0800000e+02   1.2100000e+02   8.6446228e+00   3.8536880e+01   6.5287761e+00   2.2731478e+00   6.2108514e+00   1.4820592e+00   4.2340059e-02   1.0969359e+00   3.9442426e-02   4.6718968e-02   2.5863380e-02   3.1914891e-02   9.7513977e-01   1.0000000e+00
   1.0000000e+00   1.5600800e+02   1.5854731e+00   8.9000000e+01   3.9900000e+02   1.7800000e+02   6.6622293e+00   2.7621513e+01   5.9576445e+00   2.2636111e+00   5.8123159e+00   1.4277197e+00   3.3915276e-02   8.5720840e-01   4.3988170e-02   5.1402437e-02   2.7978477e-02   3.4143594e-02   9.6935494e-01   4.0000000e+00
   2.3000000e+01   2.1855200e+02   1.5368029e+00   1.2400000e+02   4.0800000e+02   1.7600000e+02   1.1764553e+01   1.0616935e+02   5.5547806e+00   2.2608456e+00   6.4239247e+00   1.4711357e+00   1.4973765e-01   3.8373245e+00   5.0459639e-02   5.9460114e-02   3.3046094e-02   4.0539958e-02   9.5952394e-01   6.0000000e+00
   2.8000000e+01   1.1563914e+03   6.6864649e-01   1.0701025e+02   7.2000000e+01   7.5000000e+01   7.6331068e+00   2.6847002e+01   5.8793933e+00   2.2163547e+00   5.4874397e+00   3.3146883e+00   4.6287757e-02   1.8459578e+00   4.3435171e-02   8.3057990e-02   6.9722628e-02   1.1556160e-01   9.4653038e-01   1.0000000e+00
   1.8000000e+01   2.2306227e+02   1.6536965e+00   1.2885577e+02   2.5900000e+02   3.2500000e+02   7.3224219e+00   3.6941631e+01   6.0157461e+00   2.2090176e+00   6.2033831e+00   1.3358059e+00   4.7222652e-02   1.1427100e+00   4.5002410e-02   5.1629384e-02   2.7574155e-02   3.2909555e-02   9.6765241e-01   2.0000000e+00
   8.0000000e+00   1.2505280e+03   6.8791847e-01   9.0000000e+01   1.3500000e+02   3.5600000e+02   7.3370557e+00   2.3655399e+01   6.4039753e+00   2.1842058e+00   5.3994495e+00   3.1750939e+00   3.0372411e-02   1.1712186e+00   3.3548944e-02   6.0233331e-02   5.1809793e-02   8.2448720e-02   9.6815726e-01   1.9000000e+01
   2.3000000e+01   1.1756382e+03   7.4870817e-01   9.3394788e+01   4.3700000e+02   2.4400000e+02   9.9203997e+00   3.2616792e+01   5.9725871e+00   2.1580997e+00   6.1693689e+00   2.8824310e+00   3.2976213e-02   1.1785290e+00   2.5502829e-02   4.4334341e-02   3.4887388e-02   5.4559975e-02   9.8203342e-01   1.1000000e+01
   1.1000000e+01   2.5797623e+02   1.6137559e+00   1.2973931e+02   1.9400000e+02   3.3200000e+02   7.7755340e+00   9.3380495e+01   5.8358784e+00   2.1561137e+00   6.4734735e+00   1.3360842e+00   6.3856527e-02   1.5218670e+00   2.3467575e-02   2.6837181e-02   1.4711757e-02   1.7449212e-02   9.9061953e-01   1.0000000e+01
   2.3000000e+01   1.3177933e+03   6.6523012e-01   8.8849025e+01   1.6100000e+02   1.8300000e+02   1.0730777e+01   3.4554414e+01   6.4062024e+00   2.1521332e+00   5.2509266e+00   3.2351710e+00   4.7807177e-02   1.8613056e+00   3.6624556e-02   6.4964101e-02   5.9310676e-02   9.3191833e-02   9.6174047e-01   8.0000000e+00
   8.0000000e+00   1.1901413e+03   7.4441222e-01   9.1931015e+01   3.4000000e+02   1.1900000e+02   7.5495657e+00   3.2105061e+01   5.8365405e+00   2.0970713e+00   7.0145771e+00   2.8170835e+00   2.6854844e-02   9.4806886e-01   2.2628237e-02   3.6186813e-02   3.1933325e-02   4.7429182e-02   9.8607917e-01   3.0000000e+00
   2.2000000e+01   1.1569472e+03   6.1651320e-01   1.1099248e+02   3.3800000e+02   3.0400000e+02   1.0813258e+01   4.0834433e+01   6.1261619e+00   2.0673130e+00   5.3895515e+00   3.3532340e+00   4.8646736e-02   1.8974053e+00   3.0936048e-02   5.4844567e-02   5.4358767e-02   8.4405081e-02   9.7062516e-01   7.0000000e+00
   2.0000000e+01   2.6702491e+02   1.4932129e+00   1.2244996e+02   2.5000000e+02   2.8700000e+02   7.6765593e+00   3.5511974e+01   6.5564956e+00   2.0614486e+00   6.0863344e+00   1.3805457e+00   3.2815067e-02   7.7842457e-01   3.0132755e-02   3.4595081e-02   2.0385655e-02   2.4124798e-02   9.8332216e-01   1.2000000e+01
   8.0000000e+00   2.4982400e+02   1.5388979e+00   1.2200000e+02   3.2500000e+02   1.4900000e+02   7.2287193e+00   2.1682195e+01   6.5773626e+00   2.0522914e+00   5.8740012e+00   1.3336112e+00   2.2023245e-02   5.1256106e-01   3.3054440e-02   3.7654985e-02   2.1772194e-02   2.5552074e-02   9.8008508e-01   6.0000000e+00
   1.4000000e+01   1.2473600e+02   1.4951303e+00   1.2800000e+02   3.6400000e+02   2.9000000e+02   8.0616106e+00   9.8087527e+01   6.3411434e+00   2.0353010e+00   5.5168408e+00   1.3612867e+00   9.0986332e-02   2.1302125e+00   2.9763323e-02   3.4030217e-02   2.0107279e-02   2.3692827e-02   9.8348934e-01   1.8000000e+01
   1.0000000e+01   2.4982400e+02   1.3995200e+00   1.2100000e+02   2.4100000e+02   9.0000000e+01   7.9527538e+00   5.6593699e+01   5.8354308e+00   2.0352591e+00   6.3426585e+00   1.4542552e+00   5.9619678e-02   1.4371637e+00   3.3457603e-02   3.8863916e-02   2.4165923e-02   2.8910953e-02   9.7863906e-01   1.0000000e+00
   6.0000000e+00   1.1872010e+03   7.2375658e-01   9.8025037e+01   3.8900000e+02   1.0600000e+02   7.8553041e+00   3.5402193e+01   6.6596070e+00   2.0315434e+00   5.9861747e+00   2.8069430e+00   4.8202534e-02   1.6356736e+00   3.6871003e-02   5.7397849e-02   5.1750128e-02   7.3958477e-02   9.6225864e-01   2.0000000e+00
   7.0000000e+00   1.1840029e+03   7.2155948e-01   9.5127304e+01   4.3200000e+02   4.0700000e+02   7.4476215e+00   3.0902325e+01   6.4692146e+00   2.0255840e+00   5.5780196e+00   2.8072307e+00   3.1041096e-02   1.0575751e+00   2.6686276e-02   4.2039377e-02   3.7785616e-02   5.4498714e-02   9.7984498e-01   1.5000000e+01
   6.0000000e+00   2.3901648e+02   1.5218204e+00   1.2834560e+02   2.7100000e+02   3.4200000e+02   7.6052125e+00   6.3486486e+01   6.3279173e+00   2.0141547e+00   5.5887714e+00   1.3235167e+00   5.6118185e-02   1.2882023e+00   2.8076276e-02   3.1878685e-02   1.8666861e-02   2.1831020e-02   9.8515844e-01   1.0000000e+01
   3.3000000e+01   2.7424233e+02   1.5173525e+00   1.2921916e+02   8.4000000e+01   2.4800000e+02   8.0748856e+00   5.1387851e+01   5.6998406e+00   2.0077015e+00   6.2978530e+00   1.3231609e+00   4.1949155e-02   9.6052754e-01   2.5816312e-02   2.9300525e-02   1.7225003e-02   2.0132108e-02   9.8733856e-01   4.0000000e+00
   6.0000000e+00   2.2075986e+02   1.4428658e+00   1.2892940e+02   2.3600000e+02   1.4100000e+02   7.8145986e+00   6.5863557e+01   6.2700718e+00   1.9778549e+00   6.3605830e+00   1.3707823e+00   6.1307124e-02   1.4164270e+00   2.8869423e-02   3.2964743e-02   2.0215961e-02   2.3717718e-02   9.8361763e-01   4.0000000e+00
   1.4000000e+01   1.8728000e+02   1.5014082e+00   1.2600000e+02   3.4800000e+02   2.3800000e+02   7.5779625e+00   3.1873169e+01   6.2156972e+00   1.9762881e+00   6.0427149e+00   1.3162896e+00   3.3379887e-02   7.5695305e-01   3.2509724e-02   3.6827777e-02   2.1917749e-02   2.5539145e-02   9.7962453e-01   1.1000000e+01
   4.0000000e+00   1.0529227e+03   7.5706377e-01   9.9318922e+01   3.0100000e+02   1.7600000e+02   7.5348096e+00   3.0765662e+01   5.9691286e+00   1.9682696e+00   5.8541511e+00   2.5998729e+00   3.9464408e-02   1.2614956e+00   3.3174354e-02   5.0246868e-02   4.4201298e-02   6.1858977e-02   9.6932787e-01   3.0000000e+00
   2.2000000e+01   1.1869068e+03   6.4914736e-01   1.1003445e+02   1.4100000e+02   4.4100000e+02   1.0381430e+01   3.3316132e+01   6.1583111e+00   1.9622039e+00   6.0527571e+00   3.0227403e+00   4.2817567e-02   1.4968384e+00   3.3225787e-02   5.3742328e-02   5.2576654e-02   7.6060635e-02   9.6625340e-01   1.4000000e+01
   2.0000000e+01   1.2741512e+03   6.9421614e-01   9.0244590e+01   2.6900000e+02   1.3600000e+02   8.4497813e+00   3.7545351e+01   6.4647277e+00   1.9533532e+00   5.7065558e+00   2.8137536e+00   4.0467822e-02   1.3542338e+00   2.8390089e-02   4.3656796e-02   4.1715067e-02   5.8619878e-02   9.7617097e-01   4.0000000e+00
   4.0000000e+00   3.4496183e+02   1.4694507e+00   1.2195773e+02   1.5100000e+02   3.0500000e+02   7.4018404e+00   4.5144632e+01   6.2085593e+00   1.9364639e+00   6.1293953e+00   1.3178148e+00   3.5755553e-02   8.0244485e-01   2.4030762e-02   2.7181590e-02   1.6545717e-02   1.9208904e-02   9.8837150e-01   4.0000000e+00
   1.4000000e+01   1.1570949e+03   6.7950460e-01   9.4987754e+01   1.2700000e+02   3.4400000e+02   7.4664644e+00   1.6901859e+01   6.0134346e+00   1.9270241e+00   6.4305328e+00   2.8359250e+00   3.0354912e-02   1.0156981e+00   4.6560239e-02   7.2023268e-02   7.0109473e-02   9.8562350e-02   9.3741303e-01   2.1000000e+01
   1.7000000e+01   2.8109600e+02   1.5074899e+00   1.2800000e+02   3.7900000e+02   2.7400000e+02   7.3416255e+00   2.8952277e+01   5.4006190e+00   1.9239207e+00   5.5853102e+00   1.2762412e+00   3.2454100e-02   7.1571636e-01   3.3945901e-02   3.8124649e-02   2.2850245e-02   2.6326142e-02   9.7708642e-01   9.0000000e+00
   9.0000000e+00   2.8703386e+02   1.4664342e+00   1.2381012e+02   3.0000000e+02   3.6900000e+02   7.9833172e+00   1.0814709e+02   6.1578772e+00   1.9054499e+00   6.0855537e+00   1.2993763e+00   9.3029915e-02   2.0544516e+00   2.5667625e-02   2.8912073e-02   1.7691531e-02   2.0429110e-02   9.8647324e-01   1.4000000e+01
   3.1000000e+01   1.0316240e+03   7.9609240e-01   9.8000000e+01   2.5800000e+02   1.3900000e+02   7.9983800e+00   2.6564717e+01   6.3941160e+00   1.8876569e+00   6.1833246e+00   2.3711530e+00   2.9262345e-02   8.6974823e-01   2.8971089e-02   4.0457035e-02   3.6458315e-02   4.8335752e-02   9.7671577e-01   6.0000000e+00
   1.0000000e+01   2.8382452e+02   1.4420962e+00   1.1991275e+02   2.2200000e+02   3.0000000e+02   8.2941661e+00   8.5928820e+01   5.9873326e+00   1.8855165e+00   5.6651558e+00   1.3074832e+00   5.9195116e-02   1.3065591e+00   2.0287002e-02   2.2873951e-02   1.4222675e-02   1.6419087e-02   9.9135165e-01   1.1000000e+01
   4.0000000e+00   3.3723508e+02   1.4150043e+00   1.2220481e+02   1.8800000e+02   3.7200000e+02   8.1529233e+00   6.6083939e+01   5.6033933e+00   1.8834834e+00   5.9593667e+00   1.3310796e+00   5.1650660e-02   1.1483046e+00   2.3036716e-02   2.6033116e-02   1.6460167e-02   1.9033428e-02   9.8877606e-01   6.0000000e+00
   2.5000000e+01   1.1567120e+03   6.7390097e-01   9.8000000e+01   1.5900000e+02   2.5700000e+02   8.8346519e+00   2.6758262e+01   5.9640860e+00   1.8785302e+00   5.7950266e+00   2.7875464e+00   3.6141575e-02   1.1732962e+00   3.5157748e-02   5.2791896e-02   5.3081123e-02   7.2670977e-02   9.6264356e-01   6.0000000e+00
   2.5000000e+01   3.7491200e+02   1.4474890e+00   1.2300000e+02   1.7700000e+02   2.8200000e+02   8.3133273e+00   4.2234598e+01   6.0799027e+00   1.8734091e+00   5.9389781e+00   1.2942475e+00   3.4700926e-02   7.5939729e-01   2.4015526e-02   2.7012901e-02   1.6791708e-02   1.9332860e-02   9.8781943e-01   7.0000000e+00
   1.2000000e+01   1.1254400e+03   7.4595899e-01   1.0300000e+02   1.8300000e+02   9.3000000e+01   7.2972511e+00   1.0655731e+01   6.2517732e+00   1.8623624e+00   5.9848823e+00   2.4966016e+00   1.5973455e-02   4.8549791e-01   3.8750775e-02   5.5309738e-02   5.2075386e-02   6.9401848e-02   9.5718050e-01   2.0000000e+00
   3.2000000e+01   1.0941680e+03   6.1491997e-01   1.0600000e+02   1.2500000e+02   2.4900000e+02   8.3658808e+00   4.3358186e+01   5.9777966e+00   1.8377284e+00   5.9590624e+00   2.9885651e+00   3.3076562e-02   1.1163932e+00   1.9759268e-02   3.0112209e-02   3.3061055e-02   4.5651492e-02   9.8710222e-01   4.0000000e+00
   7.0000000e+00   1.0886214e+03   7.2122710e-01   9.8177366e+01   2.7700000e+02   2.3200000e+02   7.6041690e+00   2.1834593e+01   5.8606199e+00   1.8303786e+00   6.0785113e+00   2.5378672e+00   2.2069641e-02   6.6997466e-01   2.6035017e-02   3.6993084e-02   3.6320696e-02   4.7968007e-02   9.7953787e-01   5.0000000e+00
   2.0000000e+00   3.1236800e+02   1.4072245e+00   5.9000000e+01   3.7700000e+02   3.4600000e+02   9.1083186e+00   1.8680297e+02   5.8489955e+00   1.8248180e+00   5.6658440e+00   1.2967497e+00   1.2010423e-01   2.5989005e+00   1.8254486e-02   2.0501495e-02   1.3107066e-02   1.5030579e-02   9.9261846e-01   5.0000000e+00
   1.0000000e+01   2.9710448e+02   1.3393323e+00   1.1948809e+02   3.7100000e+02   2.8300000e+02   7.5631487e+00   3.1734461e+01   6.0145101e+00   1.8180027e+00   5.6041180e+00   1.3573949e+00   4.1638017e-02   9.1798956e-01   3.7091316e-02   4.1987209e-02   2.7964087e-02   3.2244523e-02   9.6953115e-01   9.0000000e+00
   6.0000000e+00   2.4982400e+02   1.3658660e+00   1.2800000e+02   4.0300000e+02   2.2900000e+02   7.5370556e+00   3.1168785e+01   5.9038074e+00   1.8147939e+00   6.3216073e+00   1.3286764e+00   3.4295558e-02   7.4890337e-01   3.1046028e-02   3.5011851e-02   2.2971914e-02   2.6410850e-02   9.7859637e-01   6.0000000e+00
   1.7000000e+01   3.3388375e+02   1.3472411e+00   1.2631198e+02   1.8500000e+02   4.2200000e+02   7.8040360e+00   3.8479175e+01   6.1685016e+00   1.8035400e+00   5.7553836e+00   1.3386913e+00   3.8125681e-02   8.3217679e-01   2.7784228e-02   3.1347756e-02   2.0821097e-02   2.3930537e-02   9.8255263e-01   1.8000000e+01
   2.0000000e+00   1.2192560e+03   6.2777788e-01   3.0000000e+01   2.4900000e+02   3.2600000e+02   7.5281616e+00   4.6710200e+01   5.9576803e+00   1.8017276e+00   5.4078306e+00   2.8700081e+00   4.0702809e-02   1.3329678e+00   2.2753929e-02   3.3344688e-02   3.7367500e-02   5.0393981e-02   9.8310674e-01   4.0000000e+00
   3.0000000e+01   2.3611711e+02   1.3728706e+00   1.1943831e+02   3.4600000e+02   2.4500000e+02   9.4939592e+00   5.0533008e+01   6.3017622e+00   1.7982380e+00   5.7661078e+00   1.3098379e+00   4.7549052e-02   1.0258050e+00   2.6317956e-02   2.9561065e-02   1.9373081e-02   2.2183678e-02   9.8435700e-01   1.0000000e+01
   1.9000000e+01   1.2192560e+03   6.0604156e-01   9.9000000e+01   2.5800000e+02   3.8200000e+02   7.6746843e+00   3.1659642e+01   6.1914260e+00   1.7935658e+00   5.9025641e+00   2.9594765e+00   3.8129978e-02   1.2601844e+00   3.1397834e-02   4.6478615e-02   5.3104909e-02   7.1827836e-02   9.6744331e-01   1.2000000e+01
   3.0000000e+00   2.1855200e+02   1.2746548e+00   1.2700000e+02   4.4100000e+02   1.4000000e+02   5.6661174e+00   5.4812050e+01   8.0506165e+00   1.7902925e+00   5.7525660e+00   1.4045312e+00   5.8405572e-02   1.3236628e+00   3.1808079e-02   3.6375447e-02   2.4760765e-02   2.8159604e-02   9.7762444e-01   1.0000000e+00
   5.0000000e+00   1.0546676e+03   6.6952513e-01   1.1126312e+02   1.9500000e+02   4.0600000e+02   7.7132576e+00   4.5793645e+01   6.6683971e+00   1.7748055e+00   6.3039669e+00   2.6508423e+00   4.0896053e-02   1.2557656e+00   2.3537980e-02   3.2687683e-02   3.5440273e-02   4.6026304e-02   9.8236083e-01   1.1000000e+01
   6.0000000e+00   3.1549318e+02   1.3103707e+00   1.2590006e+02   7.8000000e+01   2.8800000e+02   8.3367927e+00   7.8293897e+01   5.9254770e+00   1.7721370e+00   5.6354169e+00   1.3523937e+00   6.9443775e-02   1.5112572e+00   2.4414580e-02   2.7564363e-02   1.8771904e-02   2.1545705e-02   9.8607349e-01   7.0000000e+00
   1.4000000e+01   3.4213451e+02   1.2820379e+00   1.2104814e+02   2.1000000e+02   4.1800000e+02   7.4898977e+00   3.9938508e+01   5.9736981e+00   1.7621186e+00   6.0603980e+00   1.3744669e+00   2.8206255e-02   6.1618022e-01   1.9305485e-02   2.1847407e-02   1.5177978e-02   1.7441957e-02   9.9109266e-01   2.5000000e+01
   2.9000000e+01   2.1855200e+02   1.3186094e+00   1.3100000e+02   3.2700000e+02   1.9500000e+02   9.0278721e+00   4.7141670e+01   6.3867977e+00   1.7598435e+00   5.8397004e+00   1.3346208e+00   3.6086085e-02   7.7725003e-01   2.0931437e-02   2.3537930e-02   1.6020135e-02   1.8322000e-02   9.8963308e-01   1.0000000e+00
   1.0000000e+01   1.1567120e+03   6.9494975e-01   9.2000000e+01   2.7000000e+02   1.9900000e+02   7.6234293e+00   3.5760333e+01   5.6025997e+00   1.7479833e+00   6.3887816e+00   2.5152657e+00   3.4406501e-02   1.0195892e+00   2.4767489e-02   3.3854526e-02   3.5842438e-02   4.5985570e-02   9.8061735e-01   5.0000000e+00
   5.0000000e+00   9.5644916e+02   8.4293046e-01   1.1440390e+02   2.1400000e+02   8.3000000e+01   7.4053325e+00   2.1483804e+01   5.8481394e+00   1.7448902e+00   6.6024772e+00   2.0700286e+00   2.5596927e-02   6.8192509e-01   3.1080609e-02   3.9443987e-02   3.6771878e-02   4.5463580e-02   9.7269288e-01   2.0000000e+00
   1.4000000e+01   1.0628960e+03   6.0991271e-01   9.8000000e+01   3.1200000e+02   3.0200000e+02   7.4871860e+00   4.6397515e+01   6.1980833e+00   1.7396206e+00   5.9551485e+00   2.8522452e+00   3.9557981e-02   1.2620566e+00   2.1929809e-02   3.1456472e-02   3.6577784e-02   4.8274229e-02   9.8362779e-01   1.9000000e+01
   1.5000000e+01   3.7491200e+02   1.3125354e+00   1.3600000e+02   1.6200000e+02   2.8000000e+02   7.5077748e+00   4.6688777e+01   6.0948217e+00   1.7278793e+00   5.6103124e+00   1.3164439e+00   3.1974423e-02   6.7890934e-01   1.8340198e-02   2.0568150e-02   1.4083043e-02   1.6041221e-02   9.9184691e-01   9.0000000e+00
   8.0000000e+00   1.1879840e+03   6.3950728e-01   9.2000000e+01   1.4100000e+02   4.3900000e+02   7.5596005e+00   4.0059151e+01   6.1197510e+00   1.7273071e+00   5.7613959e+00   2.7009967e+00   4.0690005e-02   1.2493998e+00   2.5961337e-02   3.6361559e-02   4.1036073e-02   5.3204471e-02   9.7761393e-01   2.7000000e+01
   1.2000000e+01   1.1188049e+03   5.7703880e-01   1.0321218e+02   1.0100000e+02   3.3700000e+02   7.5168822e+00   5.4524854e+01   5.4676642e+00   1.7166059e+00   5.7985245e+00   2.9748536e+00   4.1375907e-02   1.3500542e+00   1.9913037e-02   2.8316595e-02   3.5445089e-02   4.6885653e-02   9.8601505e-01   1.7000000e+01
   5.0000000e+00   1.2101020e+03   5.9614780e-01   1.0629272e+02   1.2700000e+02   3.6700000e+02   8.0377207e+00   2.9503525e+01   6.4129847e+00   1.7128951e+00   4.9336554e+00   2.8732725e+00   4.1268308e-02   1.3417301e+00   3.7441789e-02   5.1863325e-02   6.6152394e-02   8.6929482e-02   9.5393566e-01   1.0000000e+01
   1.1000000e+01   1.0696678e+03   6.4459966e-01   1.0378346e+02   1.8000000e+02   3.2700000e+02   7.2828528e+00   2.9639581e+01   6.3083334e+00   1.7064246e+00   5.3945370e+00   2.6472626e+00   2.9782487e-02   9.0164226e-01   2.5918902e-02   3.5450218e-02   4.0780014e-02   5.2329807e-02   9.7770731e-01   8.0000000e+00
   5.0000000e+00   3.1835742e+02   1.3463902e+00   1.3480847e+02   2.4700000e+02   3.0400000e+02   8.1163838e+00   1.1010503e+02   6.4546959e+00   1.7016121e+00   5.6967879e+00   1.2638328e+00   7.8177643e-02   1.6120176e+00   1.8653162e-02   2.0731458e-02   1.4026124e-02   1.5851346e-02   9.9139985e-01   7.0000000e+00
   2.3000000e+01   1.0692400e+03   6.8106300e-01   9.6797134e+01   1.6500000e+02   3.2600000e+02   1.0111649e+01   3.4904007e+01   5.6158034e+00   1.6999117e+00   5.3701387e+00   2.4959684e+00   3.4165896e-02   9.9504031e-01   2.5242958e-02   3.3680778e-02   3.7282835e-02   4.7109464e-02   9.7936691e-01   1.5000000e+01
   1.6000000e+01   3.1236800e+02   1.3178259e+00   1.1700000e+02   2.6300000e+02   2.2700000e+02   7.6302953e+00   3.5836172e+01   6.1197276e+00   1.6934205e+00   5.9493486e+00   1.2850109e+00   3.1461520e-02   6.5302877e-01   2.2939664e-02   2.5580771e-02   1.7582107e-02   1.9904715e-02   9.8691867e-01   5.0000000e+00
   2.1000000e+01   9.3600056e+02   7.7061224e-01   1.1005780e+02   4.2000000e+02   2.8500000e+02   6.5940067e+00   2.4763375e+01   5.4148487e+00   1.6925458e+00   6.1319179e+00   2.1963650e+00   2.4142155e-02   6.5157796e-01   2.4805939e-02   3.1728447e-02   3.2065663e-02   3.9522106e-02   9.8106761e-01   1.0000000e+01
   8.0000000e+00   1.0297206e+03   7.2203218e-01   9.7060867e+01   3.4400000e+02   1.9200000e+02   7.4312584e+00   2.6401130e+01   6.1916857e+00   1.6855268e+00   5.5239479e+00   2.3344207e+00   2.5656801e-02   7.1533524e-01   2.4636933e-02   3.2221441e-02   3.4114568e-02   4.2460503e-02   9.8066848e-01   8.0000000e+00
   3.0000000e+00   3.9268066e+02   1.2223012e+00   1.2143180e+02   1.5500000e+02   1.5300000e+02   5.2588982e+00   5.1452449e+01   5.7398354e+00   1.6839406e+00   6.5177837e+00   1.3776805e+00   3.1345245e-02   6.7002500e-01   1.5892862e-02   1.7902864e-02   1.3095944e-02   1.4919914e-02   9.9347322e-01   2.0000000e+00
   3.3000000e+01   9.3780800e+02   7.0141728e-01   1.0800000e+02   1.9300000e+02   3.5800000e+02   7.9470457e+00   3.5288286e+01   5.4854285e+00   1.6826767e+00   5.5443972e+00   2.3989668e+00   3.4049338e-02   9.6309459e-01   2.4609845e-02   3.2290952e-02   3.5098732e-02   4.3767366e-02   9.8042702e-01   1.1000000e+01
   6.0000000e+00   1.0975852e+03   6.2899217e-01   1.0089073e+02   3.6400000e+02   3.0600000e+02   7.9138175e+00   5.6124001e+01   5.8742549e+00   1.6784451e+00   6.4550344e+00   2.6684674e+00   5.7684028e-02   1.7384970e+00   2.6172053e-02   3.5750243e-02   4.2129321e-02   5.3763451e-02   9.7666980e-01   8.0000000e+00
   2.3000000e+01   3.8545355e+02   1.2292816e+00   1.1866291e+02   1.0100000e+02   4.0100000e+02   1.0229719e+01   8.8483776e+01   6.1731437e+00   1.6776026e+00   5.5896458e+00   1.3647016e+00   5.6421846e-02   1.1995568e+00   1.6567497e-02   1.8635166e-02   1.3554350e-02   1.5424193e-02   9.9291252e-01   1.8000000e+01
   1.5000000e+01   1.0158965e+03   6.8875486e-01   1.1550293e+02   3.3200000e+02   3.3900000e+02   7.1409948e+00   3.2554576e+01   5.9386471e+00   1.6643632e+00   6.5824682e+00   2.4164812e+00   2.9313599e-02   8.3046949e-01   2.2758540e-02   2.9917717e-02   3.3168706e-02   4.1355988e-02   9.8292882e-01   1.2000000e+01
   7.0000000e+00   9.7942947e+02   7.1720843e-01   1.0166905e+02   2.9600000e+02   3.8400000e+02   7.6409098e+00   4.7222394e+01   6.2702902e+00   1.6612603e+00   5.6368381e+00   2.3162867e+00   3.3379829e-02   9.2003562e-01   1.7736031e-02   2.3013937e-02   2.4702995e-02   3.0514848e-02   9.8971642e-01   1.3000000e+01
   1.2000000e+01   9.6233995e+02   6.4030949e-01   1.0821553e+02   8.0000000e+01   3.9100000e+02   8.1787515e+00   7.6302672e+01   6.3240147e+00   1.6574883e+00   6.1369189e+00   2.5885737e+00   5.9387563e-02   1.7408500e+00   1.9608944e-02   2.6363093e-02   3.0782770e-02   3.8708163e-02   9.8670620e-01   2.2000000e+01
   1.2000000e+01   2.9851928e+02   1.3310349e+00   1.2944285e+02   3.2400000e+02   2.0500000e+02   7.4897288e+00   5.0936359e+01   5.5542794e+00   1.6559794e+00   6.4403393e+00   1.2441292e+00   3.4471634e-02   6.9619698e-01   1.7218174e-02   1.9060400e-02   1.3100116e-02   1.4729499e-02   9.9236051e-01   7.0000000e+00
   3.0000000e+00   1.0742246e+03   6.7351774e-01   9.9637740e+01   4.2900000e+02   2.7700000e+02   5.9520783e+00   4.2091347e+01   6.0741530e+00   1.6550060e+00   6.6791002e+00   2.4572567e+00   4.5555431e-02   1.3021143e+00   2.7418686e-02   3.6072110e-02   4.0956466e-02   5.1148677e-02   9.7510684e-01   6.0000000e+00
   1.1000000e+01   1.1218449e+03   6.0628911e-01   1.0211496e+02   2.6100000e+02   3.3000000e+02   7.5525974e+00   4.4492040e+01   6.1105275e+00   1.6542699e+00   6.0446404e+00   2.7285166e+00   3.8522079e-02   1.1651236e+00   2.1897640e-02   2.9949437e-02   3.6499331e-02   4.6441721e-02   9.8302775e-01   9.0000000e+00
   8.0000000e+00   3.4544381e+02   1.2240706e+00   1.1894232e+02   3.0300000e+02   1.3900000e+02   7.8593290e+00   8.6857010e+01   5.8654190e+00   1.6530490e+00   5.9291761e+00   1.3504523e+00   4.8410435e-02   1.0157518e+00   1.4228579e-02   1.5954287e-02   1.1712298e-02   1.3279151e-02   9.9463412e-01   5.0000000e+00
   3.1000000e+01   3.5988670e+02   1.2841690e+00   1.1948047e+02   2.7900000e+02   3.0000000e+02   8.2595164e+00   4.7932577e+01   6.2896846e+00   1.6524529e+00   6.2339311e+00   1.2867877e+00   3.3223960e-02   6.8181242e-01   1.7640877e-02   1.9631342e-02   1.3863789e-02   1.5638758e-02   9.9189939e-01   1.0000000e+01
   3.3000000e+01   1.0800886e+03   5.7610867e-01   1.0345022e+02   1.2400000e+02   2.6600000e+02   8.3388251e+00   4.3013849e+01   6.4068179e+00   1.6463060e+00   6.1351340e+00   2.8576311e+00   4.0107073e-02   1.2497641e+00   2.3871397e-02   3.2843781e-02   4.2238992e-02   5.4296782e-02   9.7940733e-01   7.0000000e+00
   2.1000000e+01   8.7526400e+02   7.4556632e-01   1.1200000e+02   9.6000000e+01   1.6200000e+02   6.8429046e+00   2.8721580e+01   6.4864922e+00   1.6446167e+00   6.5102003e+00   2.2058624e+00   2.9846748e-02   7.9745011e-01   2.6204994e-02   3.3140896e-02   3.5058753e-02   4.2718663e-02   9.7815239e-01   4.0000000e+00
   2.0000000e+01   4.9529083e+02   1.1599401e+00   1.1515059e+02   7.5000000e+01   3.9800000e+02   8.7115059e+00   9.3304786e+01   5.8815139e+00   1.6400842e+00   5.5795298e+00   1.4139387e+00   7.2925806e-02   1.5600606e+00   1.9842257e-02   2.2410126e-02   1.7171717e-02   1.9553548e-02   9.8936697e-01   1.8000000e+01
   1.9000000e+01   1.0628960e+03   5.8535861e-01   1.0400000e+02   1.1000000e+02   2.8600000e+02   8.1561099e+00   8.1389046e+01   6.2506935e+00   1.6329038e+00   5.8304346e+00   2.7895786e+00   4.6067535e-02   1.4053642e+00   1.4356046e-02   1.9559402e-02   2.4881012e-02   3.1658409e-02   9.9244693e-01   9.0000000e+00
   1.0000000e+00   3.4364000e+02   1.2198483e+00   8.3000000e+01   4.3300000e+02   1.3800000e+02   7.0550750e+00   6.5642269e+01   5.8364560e+00   1.6320163e+00   5.9177151e+00   1.3378846e+00   4.6213513e-02   9.5905582e-01   1.7723997e-02   1.9819118e-02   1.4634009e-02   1.6539877e-02   9.9154874e-01   1.0000000e+00
   3.0000000e+00   9.5882755e+02   6.9534806e-01   1.0332785e+02   9.6000000e+01   2.1000000e+02   5.1437203e+00   2.0198475e+01   6.2720349e+00   1.6308250e+00   5.9811907e+00   2.3453362e+00   2.0145292e-02   5.5361296e-01   2.4709081e-02   3.2008070e-02   3.5398878e-02   4.3485415e-02   9.7964214e-01   4.0000000e+00
   1.0000000e+00   1.0003520e+03   7.3860485e-01   6.2000000e+01   2.3200000e+02   3.6200000e+02   5.9077760e+00   2.3049366e+01   5.7611131e+00   1.6305368e+00   5.6676103e+00   2.2075901e+00   2.3572561e-02   6.2645315e-01   2.5403268e-02   3.2196816e-02   3.4247024e-02   4.1663833e-02   9.7908589e-01   9.0000000e+00
   3.1000000e+01   3.1401257e+02   1.2267611e+00   1.2094741e+02   4.2600000e+02   1.2800000e+02   8.4626039e+00   4.4045160e+01   6.0175453e+00   1.6250337e+00   5.8916929e+00   1.3246537e+00   3.4161876e-02   7.0477564e-01   1.9409068e-02   2.1670649e-02   1.5942900e-02   1.7993750e-02   9.8984593e-01   5.0000000e+00
   3.1000000e+01   9.3087351e+02   7.7906935e-01   1.0122175e+02   3.1900000e+02   1.0800000e+02   8.4640122e+00   4.3209241e+01   6.3416283e+00   1.6169302e+00   6.4634394e+00   2.0754638e+00   4.1885586e-02   1.0757717e+00   2.4026657e-02   2.9749298e-02   3.0732013e-02   3.6931510e-02   9.8159169e-01   3.0000000e+00
   1.0000000e+00   9.6908000e+02   7.3187234e-01   6.3000000e+01   2.9200000e+02   1.5900000e+02   6.3473441e+00   4.7033620e+01   6.2781856e+00   1.6166045e+00   5.8724473e+00   2.2088613e+00   3.2846372e-02   8.6997440e-01   1.7192879e-02   2.1762479e-02   2.3387213e-02   2.8380924e-02   9.9018678e-01   3.0000000e+00
   1.0000000e+01   3.1236800e+02   1.2301391e+00   1.1900000e+02   4.1200000e+02   4.1400000e+02   7.3457827e+00   2.9710659e+01   5.5808588e+00   1.6161265e+00   5.8078887e+00   1.3137754e+00   2.8232157e-02   5.7889796e-01   2.3677543e-02   2.6370593e-02   1.9374956e-02   2.1828145e-02   9.8490786e-01   1.8000000e+01
   1.4000000e+01   3.4186212e+02   1.2393931e+00   1.2105685e+02   4.2600000e+02   2.1000000e+02   7.6467226e+00   6.9582150e+01   5.7757073e+00   1.6120870e+00   6.1852039e+00   1.3007068e+00   5.1218521e-02   1.0431642e+00   1.8234681e-02   2.0285753e-02   1.4840933e-02   1.6697723e-02   9.9094798e-01   9.0000000e+00
   9.0000000e+00   1.0383850e+03   6.5518255e-01   9.9783801e+01   2.4900000e+02   2.6300000e+02   7.6668182e+00   3.0841564e+01   6.4547491e+00   1.6054391e+00   5.6123468e+00   2.4503692e+00   3.7692317e-02   1.0558647e+00   3.0378185e-02   3.9394753e-02   4.6437864e-02   5.7062808e-02   9.6832149e-01   7.0000000e+00
   1.0000000e+01   1.1147070e+03   6.7738952e-01   9.3343214e+01   2.5600000e+02   2.9300000e+02   8.5907338e+00   7.1841954e+01   6.1806630e+00   1.6051557e+00   5.8323671e+00   2.3696200e+00   8.0007303e-02   2.1926477e+00   2.7412831e-02   3.5345553e-02   4.0376229e-02   4.9331936e-02   9.7435365e-01   1.0000000e+01
   2.8000000e+01   4.6872800e+02   1.0806911e+00   1.2900000e+02   1.5700000e+02   3.0000000e+02   7.9989719e+00   4.0716713e+01   5.7081556e+00   1.6044340e+00   6.3593872e+00   1.4846371e+00   2.5904287e-02   5.6103364e-01   1.5803604e-02   1.7955598e-02   1.4668016e-02   1.6740175e-02   9.9285757e-01   9.0000000e+00
   2.9000000e+01   4.2526653e+02   1.0329389e+00   1.2438979e+02   1.5000000e+02   4.0800000e+02   8.7652931e+00   4.1376975e+01   6.2805607e+00   1.6015377e+00   5.8046997e+00   1.5504670e+00   2.9371982e-02   6.4880657e-01   1.7601518e-02   2.0165765e-02   1.7057029e-02   1.9585781e-02   9.9099994e-01   7.0000000e+00
   2.4000000e+01   3.6861201e+02   1.1349721e+00   1.1520146e+02   1.0900000e+02   3.4200000e+02   9.9144991e+00   1.2365872e+02   6.2857588e+00   1.5905100e+00   5.8116406e+00   1.4013649e+00   6.6853231e-02   1.3998271e+00   1.3275180e-02   1.4911913e-02   1.1766977e-02   1.3309541e-02   9.9495500e-01   1.0000000e+01
   9.0000000e+00   8.1272000e+02   7.2535331e-01   1.0700000e+02   2.6500000e+02   1.1900000e+02   7.4270954e+00   3.7215640e+01   5.7031071e+00   1.5829101e+00   5.8805465e+00   2.1822608e+00   3.3750988e-02   8.8064271e-01   2.1984016e-02   2.7527086e-02   3.0240053e-02   3.6363046e-02   9.8362906e-01   2.0000000e+00
   3.0000000e+00   8.7526400e+02   6.9365607e-01   1.0600000e+02   3.2400000e+02   3.1800000e+02   5.4934798e+00   1.9262552e+01   5.8462992e+00   1.5811044e+00   5.6781358e+00   2.2793780e+00   2.4269958e-02   6.4719445e-01   3.0823710e-02   3.9014048e-02   4.4404114e-02   5.3646940e-02   9.6790505e-01   1.1000000e+01
   3.2000000e+01   5.3127200e+02   1.0209591e+00   1.2400000e+02   1.0600000e+02   1.9900000e+02   7.8374334e+00   3.4517505e+01   6.2832013e+00   1.5797961e+00   6.2815535e+00   1.5473647e+00   2.4680487e-02   5.4148765e-01   1.7499537e-02   2.0007667e-02   1.7146610e-02   1.9629967e-02   9.9093016e-01   1.0000000e+00
   3.3000000e+01   5.3127200e+02   1.0495722e+00   1.2100000e+02   1.5200000e+02   2.5400000e+02   8.2575871e+00   3.4402600e+01   5.9405051e+00   1.5663961e+00   5.5348307e+00   1.4924138e+00   3.4072038e-02   7.3165851e-01   2.4021102e-02   2.7254335e-02   2.2908849e-02   2.6048091e-02   9.8302116e-01   6.0000000e+00
   1.5000000e+01   4.2451788e+02   1.1440750e+00   1.3441373e+02   3.2700000e+02   3.1100000e+02   7.3924829e+00   8.8237504e+01   6.3003776e+00   1.5648792e+00   5.5766829e+00   1.3678117e+00   5.9876714e-02   1.2305295e+00   1.6346181e-02   1.8266930e-02   1.4382841e-02   1.6184626e-02   9.9222515e-01   1.0000000e+01
   1.6000000e+01   4.3586589e+02   1.1151205e+00   1.1305085e+02   2.0100000e+02   3.8500000e+02   7.4427968e+00   5.8794041e+01   5.9657739e+00   1.5643833e+00   6.3094915e+00   1.4028827e+00   3.7088029e-02   7.7206307e-01   1.5220637e-02   1.7085498e-02   1.3702030e-02   1.5467008e-02   9.9321804e-01   1.2000000e+01
   3.1000000e+01   8.4399200e+02   7.9336693e-01   1.0400000e+02   2.2600000e+02   9.6000000e+01   8.1781235e+00   4.6738299e+01   6.0581148e+00   1.5642638e+00   5.8585296e+00   1.9716776e+00   3.4842696e-02   8.5680745e-01   1.7976764e-02   2.1781533e-02   2.2486458e-02   2.6601110e-02   9.8936874e-01   1.0000000e+00
   2.3000000e+01   8.8493158e+02   7.6285329e-01   1.0269085e+02   2.5000000e+02   1.7500000e+02   9.9117643e+00   4.0031786e+01   6.4195786e+00   1.5638539e+00   6.1338968e+00   2.0500061e+00   3.4100152e-02   8.5542575e-01   2.0554855e-02   2.5136842e-02   2.6755440e-02   3.1783720e-02   9.8588847e-01   5.0000000e+00
   3.2000000e+01   9.0653600e+02   7.0900027e-01   1.1200000e+02   3.1900000e+02   3.3300000e+02   8.5823041e+00   2.9165933e+01   5.6586783e+00   1.5621836e+00   6.0088540e+00   2.2033611e+00   2.4806919e-02   6.4535093e-01   2.0522837e-02   2.5621041e-02   2.8771411e-02   3.4461387e-02   9.8542641e-01   6.0000000e+00
   1.3000000e+01   8.4399200e+02   8.0373434e-01   1.1500000e+02   2.0300000e+02   8.2000000e+01   6.7035117e+00   3.8420101e+01   6.2292476e+00   1.5618506e+00   6.2416692e+00   1.9432424e+00   3.3890452e-02   8.2632860e-01   2.1259577e-02   2.5614972e-02   2.6330366e-02   3.1041034e-02   9.8518890e-01   2.0000000e+00
   1.0000000e+01   4.4343227e+02   1.0949224e+00   1.1480889e+02   4.2300000e+02   2.3100000e+02   7.6737723e+00   4.6431983e+01   5.6031927e+00   1.5530383e+00   5.7294105e+00   1.4184003e+00   2.8093409e-02   5.8620786e-01   1.4503844e-02   1.6289195e-02   1.3300595e-02   1.5014543e-02   9.9374548e-01   7.0000000e+00
   7.0000000e+00   4.3074661e+02   1.1542376e+00   1.1921455e+02   3.5400000e+02   2.8800000e+02   7.9383075e+00   8.0500205e+01   5.7693662e+00   1.5505832e+00   6.0781400e+00   1.3433831e+00   4.6564538e-02   9.4401369e-01   1.3790873e-02   1.5358997e-02   1.2001397e-02   1.3466773e-02   9.9441238e-01   8.0000000e+00
   2.0000000e+01   9.6988478e+02   6.6213228e-01   9.9974265e+01   1.0200000e+02   1.6500000e+02   7.9222933e+00   6.0924760e+01   5.4138479e+00   1.5493801e+00   6.3174053e+00   2.3399858e+00   4.9933309e-02   1.3389491e+00   1.9888739e-02   2.5069299e-02   2.9924810e-02   3.6006138e-02   9.8579290e-01   5.0000000e+00
   1.3000000e+01   8.8342683e+02   8.2094139e-01   1.1373897e+02   4.2000000e+02   7.4000000e+01   6.9128725e+00   3.0948568e+01   6.1947844e+00   1.5484228e+00   6.1440555e+00   1.8861551e+00   3.5052990e-02   8.3868758e-01   2.7094978e-02   3.2335662e-02   3.2844690e-02   3.8497614e-02   9.7615803e-01   1.0000000e+00
   3.0000000e+00   4.6872800e+02   1.0616926e+00   1.1900000e+02   2.3600000e+02   2.8100000e+02   5.5564495e+00   3.3016151e+01   6.4764016e+00   1.5467761e+00   6.3594171e+00   1.4568964e+00   1.8720864e-02   3.9464638e-01   1.3571874e-02   1.5293728e-02   1.2805602e-02   1.4483670e-02   9.9443704e-01   7.0000000e+00
   9.0000000e+00   9.6908000e+02   7.1321207e-01   1.0200000e+02   3.0000000e+02   3.5100000e+02   7.3955195e+00   3.2930633e+01   6.2110385e+00   1.5447051e+00   5.7718783e+00   2.1658427e+00   3.1515148e-02   8.0804232e-01   2.2929816e-02   2.8375620e-02   3.1942868e-02   3.8034123e-02   9.8173006e-01   1.3000000e+01
   1.2000000e+01   9.4241241e+02   6.9435429e-01   1.0885276e+02   3.6600000e+02   3.7100000e+02   7.5596057e+00   5.0030002e+01   6.3892856e+00   1.5419022e+00   5.7472656e+00   2.2206275e+00   3.7260478e-02   9.6745415e-01   1.7876755e-02   2.2231133e-02   2.5605328e-02   3.0549821e-02   9.8865906e-01   2.1000000e+01
   9.0000000e+00   1.0122245e+03   6.1657895e-01   1.0062035e+02   3.1700000e+02   3.0900000e+02   7.7577910e+00   8.5968990e+01   6.3905394e+00   1.5377030e+00   6.4523344e+00   2.4939272e+00   6.0737824e-02   1.6843182e+00   1.7234796e-02   2.2028996e-02   2.8003566e-02   3.4009422e-02   9.8888897e-01   1.0000000e+01
   2.6000000e+01   7.5914837e+02   8.6580579e-01   1.0771309e+02   3.8300000e+02   2.3000000e+02   1.0261091e+01   5.0054822e+01   5.7876365e+00   1.5373966e+00   5.7223386e+00   1.7756830e+00   5.6634107e-02   1.3103246e+00   2.6927543e-02   3.1588981e-02   3.1093022e-02   3.6050716e-02   9.7666334e-01   5.0000000e+00
   2.0000000e+01   8.4399200e+02   7.3428717e-01   1.0400000e+02   2.2400000e+02   4.1600000e+02   7.7726995e+00   3.1906801e+01   5.8990707e+00   1.5363595e+00   5.9082169e+00   2.0923142e+00   2.8989987e-02   7.2847765e-01   2.1574118e-02   2.6431478e-02   2.9264924e-02   3.4653095e-02   9.8384390e-01   2.0000000e+01
   1.0000000e+01   9.6908000e+02   7.3443416e-01   9.8000000e+01   2.4000000e+02   3.9300000e+02   7.7171918e+00   2.8372474e+01   5.9476100e+00   1.5294131e+00   5.7813094e+00   2.0824373e+00   2.5810565e-02   6.4538093e-01   2.1594345e-02   2.6370129e-02   2.9203016e-02   3.4507786e-02   9.8380493e-01   1.7000000e+01
   1.4000000e+01   8.7526400e+02   6.7085034e-01   1.0400000e+02   1.5200000e+02   2.8000000e+02   7.9489150e+00   5.4029291e+01   6.0773312e+00   1.5291329e+00   6.2580758e+00   2.2793950e+00   7.0436214e-02   1.8422577e+00   3.1206406e-02   3.8949514e-02   4.6341424e-02   5.5268988e-02   9.6532857e-01   1.7000000e+01
   1.6000000e+01   7.6950027e+02   8.6307404e-01   1.0238206e+02   2.7600000e+02   8.9000000e+01   7.5367570e+00   2.0032326e+01   5.8953548e+00   1.5290101e+00   6.2187495e+00   1.7715863e+00   1.9728961e-02   4.5459090e-01   2.3354048e-02   2.7357419e-02   2.6936754e-02   3.1195593e-02   9.8227180e-01   1.0000000e+00
   2.3000000e+01   9.0653600e+02   7.1926736e-01   1.0200000e+02   2.8900000e+02   2.6700000e+02   1.0155591e+01   5.0450624e+01   6.1828253e+00   1.5276909e+00   5.4751721e+00   2.1239541e+00   5.1354625e-02   1.2967341e+00   2.4352463e-02   2.9780482e-02   3.3645768e-02   3.9783643e-02   9.7931170e-01   1.2000000e+01
   5.0000000e+00   8.8304180e+02   7.1432664e-01   1.1675129e+02   1.2000000e+02   8.0000000e+01   7.4427809e+00   4.0316439e+01   6.3857335e+00   1.5266513e+00   5.6544991e+00   2.1371894e+00   3.5507340e-02   9.0003259e-01   2.0973619e-02   2.5728393e-02   2.9171055e-02   3.4540060e-02   9.8452182e-01   1.0000000e+00
   2.7000000e+01   8.4895905e+02   6.8998076e-01   1.1084117e+02   2.7600000e+02   3.0100000e+02   9.0856114e+00   4.1816405e+01   6.4512130e+00   1.5223037e+00   6.2840047e+00   2.2062987e+00   3.3516262e-02   8.6162157e-01   1.9109035e-02   2.3594298e-02   2.7552944e-02   3.2695229e-02   9.8687252e-01   8.0000000e+00
   3.3000000e+01   8.4011337e+02   7.3797272e-01   1.1112403e+02   2.4900000e+02   2.7800000e+02   8.0647538e+00   4.8797236e+01   5.8714658e+00   1.5204295e+00   6.5785897e+00   2.0602787e+00   3.6239927e-02   9.0007019e-01   1.7673429e-02   2.1420546e-02   2.3850485e-02   2.8055209e-02   9.8905707e-01   8.0000000e+00
   2.3000000e+01   4.0213545e+02   1.0953817e+00   1.1812946e+02   2.0000000e+02   1.8100000e+02   1.0259355e+01   6.7637640e+01   5.9515154e+00   1.5195067e+00   5.6337533e+00   1.3871938e+00   3.7406981e-02   7.6366456e-01   1.2927769e-02   1.4446264e-02   1.1842542e-02   1.3292592e-02   9.9487675e-01   7.0000000e+00
   1.0000000e+00   4.3745600e+02   1.0543499e+00   8.0000000e+01   2.9000000e+02   3.0500000e+02   6.2932912e+00   6.9299788e+01   5.9979794e+00   1.5144434e+00   6.3128194e+00   1.4363765e+00   3.1088219e-02   6.4422789e-01   1.0478680e-02   1.1767359e-02   9.9564227e-03   1.1209482e-02   9.9657416e-01   7.0000000e+00
   8.0000000e+00   1.0390979e+03   6.7478273e-01   9.6761006e+01   3.1900000e+02   2.7100000e+02   7.8682050e+00   4.4739066e+01   6.0481392e+00   1.5120698e+00   5.6710784e+00   2.2408247e+00   4.4496073e-02   1.1516282e+00   2.3575038e-02   2.9233756e-02   3.4720525e-02   4.1251508e-02   9.7986624e-01   1.3000000e+01
   3.0000000e+01   5.0241582e+02   9.9038788e-01   1.1092275e+02   1.5300000e+02   4.0400000e+02   9.4656656e+00   4.8376022e+01   5.9211421e+00   1.5077465e+00   5.9230059e+00   1.5223797e+00   2.5365943e-02   5.3924099e-01   1.2233564e-02   1.3863970e-02   1.2359538e-02   1.3998571e-02   9.9521718e-01   2.0000000e+01
   1.0000000e+00   9.0129489e+02   7.1859765e-01   6.5167597e+01   2.6400000e+02   3.3300000e+02   6.5777931e+00   4.9361532e+01   6.1373160e+00   1.5047912e+00   5.4403467e+00   2.0940664e+00   4.6941095e-02   1.1671884e+00   2.2546577e-02   2.7330682e-02   3.1143682e-02   3.6579472e-02   9.8196959e-01   8.0000000e+00
   1.0000000e+01   1.0316240e+03   6.6760277e-01   9.6000000e+01   1.6200000e+02   3.7400000e+02   8.0901902e+00   4.8909173e+01   5.6500250e+00   1.5018505e+00   5.4350000e+00   2.2496169e+00   3.9585680e-02   1.0240592e+00   1.9256932e-02   2.3747851e-02   2.8703729e-02   3.4043579e-02   9.8633974e-01   1.5000000e+01
   1.7000000e+01   8.1866202e+02   6.7390425e-01   1.1080999e+02   1.5700000e+02   2.8900000e+02   7.4385169e+00   3.0200061e+01   6.2327595e+00   1.4955687e+00   5.5634115e+00   2.2192600e+00   3.2590874e-02   8.3510974e-01   2.5461499e-02   3.1336244e-02   3.7467779e-02   4.4316207e-02   9.7639635e-01   1.2000000e+01
   9.0000000e+00   9.3471661e+02   6.5205414e-01   1.0309886e+02   7.6000000e+01   2.0300000e+02   7.6259745e+00   4.4908524e+01   6.0597609e+00   1.4941667e+00   5.5535392e+00   2.2914765e+00   4.6561544e-02   1.2119762e+00   2.4539389e-02   3.0410705e-02   3.7435070e-02   4.4428454e-02   9.7764214e-01   5.0000000e+00
   8.0000000e+00   9.6341258e+02   7.1225223e-01   9.9181230e+01   3.0700000e+02   1.2100000e+02   7.3626151e+00   2.1816069e+01   5.9464919e+00   1.4939545e+00   6.6394515e+00   2.0975076e+00   2.3630020e-02   5.8734604e-01   2.5534442e-02   3.0902581e-02   3.5663142e-02   4.1828655e-02   9.7669954e-01   4.0000000e+00
   3.0000000e+00   7.8144800e+02   7.6874794e-01   1.0900000e+02   1.2900000e+02   1.8100000e+02   5.3993944e+00   3.9991496e+01   5.6794599e+00   1.4938920e+00   6.0803017e+00   1.9432794e+00   4.3192780e-02   1.0310875e+00   2.5094236e-02   2.9906417e-02   3.2535698e-02   3.7882820e-02   9.7805480e-01   3.0000000e+00
   2.4000000e+01   9.0084645e+02   7.1920401e-01   9.8181936e+01   2.6400000e+02   2.1100000e+02   1.0159837e+01   9.5736121e+01   5.9802375e+00   1.4937258e+00   5.8952659e+00   2.0769153e+00   4.5056281e-02   1.1127450e+00   1.0973205e-02   1.3305991e-02   1.5141246e-02   1.7765155e-02   9.9562852e-01   5.0000000e+00
   1.1000000e+01   8.6970826e+02   7.0157000e-01   1.1017766e+02   1.2900000e+02   3.3800000e+02   7.2553934e+00   3.7718803e+01   5.9141736e+00   1.4887131e+00   5.7159763e+00   2.1219737e+00   2.2950438e-02   5.7144101e-01   1.4208355e-02   1.7274163e-02   2.0134470e-02   2.3628496e-02   9.9257004e-01   1.2000000e+01
   1.1000000e+01   8.9681768e+02   6.9236140e-01   1.0931077e+02   1.4600000e+02   4.0800000e+02   7.2736128e+00   3.4924569e+01   6.4227573e+00   1.4871600e+00   6.1554967e+00   2.1479533e+00   3.3035532e-02   8.2768023e-01   2.2082486e-02   2.6912321e-02   3.1672727e-02   3.7209983e-02   9.8213537e-01   1.5000000e+01
   9.0000000e+00   7.8144800e+02   8.0887757e-01   1.0800000e+02   3.9300000e+02   1.0100000e+02   7.3208180e+00   3.0754915e+01   5.4305551e+00   1.4864894e+00   5.6907056e+00   1.8377187e+00   2.7765704e-02   6.4317224e-01   2.0954228e-02   2.4573231e-02   2.5741966e-02   2.9720258e-02   9.8486465e-01   1.0000000e+00
   8.0000000e+00   2.8109600e+02   1.1323405e+00   1.2100000e+02   4.2700000e+02   1.8600000e+02   7.6512558e+00   4.0216858e+01   5.9274687e+00   1.4823109e+00   5.9686371e+00   1.3090682e+00   3.6009737e-02   7.0732972e-01   2.0276106e-02   2.2440955e-02   1.7978852e-02   2.0023269e-02   9.8724592e-01   7.0000000e+00
   9.0000000e+00   4.2344462e+02   1.0582562e+00   1.1944805e+02   2.2200000e+02   4.1900000e+02   7.3730792e+00   4.3359895e+01   5.6425081e+00   1.4785709e+00   6.1304238e+00   1.3971768e+00   2.4181103e-02   4.8867268e-01   1.2669461e-02   1.4131844e-02   1.2018161e-02   1.3445842e-02   9.9483864e-01   1.5000000e+01
   1.0000000e+00   7.1890400e+02   8.3248918e-01   7.1000000e+01   4.3500000e+02   2.1700000e+02   7.1264582e+00   8.0670104e+01   6.4262721e+00   1.4757728e+00   6.2464796e+00   1.7727231e+00   6.6774775e-02   1.5138056e+00   1.9042132e-02   2.2144896e-02   2.2742370e-02   2.6116213e-02   9.8748782e-01   6.0000000e+00
   1.1000000e+01   3.9867247e+02   1.1601817e+00   1.2524020e+02   2.4100000e+02   2.1500000e+02   7.2840142e+00   6.7088734e+01   6.2660581e+00   1.4753719e+00   5.6124776e+00   1.2716731e+00   4.4868815e-02   8.6528018e-01   1.4951092e-02   1.6475969e-02   1.3004047e-02   1.4436789e-02   9.9294657e-01   3.0000000e+00
   1.6000000e+01   9.3133126e+02   6.7667091e-01   9.7207110e+01   3.7200000e+02   3.6100000e+02   8.0574623e+00   6.3207723e+01   5.3855939e+00   1.4730511e+00   5.4552740e+00   2.1769091e+00   4.1748880e-02   1.0501437e+00   1.5481963e-02   1.8793393e-02   2.2724540e-02   2.6656918e-02   9.9099958e-01   1.0000000e+01
   1.2000000e+01   8.0965239e+02   6.8658355e-01   1.1309809e+02   2.1100000e+02   2.8500000e+02   7.5143815e+00   3.4173240e+01   6.2803434e+00   1.4722681e+00   6.2285114e+00   2.1443393e+00   2.6735824e-02   6.6730615e-01   1.8130817e-02   2.2054046e-02   2.6142109e-02   3.0653130e-02   9.8778354e-01   1.1000000e+01
   1.4000000e+01   8.4399200e+02   7.2032514e-01   1.0500000e+02   1.9800000e+02   2.7400000e+02   7.7796734e+00   6.3891471e+01   5.8798156e+00   1.4699735e+00   6.4369015e+00   2.0407083e+00   3.9103425e-02   9.5037130e-01   1.4140776e-02   1.6967440e-02   1.9500577e-02   2.2712467e-02   9.9263809e-01   1.6000000e+01
   1.1000000e+01   4.3745600e+02   1.1108064e+00   1.2400000e+02   2.5100000e+02   1.2400000e+02   7.0050367e+00   5.3848576e+01   6.4245106e+00   1.4675757e+00   5.8256489e+00   1.3211805e+00   2.7643173e-02   5.4208907e-01   1.1486802e-02   1.2709982e-02   1.0390139e-02   1.1560311e-02   9.9576259e-01   1.0000000e+00
   3.1000000e+01   6.2508800e+02   8.6746386e-01   1.1100000e+02   3.2900000e+02   3.5600000e+02   8.2793580e+00   3.1882412e+01   5.7786141e+00   1.4670428e+00   5.7974100e+00   1.6911861e+00   2.4494564e-02   5.4131754e-01   1.7533891e-02   2.0190651e-02   2.0108309e-02   2.2947295e-02   9.8945644e-01   1.3000000e+01
   1.2000000e+01   4.6947445e+02   1.0780650e+00   1.2397613e+02   2.9200000e+02   1.7700000e+02   7.2013302e+00   3.7164062e+01   5.9183074e+00   1.4652937e+00   6.2401813e+00   1.3591886e+00   2.5830861e-02   5.1310831e-01   1.5576763e-02   1.7303421e-02   1.4496053e-02   1.6162138e-02   9.9215992e-01   5.0000000e+00
   2.9000000e+01   7.1839377e+02   7.8635096e-01   1.1501632e+02   1.5500000e+02   3.6400000e+02   8.9843151e+00   6.5610339e+01   5.6627897e+00   1.4650989e+00   6.2749484e+00   1.8631616e+00   3.9877367e-02   9.2342969e-01   1.3911965e-02   1.6338036e-02   1.7573675e-02   2.0259658e-02   9.9308046e-01   6.0000000e+00
   1.4000000e+01   6.8763200e+02   9.4917046e-01   1.1000000e+02   2.4600000e+02   9.4000000e+01   7.0197398e+00   2.7835208e+01   5.9698609e+00   1.4622900e+00   6.1132090e+00   1.5405979e+00   1.8212422e-02   3.8388815e-01   1.4802976e-02   1.6751031e-02   1.5575037e-02   1.7574102e-02   9.9263370e-01   4.0000000e+00
   3.0000000e+01   5.3127200e+02   9.4000234e-01   1.1000000e+02   3.8600000e+02   2.2800000e+02   9.5908443e+00   1.1138144e+02   5.8144552e+00   1.4618922e+00   5.8265942e+00   1.5552006e+00   5.3670119e-02   1.1362170e+00   1.0912429e-02   1.2365671e-02   1.1580969e-02   1.3079039e-02   9.9597292e-01   9.0000000e+00
   1.6000000e+01   8.4399200e+02   7.0804394e-01   1.0000000e+02   2.5500000e+02   1.5400000e+02   7.8298738e+00   4.9479563e+01   5.8491531e+00   1.4565512e+00   6.2434667e+00   2.0571480e+00   3.4379172e-02   8.3584460e-01   1.5889850e-02   1.9089434e-02   2.2232530e-02   2.5881603e-02   9.9057623e-01   3.0000000e+00
   2.4000000e+01   4.8716666e+02   1.0290696e+00   1.1141038e+02   4.1400000e+02   2.6600000e+02   1.0833524e+01   1.0895070e+02   5.7596448e+00   1.4562255e+00   6.0871122e+00   1.4150894e+00   5.2438029e-02   1.0580959e+00   1.0774325e-02   1.2024318e-02   1.0475005e-02   1.1708627e-02   9.9615635e-01   6.0000000e+00
   1.1000000e+01   8.3714199e+02   7.2492800e-01   1.1121905e+02   3.5800000e+02   2.1600000e+02   7.2514771e+00   2.7787228e+01   6.0760397e+00   1.4559792e+00   6.3116572e+00   2.0084467e+00   2.2190568e-02   5.3165796e-01   1.8265829e-02   2.1789445e-02   2.4998520e-02   2.8994366e-02   9.8766492e-01   4.0000000e+00
   3.0000000e+00   6.2672841e+02   8.8176064e-01   1.1394754e+02   2.1800000e+02   3.1300000e+02   5.6145456e+00   5.3077614e+01   6.1528267e+00   1.4509627e+00   6.2713520e+00   1.6455290e+00   2.5681417e-02   5.5680598e-01   1.0913504e-02   1.2479081e-02   1.2325446e-02   1.3985703e-02   9.9584896e-01   1.0000000e+01
   1.4000000e+01   5.0978023e+02   1.0445408e+00   1.1568725e+02   2.8200000e+02   3.9200000e+02   7.7408514e+00   1.3419216e+02   5.5984006e+00   1.4497181e+00   6.2557963e+00   1.3878999e+00   6.1388745e-02   1.2244932e+00   1.0170152e-02   1.1312365e-02   9.7471626e-03   1.0868128e-02   9.9656450e-01   2.3000000e+01
   3.0000000e+01   4.6199121e+02   9.7448521e-01   1.1221543e+02   4.2900000e+02   3.7100000e+02   9.4205692e+00   5.2462100e+01   6.4177034e+00   1.4489162e+00   5.7284126e+00   1.4868529e+00   2.7794413e-02   5.7333943e-01   1.1852958e-02   1.3315305e-02   1.2152877e-02   1.3636611e-02   9.9524594e-01   1.7000000e+01
   1.4000000e+01   8.6320550e+02   7.1319218e-01   1.0438560e+02   2.0600000e+02   1.5700000e+02   8.3777270e+00   4.8173130e+01   6.2401890e+00   1.4469683e+00   5.5239399e+00   2.0288618e+00   1.1329418e-01   2.7378304e+00   5.3613166e-02   6.4098363e-02   7.4550216e-02   8.6558441e-02   9.0242770e-01   5.0000000e+00
   2.4000000e+01   4.6872800e+02   9.9622079e-01   1.1200000e+02   1.9000000e+02   1.6000000e+02   9.4296892e+00   5.5166358e+01   5.3495916e+00   1.4454022e+00   6.2944067e+00   1.4508854e+00   3.5475865e-02   7.2187765e-01   1.4353226e-02   1.6047321e-02   1.4390376e-02   1.6097989e-02   9.9308167e-01   3.0000000e+00
   2.8000000e+01   6.8763200e+02   8.3627105e-01   1.2200000e+02   2.7100000e+02   3.0500000e+02   9.0164250e+00   5.0920203e+01   5.9654179e+00   1.4421368e+00   5.9691424e+00   1.7244849e+00   6.9692530e-02   1.5399037e+00   3.0699015e-02   3.5386406e-02   3.6669717e-02   4.1777706e-02   9.6712546e-01   1.0000000e+01
   3.1000000e+01   5.0000000e+02   9.2926707e-01   1.1500000e+02   2.4200000e+02   3.5900000e+02   8.4174413e+00   6.8391973e+01   5.5155406e+00   1.4411355e+00   5.9694215e+00   1.5508303e+00   4.1760680e-02   8.7719736e-01   1.3624041e-02   1.5398917e-02   1.4639134e-02   1.6488944e-02   9.9359280e-01   1.4000000e+01
   1.2000000e+01   8.1272000e+02   8.6060710e-01   1.1300000e+02   4.2100000e+02   1.7900000e+02   7.2778841e+00   3.8771624e+01   5.4973569e+00   1.4409582e+00   5.5846914e+00   1.6743508e+00   3.5281738e-02   7.6917986e-01   2.0444752e-02   2.3407723e-02   2.3644274e-02   2.6823621e-02   9.8534952e-01   6.0000000e+00
   1.5000000e+01   5.0187658e+02   1.0005880e+00   1.3193999e+02   4.4100000e+02   1.8400000e+02   7.2064126e+00   4.7611991e+01   5.5641430e+00   1.4371342e+00   6.3881679e+00   1.4362897e+00   2.1812631e-02   4.4080496e-01   1.0128616e-02   1.1311528e-02   1.0122693e-02   1.1306136e-02   9.9651227e-01   5.0000000e+00
   2.9000000e+01   7.2694758e+02   7.9813075e-01   1.1474279e+02   2.4300000e+02   2.8200000e+02   8.9672470e+00   7.3803187e+01   6.0725836e+00   1.4359932e+00   5.5353045e+00   1.7991955e+00   4.1598012e-02   9.3733382e-01   1.2688354e-02   1.4728468e-02   1.5776370e-02   1.8017814e-02   9.9414042e-01   3.0000000e+00
   2.3000000e+01   5.7853749e+02   9.0873714e-01   1.1248857e+02   3.4100000e+02   3.5400000e+02   1.0062298e+01   7.2042958e+01   6.3295462e+00   1.4352866e+00   6.2623640e+00   1.5794299e+00   3.4603962e-02   7.3169031e-01   1.0694743e-02   1.2120960e-02   1.1725560e-02   1.3220149e-02   9.9599759e-01   1.6000000e+01
   1.1000000e+01   9.0653600e+02   6.6928716e-01   1.0900000e+02   1.6300000e+02   3.6600000e+02   7.1251399e+00   2.5397596e+01   5.7883461e+00   1.4339325e+00   5.9487864e+00   2.1424772e+00   2.0802941e-02   5.1168757e-01   1.8583451e-02   2.2429687e-02   2.7520432e-02   3.2010396e-02   9.8662054e-01   1.3000000e+01
   2.9000000e+01   5.4974223e+02   9.3268568e-01   1.2040937e+02   4.3500000e+02   3.1500000e+02   9.1740217e+00   9.7181344e+01   5.9035104e+00   1.4337717e+00   5.8368799e+00   1.5372507e+00   4.7890266e-02   9.9903557e-01   1.0934215e-02   1.2340375e-02   1.1685509e-02   1.3139701e-02   9.9584690e-01   5.0000000e+00
   2.2000000e+01   8.7526400e+02   7.6058846e-01   1.2000000e+02   2.8100000e+02   2.5200000e+02   1.0507814e+01   7.0164582e+01   5.7909115e+00   1.4331362e+00   5.9375422e+00   1.8842466e+00   4.5119625e-02   1.0396089e+00   1.4418532e-02   1.6912533e-02   1.8829743e-02   2.1634152e-02   9.9227646e-01   6.0000000e+00
   1.2000000e+01   8.1570419e+02   7.2048095e-01   1.1290457e+02   2.3900000e+02   2.5800000e+02   7.4425520e+00   2.8845779e+01   5.7398384e+00   1.4317439e+00   5.5291255e+00   1.9872057e+00   2.0724800e-02   4.9005522e-01   1.6258533e-02   1.9248557e-02   2.2368933e-02   2.5790279e-02   9.9001408e-01   1.0000000e+01
   2.4000000e+01   7.8144800e+02   8.5343669e-01   1.0200000e+02   3.9700000e+02   2.0300000e+02   1.0414751e+01   7.7718835e+01   5.8957848e+00   1.4310363e+00   5.8782277e+00   1.6767926e+00   5.7643070e-02   1.2534182e+00   1.6507511e-02   1.8910561e-02   1.9256017e-02   2.1849040e-02   9.9028457e-01   4.0000000e+00
   2.3000000e+01   5.3127200e+02   9.4657993e-01   1.1400000e+02   4.3400000e+02   2.8100000e+02   1.0024824e+01   7.9172485e+01   6.1923721e+00   1.4257889e+00   5.5326773e+00   1.5062531e+00   3.0909745e-02   6.3666693e-01   8.6014354e-03   9.6681620e-03   9.0681766e-03   1.0158769e-02   9.9741491e-01   1.3000000e+01
   9.0000000e+00   6.8148526e+02   7.9630634e-01   1.1119656e+02   1.3100000e+02   1.7300000e+02   7.6522702e+00   5.4350472e+01   5.5433914e+00   1.4252258e+00   6.2308510e+00   1.7897958e+00   3.1260380e-02   7.0104576e-01   1.2814096e-02   1.4849030e-02   1.6003636e-02   1.8265127e-02   9.9396251e-01   4.0000000e+00
   2.6000000e+01   6.5193995e+02   8.8487286e-01   1.1114134e+02   2.5100000e+02   9.6000000e+01   9.0259389e+00   3.9806428e+01   6.1243309e+00   1.4230890e+00   6.1794018e+00   1.6082412e+00   2.5747620e-02   5.4722750e-01   1.4289910e-02   1.6235748e-02   1.6071560e-02   1.8135511e-02   9.9274439e-01   1.0000000e+00
   3.2000000e+01   5.3127200e+02   9.4261570e-01   1.2400000e+02   4.2800000e+02   3.3700000e+02   9.5900693e+00   1.3814755e+02   5.9672352e+00   1.4183741e+00   5.9104059e+00   1.5047215e+00   6.6244845e-02   1.3600355e+00   1.0500265e-02   1.1796770e-02   1.1107340e-02   1.2441405e-02   9.9612250e-01   7.0000000e+00
   2.4000000e+01   6.5636000e+02   9.4724591e-01   1.0600000e+02   3.6900000e+02   1.3600000e+02   1.0920664e+01   1.8269096e+02   5.8169150e+00   1.4141908e+00   5.7659651e+00   1.4929500e+00   6.1579870e-02   1.2579578e+00   7.3515582e-03   8.2468533e-03   7.7437774e-03   8.6623793e-03   9.9808985e-01   2.0000000e+00
   3.0000000e+01   4.1129581e+02   1.0620429e+00   1.1383654e+02   3.9500000e+02   1.7300000e+02   9.6606688e+00   7.5538998e+01   6.4701276e+00   1.4131681e+00   6.4059554e+00   1.3306130e+00   3.9384220e-02   7.6106898e-01   1.1198196e-02   1.2368654e-02   1.0573203e-02   1.1715379e-02   9.9570388e-01   4.0000000e+00
   2.2000000e+01   5.9381600e+02   8.2261208e-01   1.2900000e+02   1.4600000e+02   4.0500000e+02   1.0054646e+01   7.0899959e+01   5.6017975e+00   1.4107776e+00   5.9975390e+00   1.7149974e+00   3.7620375e-02   8.2210419e-01   1.1670390e-02   1.3395852e-02   1.4099127e-02   1.5996519e-02   9.9498120e-01   1.1000000e+01
   2.5000000e+01   7.1180134e+02   8.0480074e-01   1.1222713e+02   2.9000000e+02   1.6000000e+02   8.5977602e+00   4.2607061e+01   6.3364428e+00   1.4101810e+00   5.9164930e+00   1.7522113e+00   3.2314356e-02   7.1227911e-01   1.6692703e-02   1.9228370e-02   2.0627619e-02   2.3438960e-02   9.8966821e-01   5.0000000e+00
   1.5000000e+01   5.3901367e+02   9.0670267e-01   1.3075244e+02   1.5100000e+02   2.3500000e+02   6.9905600e+00   3.4300063e+01   6.4858064e+00   1.4094384e+00   5.7282098e+00   1.5544659e+00   2.2154532e-02   4.6076092e-01   1.4102811e-02   1.5904090e-02   1.5495206e-02   1.7388155e-02   9.9288704e-01   8.0000000e+00
   3.0000000e+00   7.5920842e+02   8.5110384e-01   1.0971117e+02   3.0000000e+02   3.5400000e+02   5.3818550e+00   2.2807516e+01   5.9516672e+00   1.4091708e+00   6.3306712e+00   1.6556978e+00   1.7632333e-02   3.7851046e-01   1.6946170e-02   1.9327573e-02   1.9823750e-02   2.2389600e-02   9.8956379e-01   1.2000000e+01
   1.2000000e+01   6.4639838e+02   8.2475149e-01   1.1831855e+02   1.3400000e+02   3.0100000e+02   7.8946867e+00   1.0801790e+02   5.5887026e+00   1.4070703e+00   6.4261712e+00   1.7060536e+00   5.4493574e-02   1.1846446e+00   1.1098437e-02   1.2708567e-02   1.3362984e-02   1.5119886e-02   9.9544608e-01   1.2000000e+01
   1.4000000e+01   5.5221371e+02   9.8313090e-01   1.1433034e+02   4.3800000e+02   3.2600000e+02   7.3219917e+00   6.1245025e+01   5.9709366e+00   1.4061779e+00   5.8548631e+00   1.4303059e+00   3.0408916e-02   6.0641565e-01   1.0707445e-02   1.1932831e-02   1.0895129e-02   1.2130708e-02   9.9596085e-01   2.0000000e+01
   2.4000000e+01   7.5017600e+02   7.3572657e-01   1.0300000e+02   7.1000000e+01   1.1700000e+02   8.8297231e+00   4.2872535e+01   5.9202104e+00   1.4025424e+00   5.9562971e+00   1.9063364e+00   3.3264490e-02   7.6287157e-01   1.7096404e-02   2.0018170e-02   2.3025151e-02   2.6355771e-02   9.8878033e-01   1.0000000e+00
   1.0000000e+01   5.4261259e+02   9.6767277e-01   1.1163736e+02   1.8300000e+02   2.4000000e+02   7.4125015e+00   6.4044170e+01   6.3737730e+00   1.4019347e+00   6.1722026e+00   1.4487694e+00   2.9358689e-02   5.8847345e-01   9.8715252e-03   1.1015436e-02   1.0197851e-02   1.1362148e-02   9.9653731e-01   8.0000000e+00
   2.1000000e+01   6.5636000e+02   8.6121278e-01   1.1900000e+02   4.3600000e+02   1.9100000e+02   6.6294298e+00   3.4800900e+01   6.2061536e+00   1.3979456e+00   5.6093786e+00   1.6232291e+00   2.9432507e-02   6.2267497e-01   1.8384101e-02   2.0864372e-02   2.1234107e-02   2.3889354e-02   9.8765481e-01   6.0000000e+00
   3.0000000e+00   7.7311228e+02   6.8858358e-01   1.0926656e+02   2.2100000e+02   3.5800000e+02   5.6451848e+00   3.4738701e+01   6.2027756e+00   1.3926093e+00   6.0424926e+00   2.0224259e+00   2.8781422e-02   6.7770522e-01   1.8244054e-02   2.1590634e-02   2.6248972e-02   3.0149048e-02   9.8681745e-01   1.3000000e+01
   2.4000000e+01   6.8870982e+02   8.3904070e-01   1.0496553e+02   2.0300000e+02   3.2500000e+02   9.4737635e+00   5.2706282e+01   5.6714891e+00   1.3871921e+00   6.1255476e+00   1.6533073e+00   3.6594327e-02   7.7851862e-01   1.4980737e-02   1.7042145e-02   1.7753453e-02   2.0000171e-02   9.9161876e-01   9.0000000e+00
   2.0000000e+00   7.5547401e+02   7.4856472e-01   4.4830583e+01   1.5400000e+02   2.5700000e+02   7.1908683e+00   5.3706968e+01   6.1690691e+00   1.3863490e+00   6.4973817e+00   1.8520095e+00   3.1889889e-02   7.1754253e-01   1.2965226e-02   1.5044669e-02   1.7182554e-02   1.9537072e-02   9.9346898e-01   3.0000000e+00
   9.0000000e+00   5.7840832e+02   9.2773303e-01   1.1449270e+02   2.7900000e+02   2.7100000e+02   7.5696905e+00   5.4073368e+01   6.0343545e+00   1.3825058e+00   6.1414668e+00   1.4901979e+00   2.8084520e-02   5.6706439e-01   1.1053617e-02   1.2371414e-02   1.1879325e-02   1.3245085e-02   9.9553175e-01   9.0000000e+00
   8.0000000e+00   4.0618400e+02   1.0325335e+00   1.1700000e+02   2.4800000e+02   7.9000000e+01   7.2496585e+00   3.9495816e+01   5.8587074e+00   1.3804675e+00   5.8743570e+00   1.3369711e+00   2.1489688e-02   4.1122355e-01   1.1391643e-02   1.2573029e-02   1.1050917e-02   1.2216334e-02   9.9537251e-01   1.0000000e+00
   1.3000000e+01   7.5017600e+02   6.9845436e-01   1.1800000e+02   2.1100000e+02   2.2100000e+02   8.1920933e+00   5.4344568e+01   6.4317375e+00   1.3803367e+00   6.3959723e+00   1.9762733e+00   1.1193071e-01   2.6009790e+00   4.5001799e-02   5.2878826e-02   6.3956248e-02   7.3155427e-02   9.2462049e-01   4.0000000e+00
   8.0000000e+00   7.1035277e+02   8.8661541e-01   1.0727345e+02   2.7300000e+02   2.2600000e+02   7.5179029e+00   6.0377078e+01   6.0884510e+00   1.3778314e+00   5.7315171e+00   1.5540351e+00   5.4669277e-02   1.1254381e+00   1.9299282e-02   2.1727577e-02   2.1683092e-02   2.4253893e-02   9.8628856e-01   1.0000000e+01
   6.0000000e+00   4.4578028e+02   9.9634726e-01   1.2173381e+02   3.9800000e+02   8.2000000e+01   7.5427769e+00   5.1985261e+01   5.9009997e+00   1.3777130e+00   5.6860685e+00   1.3827639e+00   2.7284344e-02   5.3062195e-01   1.1019358e-02   1.2210475e-02   1.1062743e-02   1.2254799e-02   9.9562119e-01   1.0000000e+00
   3.2000000e+01   7.5017600e+02   8.2200745e-01   1.1700000e+02   3.8900000e+02   2.8900000e+02   9.1550411e+00   6.3761112e+01   6.1821882e+00   1.3773731e+00   5.6379631e+00   1.6756212e+00   4.9816566e-02   1.0627304e+00   1.6780336e-02   1.9110589e-02   2.0273587e-02   2.2822778e-02   9.8934495e-01   5.0000000e+00
   1.5000000e+01   5.8967018e+02   9.3672154e-01   1.2913257e+02   3.1600000e+02   1.6200000e+02   6.9789273e+00   6.8744154e+01   5.5778658e+00   1.3743295e+00   6.4305793e+00   1.4671697e+00   2.6769892e-02   5.3492050e-01   8.2273916e-03   9.1800986e-03   8.7585436e-03   9.7395093e-03   9.9750624e-01   3.0000000e+00
   9.0000000e+00   6.9209421e+02   7.7697237e-01   1.1085731e+02   3.0000000e+02   2.6900000e+02   7.6651331e+00   7.1041009e+01   5.4550419e+00   1.3711444e+00   6.0307215e+00   1.7647273e+00   4.5166625e-02   9.8729404e-01   1.3640866e-02   1.5669304e-02   1.7418514e-02   1.9708138e-02   9.9277269e-01   8.0000000e+00
   2.4000000e+01   6.9443684e+02   8.2208384e-01   1.0478240e+02   3.4800000e+02   2.8200000e+02   1.0995086e+01   8.5113522e+01   5.9114938e+00   1.3709002e+00   5.8069303e+00   1.6675917e+00   4.6725477e-02   9.9249034e-01   1.1720437e-02   1.3334266e-02   1.4164124e-02   1.5935668e-02   9.9474488e-01   8.0000000e+00
   2.1000000e+01   6.7110693e+02   8.3677825e-01   1.1852843e+02   3.1900000e+02   2.0500000e+02   6.8331107e+00   5.7078798e+01   5.8844390e+00   1.3693040e+00   5.7756715e+00   1.6364001e+00   3.1482746e-02   6.6226566e-01   1.1747016e-02   1.3320669e-02   1.3936317e-02   1.5648407e-02   9.9474645e-01   7.0000000e+00
   7.0000000e+00   6.3642304e+02   8.9127348e-01   1.1263753e+02   4.3500000e+02   3.4900000e+02   7.5814175e+00   7.0236703e+01   6.3042517e+00   1.3653294e+00   6.2943979e+00   1.5318861e+00   3.1260536e-02   6.3560997e-01   9.3887169e-03   1.0533559e-02   1.0479858e-02   1.1688108e-02   9.9668341e-01   1.0000000e+01
   1.5000000e+01   5.6254400e+02   9.3636301e-01   1.3000000e+02   3.6500000e+02   1.1200000e+02   6.8355640e+00   3.6052098e+01   6.4157978e+00   1.3647017e+00   6.0387452e+00   1.4574494e+00   1.7956771e-02   3.5651529e-01   1.0427063e-02   1.1619640e-02   1.1106197e-02   1.2338541e-02   9.9596104e-01   1.0000000e+00
   1.6000000e+01   7.3084036e+02   7.4241300e-01   1.0361831e+02   1.3800000e+02   4.2700000e+02   8.0680090e+00   6.2750387e+01   6.1503934e+00   1.3631079e+00   5.9495987e+00   1.8360507e+00   4.1830444e-02   9.2863116e-01   1.4271093e-02   1.6500923e-02   1.9040903e-02   2.1591105e-02   9.9190600e-01   1.3000000e+01
   1.7000000e+01   7.1314776e+02   7.7170156e-01   1.1418407e+02   2.4300000e+02   3.3200000e+02   7.6229777e+00   4.5866397e+01   6.4453546e+00   1.3590040e+00   5.7962896e+00   1.7610486e+00   3.3734440e-02   7.3225573e-01   1.5656669e-02   1.7946952e-02   2.0111882e-02   2.2698099e-02   9.9035649e-01   1.4000000e+01
   2.0000000e+01   5.3127200e+02   9.9307970e-01   1.1400000e+02   2.8700000e+02   8.8000000e+01   7.8558260e+00   3.3577718e+01   5.6497206e+00   1.3546805e+00   6.2000263e+00   1.3641206e+00   2.6608754e-02   5.0999932e-01   1.6291379e-02   1.8001405e-02   1.6402695e-02   1.8119320e-02   9.9023800e-01   1.0000000e+00
   9.0000000e+00   6.8024216e+02   7.9142163e-01   1.1123631e+02   2.1800000e+02   3.2300000e+02   7.2299587e+00   4.4372057e+01   5.8295122e+00   1.3519176e+00   6.4770619e+00   1.7082141e+00   3.2096255e-02   6.8574543e-01   1.5286350e-02   1.7424399e-02   1.9180110e-02   2.1552135e-02   9.9082457e-01   1.2000000e+01
   6.0000000e+00   5.5948225e+02   9.2310413e-01   1.1809791e+02   2.7500000e+02   1.2500000e+02   7.4819434e+00   5.7826861e+01   5.9313589e+00   1.3516934e+00   5.6725501e+00   1.4642914e+00   2.7483363e-02   5.4410210e-01   9.8575270e-03   1.0983789e-02   1.0641870e-02   1.1808471e-02   9.9632690e-01   3.0000000e+00
   2.4000000e+01   6.5636000e+02   8.3879870e-01   1.0600000e+02   2.5000000e+02   2.7900000e+02   1.0076142e+01   4.1340694e+01   5.5704637e+00   1.3496586e+00   5.8731072e+00   1.6090376e+00   4.6193766e-02   9.5847746e-01   2.3402092e-02   2.6428988e-02   2.7717758e-02   3.1017473e-02   9.7912786e-01   7.0000000e+00
   4.0000000e+00   5.8297177e+02   9.4205936e-01   1.1434677e+02   2.7500000e+02   1.1600000e+02   7.5122527e+00   1.2060588e+02   5.9361707e+00   1.3417743e+00   6.1794084e+00   1.4242991e+00   3.5018270e-02   6.8200903e-01   5.9462522e-03   6.6000954e-03   6.2956928e-03   6.9670920e-03   9.9865327e-01   1.0000000e+00
   6.0000000e+00   6.5636000e+02   8.1585470e-01   1.1500000e+02   2.8600000e+02   3.2100000e+02   7.0394622e+00   3.0348582e+01   5.9362845e+00   1.3391206e+00   5.3706317e+00   1.6413715e+00   2.2980867e-02   4.7952784e-01   1.5835334e-02   1.7912036e-02   1.9222864e-02   2.1480253e-02   9.9018279e-01   9.0000000e+00
   1.2000000e+01   6.5636000e+02   7.7799375e-01   1.1800000e+02   1.3000000e+02   3.3800000e+02   7.7455350e+00   6.7378355e+01   6.4342675e+00   1.3180615e+00   5.9965742e+00   1.6941800e+00   3.9832599e-02   8.3651830e-01   1.2164291e-02   1.3805658e-02   1.5477425e-02   1.7327363e-02   9.9395431e-01   1.8000000e+01
   1.4000000e+01   4.0618400e+02   9.3974456e-01   1.1900000e+02   3.3100000e+02   9.2000000e+01   8.2706020e+00   6.3970217e+01   5.7126737e+00   1.2965139e+00   5.7129470e+00   1.3796450e+00   1.2349998e-01   2.3323743e+00   3.7858986e-02   4.1785611e-02   4.0190122e-02   4.4216971e-02   9.4574093e-01   3.0000000e+00
