   5.7610867e-01   1.2259345e+03
   5.8457770e-01   1.2071493e+03
   5.9304674e-01   1.1885827e+03
   6.0151577e-01   1.1702332e+03
   6.0998480e-01   1.1520997e+03
   6.1845384e-01   1.1341808e+03
   6.2692287e-01   1.1164753e+03
   6.3539190e-01   1.0989818e+03
   6.4386094e-01   1.0816991e+03
   6.5232997e-01   1.0646259e+03
   6.6079900e-01   1.0477609e+03
   6.6926804e-01   1.0311028e+03
   6.7773707e-01   1.0146503e+03
   6.8620610e-01   9.9840223e+02
   6.9467514e-01   9.8235716e+02
   7.0314417e-01   9.6651386e+02
   7.1161320e-01   9.5087104e+02
   7.2008224e-01   9.3542742e+02
   7.2855127e-01   9.2018171e+02
   7.3702030e-01   9.0513261e+02
   7.4548934e-01   8.9027886e+02
   7.5395837e-01   8.7561915e+02
   7.6242740e-01   8.6115220e+02
   7.7089644e-01   8.4687672e+02
   7.7936547e-01   8.3279144e+02
   7.8783450e-01   8.1889505e+02
   7.9630354e-01   8.0518628e+02
   8.0477257e-01   7.9166384e+02
   8.1324160e-01   7.7832644e+02
   8.2171064e-01   7.6517279e+02
   8.3017967e-01   7.5220161e+02
   8.3864870e-01   7.3941161e+02
   8.4711774e-01   7.2680151e+02
   8.5558677e-01   7.1437001e+02
   8.6405580e-01   7.0211583e+02
   8.7252484e-01   6.9003769e+02
   8.8099387e-01   6.7813430e+02
   8.8946290e-01   6.6640436e+02
   8.9793194e-01   6.5484660e+02
   9.0640097e-01   6.4345973e+02
   9.1487000e-01   6.3224245e+02
   9.2333904e-01   6.2119349e+02
   9.3180807e-01   6.1031156e+02
   9.4027710e-01   5.9959537e+02
   9.4874614e-01   5.8904363e+02
   9.5721517e-01   5.7865505e+02
   9.6568420e-01   5.6842836e+02
   9.7415324e-01   5.5836226e+02
   9.8262227e-01   5.4845547e+02
   9.9109130e-01   5.3870670e+02
   9.9956034e-01   5.2911466e+02
   1.0080294e+00   5.1967806e+02
   1.0164984e+00   5.1039563e+02
   1.0249674e+00   5.0126607e+02
   1.0334365e+00   4.9228809e+02
   1.0419055e+00   4.8346042e+02
   1.0503745e+00   4.7478176e+02
   1.0588436e+00   4.6625082e+02
   1.0673126e+00   4.5786632e+02
   1.0757816e+00   4.4962698e+02
   1.0842507e+00   4.4153150e+02
   1.0927197e+00   4.3357860e+02
   1.1011887e+00   4.2576700e+02
   1.1096578e+00   4.1809540e+02
   1.1181268e+00   4.1056251e+02
   1.1265958e+00   4.0316707e+02
   1.1350649e+00   3.9590776e+02
   1.1435339e+00   3.8878332e+02
   1.1520029e+00   3.8179244e+02
   1.1604720e+00   3.7493386e+02
   1.1689410e+00   3.6820627e+02
   1.1774100e+00   3.6160839e+02
   1.1858791e+00   3.5513894e+02
   1.1943481e+00   3.4879663e+02
   1.2028171e+00   3.4258017e+02
   1.2112862e+00   3.3648827e+02
   1.2197552e+00   3.3051966e+02
   1.2282242e+00   3.2467303e+02
   1.2366933e+00   3.1894711e+02
   1.2451623e+00   3.1334061e+02
   1.2536313e+00   3.0785224e+02
   1.2621004e+00   3.0248071e+02
   1.2705694e+00   2.9722474e+02
   1.2790384e+00   2.9208305e+02
   1.2875075e+00   2.8705434e+02
   1.2959765e+00   2.8213732e+02
   1.3044455e+00   2.7733072e+02
   1.3129146e+00   2.7263324e+02
   1.3213836e+00   2.6804360e+02
   1.3298526e+00   2.6356051e+02
   1.3383217e+00   2.5918269e+02
   1.3467907e+00   2.5490884e+02
   1.3552597e+00   2.5073768e+02
   1.3637288e+00   2.4666793e+02
   1.3721978e+00   2.4269829e+02
   1.3806668e+00   2.3882749e+02
   1.3891359e+00   2.3505423e+02
   1.3976049e+00   2.3137723e+02
   1.4060739e+00   2.2779519e+02
   1.4145430e+00   2.2430684e+02
   1.4230120e+00   2.2091089e+02
   1.4314810e+00   2.1760605e+02
   1.4399501e+00   2.1439103e+02
   1.4484191e+00   2.1126455e+02
   1.4568881e+00   2.0822532e+02
   1.4653572e+00   2.0527205e+02
   1.4738262e+00   2.0240346e+02
   1.4822952e+00   1.9961826e+02
   1.4907643e+00   1.9691517e+02
   1.4992333e+00   1.9429289e+02
   1.5077023e+00   1.9175014e+02
   1.5161714e+00   1.8928563e+02
   1.5246404e+00   1.8689808e+02
   1.5331094e+00   1.8458620e+02
   1.5415785e+00   1.8234870e+02
   1.5500475e+00   1.8018430e+02
   1.5585165e+00   1.7809171e+02
   1.5669856e+00   1.7606964e+02
   1.5754546e+00   1.7411680e+02
   1.5839236e+00   1.7223192e+02
   1.5923927e+00   1.7041370e+02
   1.6008617e+00   1.6866085e+02
   1.6093307e+00   1.6697210e+02
   1.6177998e+00   1.6534614e+02
   1.6262688e+00   1.6378171e+02
   1.6347378e+00   1.6227750e+02
   1.6432069e+00   1.6083223e+02
   1.6516759e+00   1.5944462e+02
   1.6601449e+00   1.5811338e+02
   1.6686140e+00   1.5683722e+02
   1.6770830e+00   1.5561486e+02
   1.6855520e+00   1.5444500e+02
   1.6940211e+00   1.5332637e+02
   1.7024901e+00   1.5225767e+02
   1.7109591e+00   1.5123762e+02
   1.7194282e+00   1.5026493e+02
   1.7278972e+00   1.4933832e+02
   1.7363662e+00   1.4845650e+02
   1.7448353e+00   1.4761817e+02
   1.7533043e+00   1.4682207e+02
   1.7617733e+00   1.4606689e+02
   1.7702424e+00   1.4535135e+02
   1.7787114e+00   1.4467417e+02
   1.7871804e+00   1.4403405e+02
   1.7956495e+00   1.4342972e+02
   1.8041185e+00   1.4285988e+02
   1.8125875e+00   1.4232325e+02
   1.8210566e+00   1.4181854e+02
   1.8295256e+00   1.4134447e+02
   1.8379946e+00   1.4089974e+02
   1.8464637e+00   1.4048308e+02
   1.8549327e+00   1.4009318e+02
   1.8634017e+00   1.3972878e+02
   1.8718708e+00   1.3938858e+02
   1.8803398e+00   1.3907129e+02
   1.8888088e+00   1.3877563e+02
   1.8972779e+00   1.3850031e+02
   1.9057469e+00   1.3824404e+02
   1.9142159e+00   1.3800554e+02
   1.9226850e+00   1.3778352e+02
   1.9311540e+00   1.3757670e+02
   1.9396230e+00   1.3738378e+02
   1.9480921e+00   1.3720348e+02
   1.9565611e+00   1.3703452e+02
   1.9650301e+00   1.3687560e+02
   1.9734992e+00   1.3672544e+02
   1.9819682e+00   1.3658276e+02
   1.9904372e+00   1.3644627e+02
   1.9989063e+00   1.3631467e+02
   2.0073753e+00   1.3618669e+02
   2.0158443e+00   1.3606103e+02
   2.0243134e+00   1.3593641e+02
   2.0327824e+00   1.3581155e+02
   2.0412514e+00   1.3568515e+02
   2.0497205e+00   1.3555594e+02
   2.0581895e+00   1.3542261e+02
   2.0666585e+00   1.3528390e+02
   2.0751276e+00   1.3513850e+02
   2.0835966e+00   1.3498513e+02
   2.0920656e+00   1.3482252e+02
   2.1005347e+00   1.3464936e+02
   2.1090037e+00   1.3446437e+02
   2.1174727e+00   1.3426627e+02
   2.1259418e+00   1.3405377e+02
   2.1344108e+00   1.3382558e+02
   2.1428798e+00   1.3358041e+02
   2.1513489e+00   1.3331699e+02
   2.1598179e+00   1.3303402e+02
   2.1682869e+00   1.3273021e+02
   2.1767560e+00   1.3240429e+02
   2.1852250e+00   1.3205495e+02
   2.1936940e+00   1.3168092e+02
   2.2021631e+00   1.3128091e+02
   2.2106321e+00   1.3085363e+02
   2.2191011e+00   1.3039780e+02
   2.2275702e+00   1.2991213e+02
   2.2360392e+00   1.2939532e+02
   2.2445082e+00   1.2884611e+02
   2.2529773e+00   1.2826319e+02
   2.2614463e+00   1.2764528e+02
