   3.3860191e+00   1.8333961e+00  -1.0042247e+01
   3.3791060e+00   1.8304355e+00  -9.0422470e+00
   3.3722073e+00   1.8274849e+00  -8.0422470e+00
   3.3653230e+00   1.8245443e+00  -7.0422470e+00
   3.3584530e+00   1.8216137e+00  -6.0422470e+00
   3.3515974e+00   1.8186931e+00  -5.0422470e+00
   3.3447562e+00   1.8157825e+00  -4.0422470e+00
   3.3379293e+00   1.8128819e+00  -3.0422470e+00
   3.3311167e+00   1.8099912e+00  -2.0422470e+00
   3.3243184e+00   1.8071105e+00  -1.0422470e+00
   3.3175344e+00   1.8042397e+00  -4.2247000e-02
   3.3107647e+00   1.8013788e+00   9.5775300e-01
   3.3040093e+00   1.7985279e+00   1.9577530e+00
   3.2972681e+00   1.7956869e+00   2.9577530e+00
   3.2905412e+00   1.7928558e+00   3.9577530e+00
   3.2838285e+00   1.7900346e+00   4.9577530e+00
   3.2771300e+00   1.7872233e+00   5.9577530e+00
   3.2704458e+00   1.7844219e+00   6.9577530e+00
   3.2637757e+00   1.7816303e+00   7.9577530e+00
   3.2571199e+00   1.7788487e+00   8.9577530e+00
   3.2504782e+00   1.7760768e+00   9.9577530e+00
   3.2438507e+00   1.7733148e+00   1.0957753e+01
   3.2372373e+00   1.7705627e+00   1.1957753e+01
   3.2306381e+00   1.7678204e+00   1.2957753e+01
   3.2240530e+00   1.7650878e+00   1.3957753e+01
   3.2174820e+00   1.7623652e+00   1.4957753e+01
   3.2109251e+00   1.7596523e+00   1.5957753e+01
   3.2043823e+00   1.7569492e+00   1.6957753e+01
   3.1978536e+00   1.7542558e+00   1.7957753e+01
   3.1913389e+00   1.7515723e+00   1.8957753e+01
   3.1848384e+00   1.7488985e+00   1.9957753e+01
   3.1783518e+00   1.7462345e+00   2.0957753e+01
   3.1718793e+00   1.7435802e+00   2.1957753e+01
   3.1654208e+00   1.7409357e+00   2.2957753e+01
   3.1589763e+00   1.7383009e+00   2.3957753e+01
   3.1525458e+00   1.7356758e+00   2.4957753e+01
   3.1461293e+00   1.7330604e+00   2.5957753e+01
   3.1397268e+00   1.7304548e+00   2.6957753e+01
   3.1333382e+00   1.7278588e+00   2.7957753e+01
   3.1269635e+00   1.7252725e+00   2.8957753e+01
   3.1206028e+00   1.7226959e+00   2.9957753e+01
   3.1142560e+00   1.7201289e+00   3.0957753e+01
   3.1079232e+00   1.7175716e+00   3.1957753e+01
   3.1016042e+00   1.7150240e+00   3.2957753e+01
   3.0952991e+00   1.7124860e+00   3.3957753e+01
   3.0890079e+00   1.7099576e+00   3.4957753e+01
   3.0827305e+00   1.7074389e+00   3.5957753e+01
   3.0764670e+00   1.7049297e+00   3.6957753e+01
   3.0702174e+00   1.7024302e+00   3.7957753e+01
   3.0639815e+00   1.6999403e+00   3.8957753e+01
   3.0577595e+00   1.6974599e+00   3.9957753e+01
   3.0515513e+00   1.6949892e+00   4.0957753e+01
   3.0453568e+00   1.6925280e+00   4.1957753e+01
   3.0391762e+00   1.6900763e+00   4.2957753e+01
   3.0330093e+00   1.6876342e+00   4.3957753e+01
   3.0268561e+00   1.6852017e+00   4.4957753e+01
   3.0207167e+00   1.6827787e+00   4.5957753e+01
   3.0145911e+00   1.6803652e+00   4.6957753e+01
   3.0084791e+00   1.6779612e+00   4.7957753e+01
   3.0023808e+00   1.6755668e+00   4.8957753e+01
   2.9962963e+00   1.6731818e+00   4.9957753e+01
   2.9902254e+00   1.6708063e+00   5.0957753e+01
   2.9841682e+00   1.6684403e+00   5.1957753e+01
   2.9781246e+00   1.6660838e+00   5.2957753e+01
   2.9720947e+00   1.6637367e+00   5.3957753e+01
   2.9660784e+00   1.6613991e+00   5.4957753e+01
   2.9600758e+00   1.6590709e+00   5.5957753e+01
   2.9540867e+00   1.6567522e+00   5.6957753e+01
   2.9481112e+00   1.6544429e+00   5.7957753e+01
   2.9421494e+00   1.6521430e+00   5.8957753e+01
   2.9362011e+00   1.6498525e+00   5.9957753e+01
   2.9302663e+00   1.6475714e+00   6.0957753e+01
   2.9243451e+00   1.6452998e+00   6.1957753e+01
   2.9184375e+00   1.6430374e+00   6.2957753e+01
   2.9125433e+00   1.6407845e+00   6.3957753e+01
   2.9066627e+00   1.6385409e+00   6.4957753e+01
   2.9007956e+00   1.6363067e+00   6.5957753e+01
   2.8949419e+00   1.6340818e+00   6.6957753e+01
   2.8891017e+00   1.6318663e+00   6.7957753e+01
   2.8832750e+00   1.6296601e+00   6.8957753e+01
   2.8774618e+00   1.6274632e+00   6.9957753e+01
   2.8716620e+00   1.6252756e+00   7.0957753e+01
   2.8658756e+00   1.6230973e+00   7.1957753e+01
   2.8601026e+00   1.6209283e+00   7.2957753e+01
   2.8543430e+00   1.6187686e+00   7.3957753e+01
   2.8485968e+00   1.6166182e+00   7.4957753e+01
   2.8428640e+00   1.6144770e+00   7.5957753e+01
   2.8371446e+00   1.6123451e+00   7.6957753e+01
   2.8314385e+00   1.6102225e+00   7.7957753e+01
   2.8257457e+00   1.6081091e+00   7.8957753e+01
   2.8200663e+00   1.6060049e+00   7.9957753e+01
   2.8144002e+00   1.6039099e+00   8.0957753e+01
   2.8087474e+00   1.6018241e+00   8.1957753e+01
   2.8031079e+00   1.5997476e+00   8.2957753e+01
   2.7974817e+00   1.5976802e+00   8.3957753e+01
   2.7918687e+00   1.5956220e+00   8.4957753e+01
   2.7862690e+00   1.5935730e+00   8.5957753e+01
   2.7806826e+00   1.5915332e+00   8.6957753e+01
   2.7751094e+00   1.5895025e+00   8.7957753e+01
   2.7695494e+00   1.5874810e+00   8.8957753e+01
   2.7640026e+00   1.5854686e+00   8.9957753e+01
   2.7584690e+00   1.5834654e+00   9.0957753e+01
   2.7529486e+00   1.5814712e+00   9.1957753e+01
   2.7474413e+00   1.5794862e+00   9.2957753e+01
   2.7419473e+00   1.5775103e+00   9.3957753e+01
   2.7364663e+00   1.5755435e+00   9.4957753e+01
   2.7309985e+00   1.5735858e+00   9.5957753e+01
   2.7255439e+00   1.5716371e+00   9.6957753e+01
   2.7201023e+00   1.5696975e+00   9.7957753e+01
   2.7146739e+00   1.5677670e+00   9.8957753e+01
   2.7092585e+00   1.5658455e+00   9.9957753e+01
   2.7038562e+00   1.5639331e+00   1.0095775e+02
   2.6984670e+00   1.5620297e+00   1.0195775e+02
   2.6930908e+00   1.5601353e+00   1.0295775e+02
   2.6877276e+00   1.5582500e+00   1.0395775e+02
   2.6823775e+00   1.5563736e+00   1.0495775e+02
   2.6770404e+00   1.5545063e+00   1.0595775e+02
   2.6717163e+00   1.5526479e+00   1.0695775e+02
   2.6664052e+00   1.5507985e+00   1.0795775e+02
   2.6611071e+00   1.5489581e+00   1.0895775e+02
   2.6558219e+00   1.5471267e+00   1.0995775e+02
   2.6505497e+00   1.5453042e+00   1.1095775e+02
   2.6452905e+00   1.5434906e+00   1.1195775e+02
   2.6400441e+00   1.5416860e+00   1.1295775e+02
   2.6348107e+00   1.5398903e+00   1.1395775e+02
   2.6295902e+00   1.5381035e+00   1.1495775e+02
   2.6243826e+00   1.5363256e+00   1.1595775e+02
   2.6191879e+00   1.5345567e+00   1.1695775e+02
   2.6140060e+00   1.5327966e+00   1.1795775e+02
   2.6088370e+00   1.5310454e+00   1.1895775e+02
   2.6036809e+00   1.5293031e+00   1.1995775e+02
   2.5985375e+00   1.5275696e+00   1.2095775e+02
   2.5934070e+00   1.5258450e+00   1.2195775e+02
   2.5882893e+00   1.5241292e+00   1.2295775e+02
   2.5831844e+00   1.5224223e+00   1.2395775e+02
   2.5780923e+00   1.5207242e+00   1.2495775e+02
   2.5730130e+00   1.5190350e+00   1.2595775e+02
   2.5679464e+00   1.5173545e+00   1.2695775e+02
   2.5628926e+00   1.5156828e+00   1.2795775e+02
   2.5578515e+00   1.5140200e+00   1.2895775e+02
   2.5528231e+00   1.5123659e+00   1.2995775e+02
   2.5478075e+00   1.5107206e+00   1.3095775e+02
   2.5428045e+00   1.5090840e+00   1.3195775e+02
   2.5378143e+00   1.5074562e+00   1.3295775e+02
   2.5328367e+00   1.5058372e+00   1.3395775e+02
   2.5278717e+00   1.5042269e+00   1.3495775e+02
   2.5229195e+00   1.5026253e+00   1.3595775e+02
   2.5179798e+00   1.5010324e+00   1.3695775e+02
   2.5130528e+00   1.4994483e+00   1.3795775e+02
   2.5081385e+00   1.4978728e+00   1.3895775e+02
   2.5032367e+00   1.4963061e+00   1.3995775e+02
   2.4983475e+00   1.4947480e+00   1.4095775e+02
   2.4934709e+00   1.4931986e+00   1.4195775e+02
   2.4886068e+00   1.4916579e+00   1.4295775e+02
   2.4837553e+00   1.4901259e+00   1.4395775e+02
   2.4789164e+00   1.4886025e+00   1.4495775e+02
   2.4740900e+00   1.4870877e+00   1.4595775e+02
   2.4692761e+00   1.4855816e+00   1.4695775e+02
   2.4644747e+00   1.4840840e+00   1.4795775e+02
   2.4596858e+00   1.4825951e+00   1.4895775e+02
   2.4549094e+00   1.4811148e+00   1.4995775e+02
   2.4501454e+00   1.4796431e+00   1.5095775e+02
   2.4453940e+00   1.4781800e+00   1.5195775e+02
   2.4406549e+00   1.4767255e+00   1.5295775e+02
   2.4359283e+00   1.4752795e+00   1.5395775e+02
   2.4312141e+00   1.4738421e+00   1.5495775e+02
   2.4265124e+00   1.4724133e+00   1.5595775e+02
   2.4218230e+00   1.4709929e+00   1.5695775e+02
   2.4171460e+00   1.4695812e+00   1.5795775e+02
   2.4124814e+00   1.4681779e+00   1.5895775e+02
   2.4078292e+00   1.4667832e+00   1.5995775e+02
   2.4031893e+00   1.4653969e+00   1.6095775e+02
   2.3985617e+00   1.4640192e+00   1.6195775e+02
   2.3939465e+00   1.4626499e+00   1.6295775e+02
   2.3893436e+00   1.4612892e+00   1.6395775e+02
   2.3847529e+00   1.4599369e+00   1.6495775e+02
   2.3801746e+00   1.4585930e+00   1.6595775e+02
   2.3756086e+00   1.4572577e+00   1.6695775e+02
   2.3710548e+00   1.4559307e+00   1.6795775e+02
   2.3665132e+00   1.4546122e+00   1.6895775e+02
   2.3619840e+00   1.4533021e+00   1.6995775e+02
   2.3574669e+00   1.4520005e+00   1.7095775e+02
   2.3529620e+00   1.4507072e+00   1.7195775e+02
   2.3484694e+00   1.4494224e+00   1.7295775e+02
   2.3439889e+00   1.4481459e+00   1.7395775e+02
   2.3395207e+00   1.4468778e+00   1.7495775e+02
   2.3350646e+00   1.4456181e+00   1.7595775e+02
   2.3306206e+00   1.4443668e+00   1.7695775e+02
   2.3261888e+00   1.4431238e+00   1.7795775e+02
   2.3217692e+00   1.4418892e+00   1.7895775e+02
   2.3173616e+00   1.4406629e+00   1.7995775e+02
   2.3129662e+00   1.4394449e+00   1.8095775e+02
   2.3085828e+00   1.4382352e+00   1.8195775e+02
   2.3042116e+00   1.4370339e+00   1.8295775e+02
   2.2998524e+00   1.4358408e+00   1.8395775e+02
   2.2955053e+00   1.4346561e+00   1.8495775e+02
   2.2911702e+00   1.4334796e+00   1.8595775e+02
   2.2868471e+00   1.4323114e+00   1.8695775e+02
   2.2825361e+00   1.4311515e+00   1.8795775e+02
   2.2782371e+00   1.4299998e+00   1.8895775e+02
   2.2739501e+00   1.4288564e+00   1.8995775e+02
   2.2696751e+00   1.4277212e+00   1.9095775e+02
   2.2654120e+00   1.4265942e+00   1.9195775e+02
   2.2611609e+00   1.4254755e+00   1.9295775e+02
   2.2569218e+00   1.4243649e+00   1.9395775e+02
   2.2526946e+00   1.4232626e+00   1.9495775e+02
   2.2484793e+00   1.4221685e+00   1.9595775e+02
   2.2442760e+00   1.4210825e+00   1.9695775e+02
   2.2400845e+00   1.4200048e+00   1.9795775e+02
   2.2359050e+00   1.4189352e+00   1.9895775e+02
   2.2317373e+00   1.4178737e+00   1.9995775e+02
   2.2275815e+00   1.4168204e+00   2.0095775e+02
   2.2234375e+00   1.4157753e+00   2.0195775e+02
   2.2193054e+00   1.4147383e+00   2.0295775e+02
   2.2151851e+00   1.4137094e+00   2.0395775e+02
   2.2110766e+00   1.4126886e+00   2.0495775e+02
   2.2069799e+00   1.4116759e+00   2.0595775e+02
   2.2028951e+00   1.4106713e+00   2.0695775e+02
   2.1988220e+00   1.4096748e+00   2.0795775e+02
   2.1947606e+00   1.4086864e+00   2.0895775e+02
   2.1907111e+00   1.4077061e+00   2.0995775e+02
   2.1866732e+00   1.4067338e+00   2.1095775e+02
   2.1826472e+00   1.4057695e+00   2.1195775e+02
   2.1786328e+00   1.4048133e+00   2.1295775e+02
   2.1746301e+00   1.4038652e+00   2.1395775e+02
   2.1706392e+00   1.4029250e+00   2.1495775e+02
   2.1666599e+00   1.4019929e+00   2.1595775e+02
   2.1626923e+00   1.4010688e+00   2.1695775e+02
   2.1587363e+00   1.4001527e+00   2.1795775e+02
   2.1547920e+00   1.3992445e+00   2.1895775e+02
   2.1508594e+00   1.3983444e+00   2.1995775e+02
   2.1469383e+00   1.3974522e+00   2.2095775e+02
   2.1430289e+00   1.3965680e+00   2.2195775e+02
   2.1391311e+00   1.3956917e+00   2.2295775e+02
   2.1352449e+00   1.3948234e+00   2.2395775e+02
   2.1313702e+00   1.3939630e+00   2.2495775e+02
   2.1275071e+00   1.3931106e+00   2.2595775e+02
   2.1236556e+00   1.3922660e+00   2.2695775e+02
   2.1198156e+00   1.3914294e+00   2.2795775e+02
   2.1159871e+00   1.3906007e+00   2.2895775e+02
   2.1121701e+00   1.3897798e+00   2.2995775e+02
   2.1083647e+00   1.3889668e+00   2.3095775e+02
   2.1045707e+00   1.3881618e+00   2.3195775e+02
   2.1007882e+00   1.3873645e+00   2.3295775e+02
   2.0970172e+00   1.3865752e+00   2.3395775e+02
   2.0932576e+00   1.3857936e+00   2.3495775e+02
   2.0895095e+00   1.3850200e+00   2.3595775e+02
   2.0857728e+00   1.3842541e+00   2.3695775e+02
   2.0820475e+00   1.3834960e+00   2.3795775e+02
   2.0783337e+00   1.3827458e+00   2.3895775e+02
   2.0746312e+00   1.3820034e+00   2.3995775e+02
   2.0709401e+00   1.3812688e+00   2.4095775e+02
   2.0672604e+00   1.3805419e+00   2.4195775e+02
   2.0635920e+00   1.3798228e+00   2.4295775e+02
   2.0599350e+00   1.3791115e+00   2.4395775e+02
   2.0562893e+00   1.3784079e+00   2.4495775e+02
   2.0526550e+00   1.3777121e+00   2.4595775e+02
   2.0490319e+00   1.3770241e+00   2.4695775e+02
   2.0454202e+00   1.3763437e+00   2.4795775e+02
   2.0418197e+00   1.3756711e+00   2.4895775e+02
   2.0382305e+00   1.3750062e+00   2.4995775e+02
   2.0346526e+00   1.3743490e+00   2.5095775e+02
   2.0310859e+00   1.3736995e+00   2.5195775e+02
   2.0275305e+00   1.3730577e+00   2.5295775e+02
   2.0239862e+00   1.3724235e+00   2.5395775e+02
   2.0204532e+00   1.3717970e+00   2.5495775e+02
   2.0169314e+00   1.3711782e+00   2.5595775e+02
   2.0134208e+00   1.3705670e+00   2.5695775e+02
   2.0099214e+00   1.3699635e+00   2.5795775e+02
   2.0064331e+00   1.3693676e+00   2.5895775e+02
   2.0029560e+00   1.3687793e+00   2.5995775e+02
   1.9994900e+00   1.3681986e+00   2.6095775e+02
   1.9960351e+00   1.3676256e+00   2.6195775e+02
   1.9925914e+00   1.3670601e+00   2.6295775e+02
   1.9891588e+00   1.3665022e+00   2.6395775e+02
   1.9857372e+00   1.3659519e+00   2.6495775e+02
   1.9823268e+00   1.3654092e+00   2.6595775e+02
   1.9789274e+00   1.3648740e+00   2.6695775e+02
   1.9755391e+00   1.3643464e+00   2.6795775e+02
   1.9721618e+00   1.3638263e+00   2.6895775e+02
   1.9687955e+00   1.3633138e+00   2.6995775e+02
   1.9654403e+00   1.3628088e+00   2.7095775e+02
   1.9620960e+00   1.3623113e+00   2.7195775e+02
   1.9587628e+00   1.3618213e+00   2.7295775e+02
   1.9554405e+00   1.3613388e+00   2.7395775e+02
   1.9521292e+00   1.3608638e+00   2.7495775e+02
   1.9488289e+00   1.3603962e+00   2.7595775e+02
   1.9455395e+00   1.3599362e+00   2.7695775e+02
   1.9422611e+00   1.3594836e+00   2.7795775e+02
   1.9389936e+00   1.3590384e+00   2.7895775e+02
   1.9357370e+00   1.3586007e+00   2.7995775e+02
   1.9324913e+00   1.3581705e+00   2.8095775e+02
   1.9292564e+00   1.3577476e+00   2.8195775e+02
   1.9260325e+00   1.3573322e+00   2.8295775e+02
   1.9228194e+00   1.3569242e+00   2.8395775e+02
   1.9196172e+00   1.3565236e+00   2.8495775e+02
   1.9164258e+00   1.3561303e+00   2.8595775e+02
   1.9132452e+00   1.3557445e+00   2.8695775e+02
   1.9100754e+00   1.3553660e+00   2.8795775e+02
   1.9069165e+00   1.3549949e+00   2.8895775e+02
   1.9037683e+00   1.3546312e+00   2.8995775e+02
   1.9006309e+00   1.3542748e+00   2.9095775e+02
   1.8975043e+00   1.3539257e+00   2.9195775e+02
   1.8943884e+00   1.3535840e+00   2.9295775e+02
   1.8912833e+00   1.3532495e+00   2.9395775e+02
   1.8881889e+00   1.3529224e+00   2.9495775e+02
   1.8851052e+00   1.3526026e+00   2.9595775e+02
   1.8820323e+00   1.3522901e+00   2.9695775e+02
   1.8789700e+00   1.3519849e+00   2.9795775e+02
   1.8759184e+00   1.3516869e+00   2.9895775e+02
   1.8728774e+00   1.3513962e+00   2.9995775e+02
   1.8698472e+00   1.3511128e+00   3.0095775e+02
   1.8668275e+00   1.3508366e+00   3.0195775e+02
   1.8638185e+00   1.3505676e+00   3.0295775e+02
   1.8608202e+00   1.3503059e+00   3.0395775e+02
   1.8578324e+00   1.3500514e+00   3.0495775e+02
   1.8548552e+00   1.3498041e+00   3.0595775e+02
   1.8518886e+00   1.3495640e+00   3.0695775e+02
   1.8489326e+00   1.3493312e+00   3.0795775e+02
   1.8459872e+00   1.3491054e+00   3.0895775e+02
   1.8430522e+00   1.3488869e+00   3.0995775e+02
   1.8401279e+00   1.3486756e+00   3.1095775e+02
   1.8372140e+00   1.3484714e+00   3.1195775e+02
   1.8343107e+00   1.3482743e+00   3.1295775e+02
   1.8314178e+00   1.3480844e+00   3.1395775e+02
   1.8285355e+00   1.3479016e+00   3.1495775e+02
   1.8256636e+00   1.3477259e+00   3.1595775e+02
   1.8228022e+00   1.3475574e+00   3.1695775e+02
   1.8199512e+00   1.3473960e+00   3.1795775e+02
   1.8171107e+00   1.3472416e+00   3.1895775e+02
   1.8142806e+00   1.3470944e+00   3.1995775e+02
   1.8114610e+00   1.3469542e+00   3.2095775e+02
   1.8086517e+00   1.3468211e+00   3.2195775e+02
   1.8058528e+00   1.3466950e+00   3.2295775e+02
   1.8030643e+00   1.3465760e+00   3.2395775e+02
   1.8002861e+00   1.3464641e+00   3.2495775e+02
   1.7975184e+00   1.3463591e+00   3.2595775e+02
   1.7947609e+00   1.3462612e+00   3.2695775e+02
   1.7920138e+00   1.3461704e+00   3.2795775e+02
   1.7892770e+00   1.3460865e+00   3.2895775e+02
   1.7865505e+00   1.3460096e+00   3.2995775e+02
   1.7838343e+00   1.3459397e+00   3.3095775e+02
   1.7811284e+00   1.3458768e+00   3.3195775e+02
   1.7784328e+00   1.3458209e+00   3.3295775e+02
   1.7757474e+00   1.3457719e+00   3.3395775e+02
   1.7730722e+00   1.3457299e+00   3.3495775e+02
   1.7704073e+00   1.3456948e+00   3.3595775e+02
   1.7677526e+00   1.3456666e+00   3.3695775e+02
   1.7651082e+00   1.3456454e+00   3.3795775e+02
   1.7624739e+00   1.3456311e+00   3.3895775e+02
   1.7598498e+00   1.3456237e+00   3.3995775e+02
   1.7572359e+00   1.3456232e+00   3.4095775e+02
   1.7546321e+00   1.3456296e+00   3.4195775e+02
   1.7520385e+00   1.3456429e+00   3.4295775e+02
   1.7494550e+00   1.3456630e+00   3.4395775e+02
   1.7468817e+00   1.3456901e+00   3.4495775e+02
   1.7443184e+00   1.3457239e+00   3.4595775e+02
   1.7417653e+00   1.3457646e+00   3.4695775e+02
   1.7392223e+00   1.3458122e+00   3.4795775e+02
   1.7366893e+00   1.3458666e+00   3.4895775e+02
   1.7341664e+00   1.3459278e+00   3.4995775e+02
   1.7316535e+00   1.3459958e+00   3.5095775e+02
   1.7291507e+00   1.3460706e+00   3.5195775e+02
   1.7266579e+00   1.3461522e+00   3.5295775e+02
   1.7241752e+00   1.3462406e+00   3.5395775e+02
   1.7217024e+00   1.3463358e+00   3.5495775e+02
   1.7192396e+00   1.3464377e+00   3.5595775e+02
   1.7167868e+00   1.3465464e+00   3.5695775e+02
   1.7143440e+00   1.3466618e+00   3.5795775e+02
   1.7119111e+00   1.3467840e+00   3.5895775e+02
   1.7094882e+00   1.3469129e+00   3.5995775e+02
   1.7070752e+00   1.3470485e+00   3.6095775e+02
   1.7046721e+00   1.3471908e+00   3.6195775e+02
   1.7022789e+00   1.3473399e+00   3.6295775e+02
   1.6998957e+00   1.3474956e+00   3.6395775e+02
   1.6975223e+00   1.3476580e+00   3.6495775e+02
   1.6951587e+00   1.3478271e+00   3.6595775e+02
   1.6928051e+00   1.3480029e+00   3.6695775e+02
   1.6904613e+00   1.3481853e+00   3.6795775e+02
   1.6881273e+00   1.3483743e+00   3.6895775e+02
   1.6858031e+00   1.3485700e+00   3.6995775e+02
   1.6834888e+00   1.3487724e+00   3.7095775e+02
   1.6811842e+00   1.3489814e+00   3.7195775e+02
   1.6788894e+00   1.3491969e+00   3.7295775e+02
   1.6766044e+00   1.3494191e+00   3.7395775e+02
   1.6743292e+00   1.3496479e+00   3.7495775e+02
   1.6720637e+00   1.3498832e+00   3.7595775e+02
   1.6698080e+00   1.3501252e+00   3.7695775e+02
   1.6675620e+00   1.3503737e+00   3.7795775e+02
   1.6653257e+00   1.3506288e+00   3.7895775e+02
   1.6630991e+00   1.3508904e+00   3.7995775e+02
   1.6608822e+00   1.3511586e+00   3.8095775e+02
   1.6586749e+00   1.3514333e+00   3.8195775e+02
   1.6564773e+00   1.3517145e+00   3.8295775e+02
   1.6542894e+00   1.3520022e+00   3.8395775e+02
   1.6521111e+00   1.3522965e+00   3.8495775e+02
   1.6499425e+00   1.3525972e+00   3.8595775e+02
   1.6477835e+00   1.3529044e+00   3.8695775e+02
   1.6456340e+00   1.3532182e+00   3.8795775e+02
   1.6434942e+00   1.3535383e+00   3.8895775e+02
   1.6413640e+00   1.3538650e+00   3.8995775e+02
   1.6392433e+00   1.3541981e+00   3.9095775e+02
   1.6371321e+00   1.3545376e+00   3.9195775e+02
   1.6350306e+00   1.3548836e+00   3.9295775e+02
   1.6329385e+00   1.3552360e+00   3.9395775e+02
   1.6308560e+00   1.3555948e+00   3.9495775e+02
   1.6287829e+00   1.3559600e+00   3.9595775e+02
   1.6267194e+00   1.3563317e+00   3.9695775e+02
   1.6246654e+00   1.3567097e+00   3.9795775e+02
   1.6226208e+00   1.3570941e+00   3.9895775e+02
   1.6205857e+00   1.3574849e+00   3.9995775e+02
   1.6185600e+00   1.3578820e+00   4.0095775e+02
   1.6165438e+00   1.3582855e+00   4.0195775e+02
   1.6145370e+00   1.3586953e+00   4.0295775e+02
   1.6125396e+00   1.3591115e+00   4.0395775e+02
   1.6105516e+00   1.3595340e+00   4.0495775e+02
   1.6085730e+00   1.3599628e+00   4.0595775e+02
   1.6066037e+00   1.3603980e+00   4.0695775e+02
   1.6046439e+00   1.3608394e+00   4.0795775e+02
   1.6026933e+00   1.3612871e+00   4.0895775e+02
   1.6007522e+00   1.3617411e+00   4.0995775e+02
   1.5988203e+00   1.3622014e+00   4.1095775e+02
   1.5968978e+00   1.3626680e+00   4.1195775e+02
   1.5949845e+00   1.3631408e+00   4.1295775e+02
   1.5930806e+00   1.3636198e+00   4.1395775e+02
   1.5911859e+00   1.3641051e+00   4.1495775e+02
   1.5893005e+00   1.3645967e+00   4.1595775e+02
   1.5874243e+00   1.3650944e+00   4.1695775e+02
   1.5855574e+00   1.3655984e+00   4.1795775e+02
   1.5836997e+00   1.3661085e+00   4.1895775e+02
   1.5818513e+00   1.3666249e+00   4.1995775e+02
   1.5800120e+00   1.3671474e+00   4.2095775e+02
   1.5781820e+00   1.3676761e+00   4.2195775e+02
   1.5763611e+00   1.3682110e+00   4.2295775e+02
   1.5745494e+00   1.3687520e+00   4.2395775e+02
   1.5727468e+00   1.3692992e+00   4.2495775e+02
   1.5709534e+00   1.3698526e+00   4.2595775e+02
   1.5691691e+00   1.3704120e+00   4.2695775e+02
   1.5673940e+00   1.3709776e+00   4.2795775e+02
   1.5656279e+00   1.3715493e+00   4.2895775e+02
   1.5638710e+00   1.3721271e+00   4.2995775e+02
   1.5621231e+00   1.3727110e+00   4.3095775e+02
   1.5603843e+00   1.3733010e+00   4.3195775e+02
   1.5586546e+00   1.3738971e+00   4.3295775e+02
   1.5569339e+00   1.3744992e+00   4.3395775e+02
   1.5552223e+00   1.3751074e+00   4.3495775e+02
   1.5535196e+00   1.3757216e+00   4.3595775e+02
   1.5518260e+00   1.3763419e+00   4.3695775e+02
   1.5501414e+00   1.3769683e+00   4.3795775e+02
   1.5484658e+00   1.3776006e+00   4.3895775e+02
   1.5467991e+00   1.3782390e+00   4.3995775e+02
   1.5451415e+00   1.3788833e+00   4.4095775e+02
   1.5434927e+00   1.3795337e+00   4.4195775e+02
   1.5418529e+00   1.3801900e+00   4.4295775e+02
   1.5402221e+00   1.3808524e+00   4.4395775e+02
   1.5386001e+00   1.3815207e+00   4.4495775e+02
   1.5369871e+00   1.3821950e+00   4.4595775e+02
   1.5353829e+00   1.3828752e+00   4.4695775e+02
   1.5337876e+00   1.3835613e+00   4.4795775e+02
   1.5322012e+00   1.3842534e+00   4.4895775e+02
   1.5306237e+00   1.3849515e+00   4.4995775e+02
   1.5290550e+00   1.3856554e+00   4.5095775e+02
   1.5274951e+00   1.3863653e+00   4.5195775e+02
   1.5259440e+00   1.3870810e+00   4.5295775e+02
   1.5244018e+00   1.3878027e+00   4.5395775e+02
   1.5228683e+00   1.3885302e+00   4.5495775e+02
   1.5213436e+00   1.3892636e+00   4.5595775e+02
   1.5198277e+00   1.3900028e+00   4.5695775e+02
   1.5183206e+00   1.3907480e+00   4.5795775e+02
   1.5168222e+00   1.3914989e+00   4.5895775e+02
   1.5153325e+00   1.3922557e+00   4.5995775e+02
   1.5138515e+00   1.3930184e+00   4.6095775e+02
   1.5123793e+00   1.3937868e+00   4.6195775e+02
   1.5109158e+00   1.3945611e+00   4.6295775e+02
   1.5094609e+00   1.3953411e+00   4.6395775e+02
   1.5080147e+00   1.3961270e+00   4.6495775e+02
   1.5065772e+00   1.3969186e+00   4.6595775e+02
   1.5051483e+00   1.3977160e+00   4.6695775e+02
   1.5037281e+00   1.3985192e+00   4.6795775e+02
   1.5023165e+00   1.3993281e+00   4.6895775e+02
   1.5009135e+00   1.4001428e+00   4.6995775e+02
   1.4995191e+00   1.4009632e+00   4.7095775e+02
   1.4981333e+00   1.4017894e+00   4.7195775e+02
   1.4967561e+00   1.4026212e+00   4.7295775e+02
   1.4953874e+00   1.4034588e+00   4.7395775e+02
   1.4940273e+00   1.4043021e+00   4.7495775e+02
   1.4926757e+00   1.4051511e+00   4.7595775e+02
   1.4913327e+00   1.4060057e+00   4.7695775e+02
   1.4899981e+00   1.4068661e+00   4.7795775e+02
   1.4886721e+00   1.4077321e+00   4.7895775e+02
   1.4873546e+00   1.4086037e+00   4.7995775e+02
   1.4860455e+00   1.4094811e+00   4.8095775e+02
   1.4847449e+00   1.4103640e+00   4.8195775e+02
   1.4834528e+00   1.4112526e+00   4.8295775e+02
   1.4821691e+00   1.4121468e+00   4.8395775e+02
   1.4808939e+00   1.4130466e+00   4.8495775e+02
   1.4796271e+00   1.4139521e+00   4.8595775e+02
   1.4783686e+00   1.4148631e+00   4.8695775e+02
   1.4771186e+00   1.4157797e+00   4.8795775e+02
   1.4758770e+00   1.4167019e+00   4.8895775e+02
   1.4746437e+00   1.4176296e+00   4.8995775e+02
   1.4734188e+00   1.4185630e+00   4.9095775e+02
   1.4722022e+00   1.4195018e+00   4.9195775e+02
   1.4709940e+00   1.4204462e+00   4.9295775e+02
   1.4697941e+00   1.4213962e+00   4.9395775e+02
   1.4686025e+00   1.4223517e+00   4.9495775e+02
   1.4674191e+00   1.4233127e+00   4.9595775e+02
   1.4662441e+00   1.4242791e+00   4.9695775e+02
   1.4650774e+00   1.4252511e+00   4.9795775e+02
   1.4639189e+00   1.4262286e+00   4.9895775e+02
   1.4627687e+00   1.4272116e+00   4.9995775e+02
   1.4616267e+00   1.4282000e+00   5.0095775e+02
   1.4604929e+00   1.4291939e+00   5.0195775e+02
   1.4593674e+00   1.4301932e+00   5.0295775e+02
   1.4582500e+00   1.4311980e+00   5.0395775e+02
   1.4571409e+00   1.4322083e+00   5.0495775e+02
   1.4560399e+00   1.4332239e+00   5.0595775e+02
   1.4549471e+00   1.4342450e+00   5.0695775e+02
   1.4538624e+00   1.4352715e+00   5.0795775e+02
   1.4527859e+00   1.4363033e+00   5.0895775e+02
   1.4517175e+00   1.4373406e+00   5.0995775e+02
   1.4506572e+00   1.4383833e+00   5.1095775e+02
   1.4496051e+00   1.4394313e+00   5.1195775e+02
   1.4485610e+00   1.4404847e+00   5.1295775e+02
   1.4475250e+00   1.4415434e+00   5.1395775e+02
   1.4464971e+00   1.4426075e+00   5.1495775e+02
   1.4454772e+00   1.4436769e+00   5.1595775e+02
   1.4444654e+00   1.4447517e+00   5.1695775e+02
   1.4434616e+00   1.4458317e+00   5.1795775e+02
   1.4424658e+00   1.4469171e+00   5.1895775e+02
   1.4414780e+00   1.4480078e+00   5.1995775e+02
   1.4404983e+00   1.4491038e+00   5.2095775e+02
   1.4395265e+00   1.4502050e+00   5.2195775e+02
   1.4385627e+00   1.4513116e+00   5.2295775e+02
   1.4376068e+00   1.4524234e+00   5.2395775e+02
   1.4366589e+00   1.4535404e+00   5.2495775e+02
   1.4357190e+00   1.4546627e+00   5.2595775e+02
   1.4347869e+00   1.4557903e+00   5.2695775e+02
   1.4338628e+00   1.4569231e+00   5.2795775e+02
   1.4329466e+00   1.4580611e+00   5.2895775e+02
   1.4320382e+00   1.4592043e+00   5.2995775e+02
   1.4311377e+00   1.4603527e+00   5.3095775e+02
   1.4302451e+00   1.4615063e+00   5.3195775e+02
   1.4293604e+00   1.4626651e+00   5.3295775e+02
   1.4284835e+00   1.4638290e+00   5.3395775e+02
   1.4276144e+00   1.4649982e+00   5.3495775e+02
   1.4267531e+00   1.4661724e+00   5.3595775e+02
   1.4258996e+00   1.4673519e+00   5.3695775e+02
   1.4250540e+00   1.4685365e+00   5.3795775e+02
   1.4242161e+00   1.4697262e+00   5.3895775e+02
   1.4233859e+00   1.4709210e+00   5.3995775e+02
   1.4225635e+00   1.4721210e+00   5.4095775e+02
   1.4217489e+00   1.4733260e+00   5.4195775e+02
   1.4209420e+00   1.4745362e+00   5.4295775e+02
   1.4201428e+00   1.4757514e+00   5.4395775e+02
   1.4193513e+00   1.4769717e+00   5.4495775e+02
   1.4185675e+00   1.4781971e+00   5.4595775e+02
   1.4177914e+00   1.4794276e+00   5.4695775e+02
   1.4170230e+00   1.4806631e+00   5.4795775e+02
   1.4162622e+00   1.4819036e+00   5.4895775e+02
   1.4155091e+00   1.4831492e+00   5.4995775e+02
   1.4147636e+00   1.4843998e+00   5.5095775e+02
   1.4140257e+00   1.4856554e+00   5.5195775e+02
   1.4132954e+00   1.4869160e+00   5.5295775e+02
   1.4125727e+00   1.4881816e+00   5.5395775e+02
   1.4118577e+00   1.4894522e+00   5.5495775e+02
   1.4111501e+00   1.4907278e+00   5.5595775e+02
   1.4104502e+00   1.4920084e+00   5.5695775e+02
   1.4097578e+00   1.4932939e+00   5.5795775e+02
   1.4090729e+00   1.4945844e+00   5.5895775e+02
   1.4083956e+00   1.4958798e+00   5.5995775e+02
   1.4077257e+00   1.4971801e+00   5.6095775e+02
   1.4070634e+00   1.4984854e+00   5.6195775e+02
   1.4064086e+00   1.4997956e+00   5.6295775e+02
   1.4057612e+00   1.5011107e+00   5.6395775e+02
   1.4051213e+00   1.5024307e+00   5.6495775e+02
   1.4044888e+00   1.5037556e+00   5.6595775e+02
   1.4038638e+00   1.5050854e+00   5.6695775e+02
   1.4032462e+00   1.5064200e+00   5.6795775e+02
   1.4026361e+00   1.5077595e+00   5.6895775e+02
   1.4020333e+00   1.5091039e+00   5.6995775e+02
   1.4014379e+00   1.5104531e+00   5.7095775e+02
   1.4008499e+00   1.5118072e+00   5.7195775e+02
   1.4002693e+00   1.5131661e+00   5.7295775e+02
   1.3996961e+00   1.5145298e+00   5.7395775e+02
   1.3991301e+00   1.5158983e+00   5.7495775e+02
   1.3985715e+00   1.5172716e+00   5.7595775e+02
   1.3980203e+00   1.5186497e+00   5.7695775e+02
   1.3974763e+00   1.5200326e+00   5.7795775e+02
   1.3969396e+00   1.5214202e+00   5.7895775e+02
   1.3964102e+00   1.5228127e+00   5.7995775e+02
   1.3958881e+00   1.5242098e+00   5.8095775e+02
   1.3953732e+00   1.5256118e+00   5.8195775e+02
   1.3948656e+00   1.5270184e+00   5.8295775e+02
   1.3943652e+00   1.5284298e+00   5.8395775e+02
   1.3938721e+00   1.5298460e+00   5.8495775e+02
   1.3933861e+00   1.5312668e+00   5.8595775e+02
   1.3929074e+00   1.5326923e+00   5.8695775e+02
   1.3924358e+00   1.5341226e+00   5.8795775e+02
   1.3919714e+00   1.5355575e+00   5.8895775e+02
   1.3915142e+00   1.5369971e+00   5.8995775e+02
   1.3910641e+00   1.5384413e+00   5.9095775e+02
   1.3906212e+00   1.5398902e+00   5.9195775e+02
   1.3901854e+00   1.5413438e+00   5.9295775e+02
   1.3897567e+00   1.5428020e+00   5.9395775e+02
   1.3893351e+00   1.5442649e+00   5.9495775e+02
   1.3889205e+00   1.5457323e+00   5.9595775e+02
   1.3885131e+00   1.5472044e+00   5.9695775e+02
   1.3881127e+00   1.5486811e+00   5.9795775e+02
   1.3877194e+00   1.5501624e+00   5.9895775e+02
   1.3873331e+00   1.5516482e+00   5.9995775e+02
   1.3869539e+00   1.5531387e+00   6.0095775e+02
   1.3865817e+00   1.5546337e+00   6.0195775e+02
   1.3862164e+00   1.5561333e+00   6.0295775e+02
   1.3858582e+00   1.5576374e+00   6.0395775e+02
   1.3855070e+00   1.5591461e+00   6.0495775e+02
   1.3851627e+00   1.5606593e+00   6.0595775e+02
   1.3848254e+00   1.5621770e+00   6.0695775e+02
   1.3844950e+00   1.5636992e+00   6.0795775e+02
   1.3841715e+00   1.5652260e+00   6.0895775e+02
   1.3838550e+00   1.5667572e+00   6.0995775e+02
   1.3835454e+00   1.5682929e+00   6.1095775e+02
   1.3832426e+00   1.5698332e+00   6.1195775e+02
   1.3829468e+00   1.5713778e+00   6.1295775e+02
   1.3826578e+00   1.5729270e+00   6.1395775e+02
   1.3823757e+00   1.5744806e+00   6.1495775e+02
   1.3821004e+00   1.5760386e+00   6.1595775e+02
   1.3818320e+00   1.5776011e+00   6.1695775e+02
   1.3815704e+00   1.5791680e+00   6.1795775e+02
   1.3813156e+00   1.5807394e+00   6.1895775e+02
   1.3810676e+00   1.5823151e+00   6.1995775e+02
   1.3808264e+00   1.5838952e+00   6.2095775e+02
   1.3805920e+00   1.5854797e+00   6.2195775e+02
   1.3803643e+00   1.5870686e+00   6.2295775e+02
   1.3801434e+00   1.5886619e+00   6.2395775e+02
   1.3799292e+00   1.5902596e+00   6.2495775e+02
   1.3797217e+00   1.5918616e+00   6.2595775e+02
   1.3795210e+00   1.5934679e+00   6.2695775e+02
   1.3793269e+00   1.5950786e+00   6.2795775e+02
   1.3791396e+00   1.5966936e+00   6.2895775e+02
   1.3789589e+00   1.5983129e+00   6.2995775e+02
   1.3787849e+00   1.5999366e+00   6.3095775e+02
   1.3786176e+00   1.6015645e+00   6.3195775e+02
   1.3784569e+00   1.6031967e+00   6.3295775e+02
   1.3783028e+00   1.6048332e+00   6.3395775e+02
   1.3781553e+00   1.6064740e+00   6.3495775e+02
   1.3780145e+00   1.6081191e+00   6.3595775e+02
   1.3778802e+00   1.6097684e+00   6.3695775e+02
   1.3777525e+00   1.6114220e+00   6.3795775e+02
   1.3776314e+00   1.6130798e+00   6.3895775e+02
   1.3775168e+00   1.6147418e+00   6.3995775e+02
   1.3774088e+00   1.6164080e+00   6.4095775e+02
   1.3773074e+00   1.6180785e+00   6.4195775e+02
   1.3772124e+00   1.6197532e+00   6.4295775e+02
   1.3771239e+00   1.6214320e+00   6.4395775e+02
   1.3770420e+00   1.6231151e+00   6.4495775e+02
   1.3769665e+00   1.6248023e+00   6.4595775e+02
   1.3768975e+00   1.6264937e+00   6.4695775e+02
   1.3768350e+00   1.6281892e+00   6.4795775e+02
   1.3767789e+00   1.6298889e+00   6.4895775e+02
   1.3767293e+00   1.6315928e+00   6.4995775e+02
   1.3766860e+00   1.6333007e+00   6.5095775e+02
   1.3766492e+00   1.6350128e+00   6.5195775e+02
   1.3766188e+00   1.6367290e+00   6.5295775e+02
   1.3765948e+00   1.6384493e+00   6.5395775e+02
   1.3765771e+00   1.6401737e+00   6.5495775e+02
   1.3765659e+00   1.6419022e+00   6.5595775e+02
   1.3765609e+00   1.6436348e+00   6.5695775e+02
   1.3765623e+00   1.6453715e+00   6.5795775e+02
   1.3765701e+00   1.6471122e+00   6.5895775e+02
   1.3765841e+00   1.6488569e+00   6.5995775e+02
   1.3766045e+00   1.6506057e+00   6.6095775e+02
   1.3766311e+00   1.6523585e+00   6.6195775e+02
   1.3766640e+00   1.6541154e+00   6.6295775e+02
   1.3767032e+00   1.6558763e+00   6.6395775e+02
   1.3767487e+00   1.6576411e+00   6.6495775e+02
   1.3768003e+00   1.6594100e+00   6.6595775e+02
   1.3768583e+00   1.6611829e+00   6.6695775e+02
   1.3769224e+00   1.6629597e+00   6.6795775e+02
   1.3769927e+00   1.6647405e+00   6.6895775e+02
   1.3770693e+00   1.6665253e+00   6.6995775e+02
   1.3771520e+00   1.6683140e+00   6.7095775e+02
   1.3772409e+00   1.6701067e+00   6.7195775e+02
   1.3773359e+00   1.6719033e+00   6.7295775e+02
   1.3774371e+00   1.6737039e+00   6.7395775e+02
   1.3775444e+00   1.6755083e+00   6.7495775e+02
   1.3776579e+00   1.6773167e+00   6.7595775e+02
   1.3777775e+00   1.6791289e+00   6.7695775e+02
   1.3779031e+00   1.6809451e+00   6.7795775e+02
   1.3780349e+00   1.6827651e+00   6.7895775e+02
   1.3781727e+00   1.6845890e+00   6.7995775e+02
   1.3783165e+00   1.6864168e+00   6.8095775e+02
   1.3784665e+00   1.6882484e+00   6.8195775e+02
   1.3786224e+00   1.6900839e+00   6.8295775e+02
   1.3787844e+00   1.6919232e+00   6.8395775e+02
   1.3789524e+00   1.6937663e+00   6.8495775e+02
   1.3791264e+00   1.6956133e+00   6.8595775e+02
   1.3793064e+00   1.6974641e+00   6.8695775e+02
   1.3794924e+00   1.6993186e+00   6.8795775e+02
   1.3796843e+00   1.7011770e+00   6.8895775e+02
   1.3798822e+00   1.7030391e+00   6.8995775e+02
   1.3800860e+00   1.7049051e+00   6.9095775e+02
   1.3802958e+00   1.7067748e+00   6.9195775e+02
   1.3805114e+00   1.7086482e+00   6.9295775e+02
   1.3807330e+00   1.7105254e+00   6.9395775e+02
   1.3809605e+00   1.7124063e+00   6.9495775e+02
   1.3811938e+00   1.7142910e+00   6.9595775e+02
   1.3814330e+00   1.7161794e+00   6.9695775e+02
   1.3816781e+00   1.7180714e+00   6.9795775e+02
   1.3819290e+00   1.7199672e+00   6.9895775e+02
   1.3821858e+00   1.7218667e+00   6.9995775e+02
   1.3824483e+00   1.7237699e+00   7.0095775e+02
   1.3827167e+00   1.7256768e+00   7.0195775e+02
   1.3829909e+00   1.7275873e+00   7.0295775e+02
   1.3832708e+00   1.7295015e+00   7.0395775e+02
   1.3835565e+00   1.7314193e+00   7.0495775e+02
   1.3838480e+00   1.7333407e+00   7.0595775e+02
   1.3841452e+00   1.7352658e+00   7.0695775e+02
   1.3844482e+00   1.7371946e+00   7.0795775e+02
   1.3847569e+00   1.7391269e+00   7.0895775e+02
   1.3850713e+00   1.7410628e+00   7.0995775e+02
   1.3853914e+00   1.7430024e+00   7.1095775e+02
   1.3857172e+00   1.7449455e+00   7.1195775e+02
   1.3860486e+00   1.7468922e+00   7.1295775e+02
   1.3863857e+00   1.7488425e+00   7.1395775e+02
   1.3867285e+00   1.7507963e+00   7.1495775e+02
   1.3870769e+00   1.7527537e+00   7.1595775e+02
   1.3874309e+00   1.7547146e+00   7.1695775e+02
   1.3877906e+00   1.7566791e+00   7.1795775e+02
   1.3881558e+00   1.7586471e+00   7.1895775e+02
   1.3885267e+00   1.7606186e+00   7.1995775e+02
   1.3889031e+00   1.7625936e+00   7.2095775e+02
   1.3892850e+00   1.7645721e+00   7.2195775e+02
   1.3896726e+00   1.7665541e+00   7.2295775e+02
   1.3900657e+00   1.7685396e+00   7.2395775e+02
   1.3904643e+00   1.7705285e+00   7.2495775e+02
   1.3908684e+00   1.7725209e+00   7.2595775e+02
   1.3912780e+00   1.7745168e+00   7.2695775e+02
   1.3916931e+00   1.7765161e+00   7.2795775e+02
   1.3921137e+00   1.7785188e+00   7.2895775e+02
   1.3925398e+00   1.7805250e+00   7.2995775e+02
   1.3929713e+00   1.7825346e+00   7.3095775e+02
   1.3934083e+00   1.7845476e+00   7.3195775e+02
   1.3938507e+00   1.7865640e+00   7.3295775e+02
   1.3942985e+00   1.7885837e+00   7.3395775e+02
   1.3947517e+00   1.7906069e+00   7.3495775e+02
   1.3952104e+00   1.7926334e+00   7.3595775e+02
   1.3956744e+00   1.7946633e+00   7.3695775e+02
   1.3961438e+00   1.7966966e+00   7.3795775e+02
   1.3966185e+00   1.7987332e+00   7.3895775e+02
   1.3970986e+00   1.8007731e+00   7.3995775e+02
   1.3975840e+00   1.8028164e+00   7.4095775e+02
   1.3980748e+00   1.8048630e+00   7.4195775e+02
   1.3985708e+00   1.8069129e+00   7.4295775e+02
   1.3990722e+00   1.8089661e+00   7.4395775e+02
   1.3995788e+00   1.8110226e+00   7.4495775e+02
   1.4000908e+00   1.8130824e+00   7.4595775e+02
   1.4006079e+00   1.8151454e+00   7.4695775e+02
   1.4011304e+00   1.8172117e+00   7.4795775e+02
   1.4016581e+00   1.8192813e+00   7.4895775e+02
   1.4021910e+00   1.8213541e+00   7.4995775e+02
   1.4027291e+00   1.8234302e+00   7.5095775e+02
   1.4032724e+00   1.8255095e+00   7.5195775e+02
   1.4038209e+00   1.8275920e+00   7.5295775e+02
   1.4043746e+00   1.8296777e+00   7.5395775e+02
   1.4049335e+00   1.8317666e+00   7.5495775e+02
   1.4054975e+00   1.8338588e+00   7.5595775e+02
   1.4060666e+00   1.8359541e+00   7.5695775e+02
   1.4066409e+00   1.8380526e+00   7.5795775e+02
   1.4072203e+00   1.8401542e+00   7.5895775e+02
   1.4078048e+00   1.8422590e+00   7.5995775e+02
   1.4083944e+00   1.8443670e+00   7.6095775e+02
   1.4089891e+00   1.8464781e+00   7.6195775e+02
   1.4095889e+00   1.8485923e+00   7.6295775e+02
   1.4101937e+00   1.8507097e+00   7.6395775e+02
   1.4108035e+00   1.8528301e+00   7.6495775e+02
   1.4114184e+00   1.8549537e+00   7.6595775e+02
   1.4120383e+00   1.8570804e+00   7.6695775e+02
   1.4126633e+00   1.8592101e+00   7.6795775e+02
   1.4132932e+00   1.8613430e+00   7.6895775e+02
   1.4139281e+00   1.8634789e+00   7.6995775e+02
   1.4145680e+00   1.8656178e+00   7.7095775e+02
   1.4152128e+00   1.8677599e+00   7.7195775e+02
   1.4158626e+00   1.8699049e+00   7.7295775e+02
   1.4165173e+00   1.8720530e+00   7.7395775e+02
   1.4171769e+00   1.8742041e+00   7.7495775e+02
   1.4178415e+00   1.8763583e+00   7.7595775e+02
   1.4185110e+00   1.8785154e+00   7.7695775e+02
   1.4191853e+00   1.8806755e+00   7.7795775e+02
   1.4198645e+00   1.8828387e+00   7.7895775e+02
   1.4205486e+00   1.8850048e+00   7.7995775e+02
   1.4212376e+00   1.8871738e+00   7.8095775e+02
   1.4219313e+00   1.8893459e+00   7.8195775e+02
   1.4226299e+00   1.8915209e+00   7.8295775e+02
   1.4233334e+00   1.8936988e+00   7.8395775e+02
   1.4240416e+00   1.8958797e+00   7.8495775e+02
   1.4247546e+00   1.8980635e+00   7.8595775e+02
   1.4254724e+00   1.9002502e+00   7.8695775e+02
   1.4261950e+00   1.9024398e+00   7.8795775e+02
   1.4269223e+00   1.9046324e+00   7.8895775e+02
   1.4276544e+00   1.9068278e+00   7.8995775e+02
   1.4283912e+00   1.9090261e+00   7.9095775e+02
   1.4291327e+00   1.9112272e+00   7.9195775e+02
   1.4298789e+00   1.9134313e+00   7.9295775e+02
   1.4306298e+00   1.9156382e+00   7.9395775e+02
   1.4313854e+00   1.9178479e+00   7.9495775e+02
   1.4321457e+00   1.9200605e+00   7.9595775e+02
   1.4329106e+00   1.9222759e+00   7.9695775e+02
   1.4336802e+00   1.9244941e+00   7.9795775e+02
   1.4344544e+00   1.9267151e+00   7.9895775e+02
   1.4352332e+00   1.9289390e+00   7.9995775e+02
   1.4360167e+00   1.9311656e+00   8.0095775e+02
   1.4368047e+00   1.9333950e+00   8.0195775e+02
   1.4375973e+00   1.9356272e+00   8.0295775e+02
   1.4383945e+00   1.9378621e+00   8.0395775e+02
   1.4391963e+00   1.9400998e+00   8.0495775e+02
   1.4400026e+00   1.9423403e+00   8.0595775e+02
   1.4408134e+00   1.9445835e+00   8.0695775e+02
   1.4416288e+00   1.9468294e+00   8.0795775e+02
   1.4424487e+00   1.9490781e+00   8.0895775e+02
   1.4432731e+00   1.9513294e+00   8.0995775e+02
   1.4441020e+00   1.9535835e+00   8.1095775e+02
   1.4449353e+00   1.9558402e+00   8.1195775e+02
   1.4457731e+00   1.9580997e+00   8.1295775e+02
   1.4466154e+00   1.9603618e+00   8.1395775e+02
   1.4474621e+00   1.9626266e+00   8.1495775e+02
   1.4483133e+00   1.9648940e+00   8.1595775e+02
   1.4491688e+00   1.9671641e+00   8.1695775e+02
   1.4500288e+00   1.9694368e+00   8.1795775e+02
   1.4508931e+00   1.9717122e+00   8.1895775e+02
   1.4517619e+00   1.9739902e+00   8.1995775e+02
   1.4526350e+00   1.9762708e+00   8.2095775e+02
   1.4535124e+00   1.9785540e+00   8.2195775e+02
   1.4543943e+00   1.9808398e+00   8.2295775e+02
   1.4552804e+00   1.9831282e+00   8.2395775e+02
   1.4561708e+00   1.9854192e+00   8.2495775e+02
   1.4570656e+00   1.9877127e+00   8.2595775e+02
   1.4579647e+00   1.9900088e+00   8.2695775e+02
   1.4588680e+00   1.9923074e+00   8.2795775e+02
   1.4597756e+00   1.9946086e+00   8.2895775e+02
   1.4606875e+00   1.9969124e+00   8.2995775e+02
   1.4616036e+00   1.9992186e+00   8.3095775e+02
   1.4625240e+00   2.0015274e+00   8.3195775e+02
   1.4634486e+00   2.0038386e+00   8.3295775e+02
   1.4643774e+00   2.0061524e+00   8.3395775e+02
   1.4653103e+00   2.0084687e+00   8.3495775e+02
   1.4662475e+00   2.0107874e+00   8.3595775e+02
   1.4671889e+00   2.0131086e+00   8.3695775e+02
   1.4681344e+00   2.0154323e+00   8.3795775e+02
   1.4690841e+00   2.0177584e+00   8.3895775e+02
   1.4700379e+00   2.0200870e+00   8.3995775e+02
   1.4709958e+00   2.0224180e+00   8.4095775e+02
   1.4719578e+00   2.0247514e+00   8.4195775e+02
   1.4729240e+00   2.0270873e+00   8.4295775e+02
   1.4738942e+00   2.0294256e+00   8.4395775e+02
   1.4748685e+00   2.0317662e+00   8.4495775e+02
   1.4758469e+00   2.0341093e+00   8.4595775e+02
   1.4768294e+00   2.0364547e+00   8.4695775e+02
   1.4778158e+00   2.0388025e+00   8.4795775e+02
   1.4788063e+00   2.0411527e+00   8.4895775e+02
   1.4798009e+00   2.0435052e+00   8.4995775e+02
   1.4807994e+00   2.0458601e+00   8.5095775e+02
   1.4818019e+00   2.0482173e+00   8.5195775e+02
   1.4828084e+00   2.0505768e+00   8.5295775e+02
   1.4838189e+00   2.0529387e+00   8.5395775e+02
   1.4848333e+00   2.0553028e+00   8.5495775e+02
   1.4858517e+00   2.0576693e+00   8.5595775e+02
   1.4868740e+00   2.0600381e+00   8.5695775e+02
   1.4879002e+00   2.0624091e+00   8.5795775e+02
   1.4889304e+00   2.0647824e+00   8.5895775e+02
   1.4899644e+00   2.0671580e+00   8.5995775e+02
   1.4910023e+00   2.0695358e+00   8.6095775e+02
   1.4920441e+00   2.0719159e+00   8.6195775e+02
   1.4930898e+00   2.0742983e+00   8.6295775e+02
   1.4941393e+00   2.0766828e+00   8.6395775e+02
   1.4951926e+00   2.0790696e+00   8.6495775e+02
   1.4962498e+00   2.0814586e+00   8.6595775e+02
   1.4973107e+00   2.0838498e+00   8.6695775e+02
   1.4983755e+00   2.0862432e+00   8.6795775e+02
   1.4994441e+00   2.0886387e+00   8.6895775e+02
   1.5005164e+00   2.0910365e+00   8.6995775e+02
   1.5015925e+00   2.0934364e+00   8.7095775e+02
   1.5026724e+00   2.0958385e+00   8.7195775e+02
   1.5037559e+00   2.0982427e+00   8.7295775e+02
   1.5048433e+00   2.1006491e+00   8.7395775e+02
   1.5059343e+00   2.1030576e+00   8.7495775e+02
   1.5070290e+00   2.1054682e+00   8.7595775e+02
   1.5081275e+00   2.1078809e+00   8.7695775e+02
   1.5092296e+00   2.1102958e+00   8.7795775e+02
   1.5103353e+00   2.1127127e+00   8.7895775e+02
   1.5114448e+00   2.1151317e+00   8.7995775e+02
   1.5125578e+00   2.1175528e+00   8.8095775e+02
   1.5136745e+00   2.1199760e+00   8.8195775e+02
   1.5147949e+00   2.1224013e+00   8.8295775e+02
   1.5159188e+00   2.1248285e+00   8.8395775e+02
   1.5170463e+00   2.1272579e+00   8.8495775e+02
   1.5181774e+00   2.1296892e+00   8.8595775e+02
   1.5193121e+00   2.1321226e+00   8.8695775e+02
   1.5204503e+00   2.1345580e+00   8.8795775e+02
   1.5215921e+00   2.1369954e+00   8.8895775e+02
   1.5227374e+00   2.1394348e+00   8.8995775e+02
   1.5238862e+00   2.1418762e+00   8.9095775e+02
   1.5250386e+00   2.1443196e+00   8.9195775e+02
   1.5261944e+00   2.1467649e+00   8.9295775e+02
   1.5273537e+00   2.1492123e+00   8.9395775e+02
   1.5285165e+00   2.1516615e+00   8.9495775e+02
   1.5296828e+00   2.1541127e+00   8.9595775e+02
   1.5308525e+00   2.1565659e+00   8.9695775e+02
   1.5320257e+00   2.1590209e+00   8.9795775e+02
   1.5332022e+00   2.1614779e+00   8.9895775e+02
   1.5343822e+00   2.1639368e+00   8.9995775e+02
   1.5355656e+00   2.1663976e+00   9.0095775e+02
   1.5367524e+00   2.1688603e+00   9.0195775e+02
   1.5379425e+00   2.1713249e+00   9.0295775e+02
   1.5391360e+00   2.1737913e+00   9.0395775e+02
   1.5403329e+00   2.1762596e+00   9.0495775e+02
   1.5415331e+00   2.1787298e+00   9.0595775e+02
   1.5427366e+00   2.1812018e+00   9.0695775e+02
   1.5439435e+00   2.1836756e+00   9.0795775e+02
   1.5451537e+00   2.1861513e+00   9.0895775e+02
   1.5463671e+00   2.1886288e+00   9.0995775e+02
   1.5475838e+00   2.1911081e+00   9.1095775e+02
   1.5488038e+00   2.1935892e+00   9.1195775e+02
   1.5500271e+00   2.1960721e+00   9.1295775e+02
   1.5512536e+00   2.1985568e+00   9.1395775e+02
   1.5524833e+00   2.2010432e+00   9.1495775e+02
   1.5537162e+00   2.2035314e+00   9.1595775e+02
   1.5549524e+00   2.2060214e+00   9.1695775e+02
   1.5561918e+00   2.2085131e+00   9.1795775e+02
   1.5574343e+00   2.2110066e+00   9.1895775e+02
   1.5586800e+00   2.2135018e+00   9.1995775e+02
   1.5599288e+00   2.2159987e+00   9.2095775e+02
   1.5611809e+00   2.2184973e+00   9.2195775e+02
   1.5624360e+00   2.2209977e+00   9.2295775e+02
   1.5636943e+00   2.2234997e+00   9.2395775e+02
   1.5649556e+00   2.2260034e+00   9.2495775e+02
   1.5662201e+00   2.2285088e+00   9.2595775e+02
   1.5674877e+00   2.2310158e+00   9.2695775e+02
   1.5687583e+00   2.2335246e+00   9.2795775e+02
   1.5700320e+00   2.2360349e+00   9.2895775e+02
   1.5713088e+00   2.2385469e+00   9.2995775e+02
   1.5725885e+00   2.2410606e+00   9.3095775e+02
   1.5738714e+00   2.2435758e+00   9.3195775e+02
   1.5751572e+00   2.2460927e+00   9.3295775e+02
   1.5764460e+00   2.2486112e+00   9.3395775e+02
   1.5777378e+00   2.2511312e+00   9.3495775e+02
   1.5790326e+00   2.2536529e+00   9.3595775e+02
   1.5803304e+00   2.2561761e+00   9.3695775e+02
   1.5816311e+00   2.2587009e+00   9.3795775e+02
   1.5829348e+00   2.2612273e+00   9.3895775e+02
   1.5842413e+00   2.2637552e+00   9.3995775e+02
   1.5855508e+00   2.2662847e+00   9.4095775e+02
   1.5868632e+00   2.2688157e+00   9.4195775e+02
   1.5881785e+00   2.2713482e+00   9.4295775e+02
   1.5894967e+00   2.2738823e+00   9.4395775e+02
   1.5908178e+00   2.2764178e+00   9.4495775e+02
   1.5921417e+00   2.2789548e+00   9.4595775e+02
   1.5934684e+00   2.2814934e+00   9.4695775e+02
   1.5947980e+00   2.2840334e+00   9.4795775e+02
   1.5961304e+00   2.2865749e+00   9.4895775e+02
   1.5974656e+00   2.2891178e+00   9.4995775e+02
   1.5988036e+00   2.2916622e+00   9.5095775e+02
   1.6001444e+00   2.2942081e+00   9.5195775e+02
   1.6014880e+00   2.2967553e+00   9.5295775e+02
   1.6028343e+00   2.2993040e+00   9.5395775e+02
   1.6041834e+00   2.3018542e+00   9.5495775e+02
   1.6055352e+00   2.3044057e+00   9.5595775e+02
   1.6068897e+00   2.3069586e+00   9.5695775e+02
   1.6082470e+00   2.3095130e+00   9.5795775e+02
   1.6096069e+00   2.3120687e+00   9.5895775e+02
   1.6109695e+00   2.3146257e+00   9.5995775e+02
   1.6123348e+00   2.3171842e+00   9.6095775e+02
   1.6137028e+00   2.3197440e+00   9.6195775e+02
   1.6150734e+00   2.3223051e+00   9.6295775e+02
   1.6164467e+00   2.3248676e+00   9.6395775e+02
   1.6178226e+00   2.3274314e+00   9.6495775e+02
   1.6192011e+00   2.3299965e+00   9.6595775e+02
   1.6205822e+00   2.3325630e+00   9.6695775e+02
   1.6219659e+00   2.3351307e+00   9.6795775e+02
   1.6233521e+00   2.3376997e+00   9.6895775e+02
   1.6247410e+00   2.3402701e+00   9.6995775e+02
   1.6261323e+00   2.3428417e+00   9.7095775e+02
   1.6275263e+00   2.3454145e+00   9.7195775e+02
   1.6289227e+00   2.3479886e+00   9.7295775e+02
   1.6303217e+00   2.3505640e+00   9.7395775e+02
   1.6317232e+00   2.3531406e+00   9.7495775e+02
   1.6331272e+00   2.3557184e+00   9.7595775e+02
   1.6345337e+00   2.3582975e+00   9.7695775e+02
   1.6359426e+00   2.3608777e+00   9.7795775e+02
   1.6373540e+00   2.3634592e+00   9.7895775e+02
   1.6387678e+00   2.3660419e+00   9.7995775e+02
   1.6401841e+00   2.3686257e+00   9.8095775e+02
   1.6416028e+00   2.3712107e+00   9.8195775e+02
   1.6430239e+00   2.3737969e+00   9.8295775e+02
   1.6444474e+00   2.3763843e+00   9.8395775e+02
   1.6458732e+00   2.3789728e+00   9.8495775e+02
   1.6473015e+00   2.3815624e+00   9.8595775e+02
   1.6487321e+00   2.3841532e+00   9.8695775e+02
   1.6501651e+00   2.3867451e+00   9.8795775e+02
   1.6516004e+00   2.3893381e+00   9.8895775e+02
   1.6530380e+00   2.3919322e+00   9.8995775e+02
   1.6544779e+00   2.3945274e+00   9.9095775e+02
   1.6559202e+00   2.3971237e+00   9.9195775e+02
   1.6573647e+00   2.3997211e+00   9.9295775e+02
   1.6588115e+00   2.4023196e+00   9.9395775e+02
   1.6602606e+00   2.4049191e+00   9.9495775e+02
   1.6617119e+00   2.4075196e+00   9.9595775e+02
   1.6631654e+00   2.4101212e+00   9.9695775e+02
   1.6646212e+00   2.4127239e+00   9.9795775e+02
   1.6660792e+00   2.4153275e+00   9.9895775e+02
   1.6675394e+00   2.4179322e+00   9.9995775e+02
   1.6690018e+00   2.4205379e+00   1.0009578e+03
   1.6704664e+00   2.4231446e+00   1.0019578e+03
   1.6719332e+00   2.4257522e+00   1.0029578e+03
   1.6734020e+00   2.4283609e+00   1.0039578e+03
   1.6748731e+00   2.4309705e+00   1.0049578e+03
   1.6763463e+00   2.4335811e+00   1.0059578e+03
   1.6778216e+00   2.4361926e+00   1.0069578e+03
   1.6792990e+00   2.4388051e+00   1.0079578e+03
   1.6807784e+00   2.4414185e+00   1.0089578e+03
   1.6822600e+00   2.4440329e+00   1.0099578e+03
   1.6837437e+00   2.4466481e+00   1.0109578e+03
   1.6852294e+00   2.4492643e+00   1.0119578e+03
   1.6867171e+00   2.4518814e+00   1.0129578e+03
   1.6882069e+00   2.4544993e+00   1.0139578e+03
   1.6896987e+00   2.4571182e+00   1.0149578e+03
   1.6911925e+00   2.4597379e+00   1.0159578e+03
   1.6926883e+00   2.4623585e+00   1.0169578e+03
   1.6941861e+00   2.4649799e+00   1.0179578e+03
   1.6956859e+00   2.4676022e+00   1.0189578e+03
   1.6971877e+00   2.4702253e+00   1.0199578e+03
   1.6986913e+00   2.4728492e+00   1.0209578e+03
   1.7001970e+00   2.4754740e+00   1.0219578e+03
   1.7017045e+00   2.4780996e+00   1.0229578e+03
   1.7032140e+00   2.4807260e+00   1.0239578e+03
   1.7047253e+00   2.4833531e+00   1.0249578e+03
   1.7062386e+00   2.4859811e+00   1.0259578e+03
   1.7077537e+00   2.4886098e+00   1.0269578e+03
   1.7092707e+00   2.4912393e+00   1.0279578e+03
   1.7107896e+00   2.4938696e+00   1.0289578e+03
   1.7123103e+00   2.4965006e+00   1.0299578e+03
   1.7138328e+00   2.4991323e+00   1.0309578e+03
   1.7153571e+00   2.5017648e+00   1.0319578e+03
   1.7168832e+00   2.5043980e+00   1.0329578e+03
   1.7184112e+00   2.5070319e+00   1.0339578e+03
   1.7199409e+00   2.5096665e+00   1.0349578e+03
   1.7214724e+00   2.5123018e+00   1.0359578e+03
   1.7230056e+00   2.5149378e+00   1.0369578e+03
   1.7245406e+00   2.5175744e+00   1.0379578e+03
   1.7260773e+00   2.5202118e+00   1.0389578e+03
   1.7276157e+00   2.5228498e+00   1.0399578e+03
   1.7291559e+00   2.5254884e+00   1.0409578e+03
   1.7306977e+00   2.5281277e+00   1.0419578e+03
   1.7322412e+00   2.5307676e+00   1.0429578e+03
   1.7337864e+00   2.5334081e+00   1.0439578e+03
   1.7353333e+00   2.5360493e+00   1.0449578e+03
   1.7368818e+00   2.5386910e+00   1.0459578e+03
   1.7384319e+00   2.5413334e+00   1.0469578e+03
   1.7399836e+00   2.5439763e+00   1.0479578e+03
   1.7415370e+00   2.5466198e+00   1.0489578e+03
   1.7430920e+00   2.5492639e+00   1.0499578e+03
   1.7446485e+00   2.5519086e+00   1.0509578e+03
   1.7462067e+00   2.5545538e+00   1.0519578e+03
   1.7477663e+00   2.5571995e+00   1.0529578e+03
   1.7493276e+00   2.5598458e+00   1.0539578e+03
   1.7508904e+00   2.5624926e+00   1.0549578e+03
   1.7524547e+00   2.5651399e+00   1.0559578e+03
   1.7540205e+00   2.5677877e+00   1.0569578e+03
   1.7555878e+00   2.5704360e+00   1.0579578e+03
   1.7571566e+00   2.5730848e+00   1.0589578e+03
   1.7587269e+00   2.5757341e+00   1.0599578e+03
   1.7602987e+00   2.5783839e+00   1.0609578e+03
   1.7618719e+00   2.5810341e+00   1.0619578e+03
   1.7634465e+00   2.5836848e+00   1.0629578e+03
   1.7650226e+00   2.5863359e+00   1.0639578e+03
   1.7666001e+00   2.5889875e+00   1.0649578e+03
   1.7681790e+00   2.5916395e+00   1.0659578e+03
   1.7697593e+00   2.5942919e+00   1.0669578e+03
   1.7713410e+00   2.5969447e+00   1.0679578e+03
   1.7729240e+00   2.5995979e+00   1.0689578e+03
   1.7745084e+00   2.6022515e+00   1.0699578e+03
   1.7760942e+00   2.6049055e+00   1.0709578e+03
   1.7776813e+00   2.6075598e+00   1.0719578e+03
   1.7792697e+00   2.6102145e+00   1.0729578e+03
   1.7808594e+00   2.6128696e+00   1.0739578e+03
   1.7824504e+00   2.6155250e+00   1.0749578e+03
   1.7840427e+00   2.6181808e+00   1.0759578e+03
   1.7856362e+00   2.6208369e+00   1.0769578e+03
   1.7872311e+00   2.6234933e+00   1.0779578e+03
   1.7888271e+00   2.6261500e+00   1.0789578e+03
   1.7904244e+00   2.6288070e+00   1.0799578e+03
   1.7920230e+00   2.6314643e+00   1.0809578e+03
   1.7936227e+00   2.6341219e+00   1.0819578e+03
   1.7952237e+00   2.6367798e+00   1.0829578e+03
   1.7968258e+00   2.6394379e+00   1.0839578e+03
   1.7984291e+00   2.6420963e+00   1.0849578e+03
   1.8000336e+00   2.6447550e+00   1.0859578e+03
   1.8016392e+00   2.6474138e+00   1.0869578e+03
   1.8032460e+00   2.6500730e+00   1.0879578e+03
   1.8048538e+00   2.6527323e+00   1.0889578e+03
   1.8064629e+00   2.6553918e+00   1.0899578e+03
   1.8080730e+00   2.6580516e+00   1.0909578e+03
   1.8096842e+00   2.6607115e+00   1.0919578e+03
   1.8112964e+00   2.6633716e+00   1.0929578e+03
   1.8129098e+00   2.6660319e+00   1.0939578e+03
   1.8145242e+00   2.6686924e+00   1.0949578e+03
   1.8161396e+00   2.6713530e+00   1.0959578e+03
   1.8177561e+00   2.6740138e+00   1.0969578e+03
   1.8193736e+00   2.6766747e+00   1.0979578e+03
   1.8209921e+00   2.6793358e+00   1.0989578e+03
   1.8226116e+00   2.6819970e+00   1.0999578e+03
   1.8242321e+00   2.6846583e+00   1.1009578e+03
   1.8258535e+00   2.6873197e+00   1.1019578e+03
   1.8274759e+00   2.6899812e+00   1.1029578e+03
   1.8290992e+00   2.6926427e+00   1.1039578e+03
   1.8307235e+00   2.6953044e+00   1.1049578e+03
   1.8323487e+00   2.6979661e+00   1.1059578e+03
   1.8339748e+00   2.7006279e+00   1.1069578e+03
   1.8356019e+00   2.7032897e+00   1.1079578e+03
   1.8372298e+00   2.7059516e+00   1.1089578e+03
   1.8388585e+00   2.7086135e+00   1.1099578e+03
   1.8404882e+00   2.7112755e+00   1.1109578e+03
   1.8421186e+00   2.7139374e+00   1.1119578e+03
   1.8437499e+00   2.7165994e+00   1.1129578e+03
   1.8453821e+00   2.7192614e+00   1.1139578e+03
   1.8470150e+00   2.7219233e+00   1.1149578e+03
   1.8486488e+00   2.7245852e+00   1.1159578e+03
   1.8502833e+00   2.7272471e+00   1.1169578e+03
   1.8519187e+00   2.7299090e+00   1.1179578e+03
   1.8535547e+00   2.7325708e+00   1.1189578e+03
   1.8551916e+00   2.7352326e+00   1.1199578e+03
   1.8568292e+00   2.7378943e+00   1.1209578e+03
   1.8584675e+00   2.7405559e+00   1.1219578e+03
   1.8601065e+00   2.7432175e+00   1.1229578e+03
   1.8617462e+00   2.7458789e+00   1.1239578e+03
   1.8633866e+00   2.7485403e+00   1.1249578e+03
   1.8650277e+00   2.7512015e+00   1.1259578e+03
   1.8666695e+00   2.7538626e+00   1.1269578e+03
   1.8683119e+00   2.7565236e+00   1.1279578e+03
   1.8699550e+00   2.7591845e+00   1.1289578e+03
   1.8715987e+00   2.7618452e+00   1.1299578e+03
   1.8732430e+00   2.7645058e+00   1.1309578e+03
   1.8748879e+00   2.7671662e+00   1.1319578e+03
   1.8765334e+00   2.7698264e+00   1.1329578e+03
   1.8781795e+00   2.7724864e+00   1.1339578e+03
   1.8798262e+00   2.7751463e+00   1.1349578e+03
   1.8814734e+00   2.7778060e+00   1.1359578e+03
   1.8831212e+00   2.7804654e+00   1.1369578e+03
   1.8847695e+00   2.7831246e+00   1.1379578e+03
   1.8864184e+00   2.7857837e+00   1.1389578e+03
   1.8880677e+00   2.7884424e+00   1.1399578e+03
   1.8897176e+00   2.7911010e+00   1.1409578e+03
   1.8913679e+00   2.7937592e+00   1.1419578e+03
   1.8930187e+00   2.7964173e+00   1.1429578e+03
   1.8946700e+00   2.7990750e+00   1.1439578e+03
   1.8963217e+00   2.8017325e+00   1.1449578e+03
   1.8979738e+00   2.8043897e+00   1.1459578e+03
   1.8996264e+00   2.8070466e+00   1.1469578e+03
   1.9012794e+00   2.8097031e+00   1.1479578e+03
   1.9029328e+00   2.8123594e+00   1.1489578e+03
   1.9045866e+00   2.8150154e+00   1.1499578e+03
   1.9062408e+00   2.8176710e+00   1.1509578e+03
   1.9078953e+00   2.8203262e+00   1.1519578e+03
   1.9095502e+00   2.8229812e+00   1.1529578e+03
   1.9112054e+00   2.8256357e+00   1.1539578e+03
   1.9128609e+00   2.8282899e+00   1.1549578e+03
   1.9145168e+00   2.8309437e+00   1.1559578e+03
   1.9161730e+00   2.8335972e+00   1.1569578e+03
   1.9178294e+00   2.8362502e+00   1.1579578e+03
   1.9194862e+00   2.8389028e+00   1.1589578e+03
   1.9211432e+00   2.8415551e+00   1.1599578e+03
   1.9228005e+00   2.8442069e+00   1.1609578e+03
   1.9244580e+00   2.8468582e+00   1.1619578e+03
   1.9261158e+00   2.8495092e+00   1.1629578e+03
   1.9277737e+00   2.8521597e+00   1.1639578e+03
   1.9294319e+00   2.8548097e+00   1.1649578e+03
   1.9310903e+00   2.8574592e+00   1.1659578e+03
   1.9327488e+00   2.8601083e+00   1.1669578e+03
   1.9344076e+00   2.8627569e+00   1.1679578e+03
   1.9360665e+00   2.8654050e+00   1.1689578e+03
   1.9377255e+00   2.8680526e+00   1.1699578e+03
   1.9393847e+00   2.8706997e+00   1.1709578e+03
   1.9410440e+00   2.8733463e+00   1.1719578e+03
   1.9427034e+00   2.8759923e+00   1.1729578e+03
   1.9443629e+00   2.8786378e+00   1.1739578e+03
   1.9460225e+00   2.8812828e+00   1.1749578e+03
   1.9476821e+00   2.8839272e+00   1.1759578e+03
   1.9493419e+00   2.8865710e+00   1.1769578e+03
   1.9510017e+00   2.8892143e+00   1.1779578e+03
   1.9526615e+00   2.8918570e+00   1.1789578e+03
   1.9543213e+00   2.8944991e+00   1.1799578e+03
   1.9559812e+00   2.8971406e+00   1.1809578e+03
   1.9576411e+00   2.8997815e+00   1.1819578e+03
   1.9593009e+00   2.9024217e+00   1.1829578e+03
   1.9609608e+00   2.9050614e+00   1.1839578e+03
   1.9626206e+00   2.9077004e+00   1.1849578e+03
   1.9642803e+00   2.9103387e+00   1.1859578e+03
   1.9659400e+00   2.9129764e+00   1.1869578e+03
   1.9675996e+00   2.9156135e+00   1.1879578e+03
   1.9692592e+00   2.9182499e+00   1.1889578e+03
   1.9709186e+00   2.9208855e+00   1.1899578e+03
   1.9725780e+00   2.9235205e+00   1.1909578e+03
   1.9742372e+00   2.9261549e+00   1.1919578e+03
   1.9758963e+00   2.9287884e+00   1.1929578e+03
   1.9775553e+00   2.9314213e+00   1.1939578e+03
   1.9792141e+00   2.9340535e+00   1.1949578e+03
   1.9808727e+00   2.9366849e+00   1.1959578e+03
   1.9825312e+00   2.9393156e+00   1.1969578e+03
   1.9841894e+00   2.9419455e+00   1.1979578e+03
   1.9858475e+00   2.9445747e+00   1.1989578e+03
   1.9875053e+00   2.9472031e+00   1.1999578e+03
   1.9891630e+00   2.9498307e+00   1.2009578e+03
   1.9908203e+00   2.9524575e+00   1.2019578e+03
   1.9924775e+00   2.9550835e+00   1.2029578e+03
   1.9941343e+00   2.9577088e+00   1.2039578e+03
   1.9957909e+00   2.9603332e+00   1.2049578e+03
   1.9974472e+00   2.9629568e+00   1.2059578e+03
   1.9991032e+00   2.9655795e+00   1.2069578e+03
   2.0007589e+00   2.9682014e+00   1.2079578e+03
   2.0024143e+00   2.9708225e+00   1.2089578e+03
   2.0040693e+00   2.9734427e+00   1.2099578e+03
   2.0057240e+00   2.9760620e+00   1.2109578e+03
   2.0073783e+00   2.9786805e+00   1.2119578e+03
   2.0090323e+00   2.9812981e+00   1.2129578e+03
   2.0106858e+00   2.9839148e+00   1.2139578e+03
   2.0123390e+00   2.9865305e+00   1.2149578e+03
   2.0139918e+00   2.9891454e+00   1.2159578e+03
   2.0156441e+00   2.9917594e+00   1.2169578e+03
   2.0172960e+00   2.9943724e+00   1.2179578e+03
   2.0189475e+00   2.9969844e+00   1.2189578e+03
   2.0205985e+00   2.9995956e+00   1.2199578e+03
   2.0222490e+00   3.0022057e+00   1.2209578e+03
   2.0238991e+00   3.0048149e+00   1.2219578e+03
   2.0255486e+00   3.0074232e+00   1.2229578e+03
   2.0271977e+00   3.0100304e+00   1.2239578e+03
   2.0288462e+00   3.0126367e+00   1.2249578e+03
   2.0304942e+00   3.0152419e+00   1.2259578e+03
   2.0321417e+00   3.0178461e+00   1.2269578e+03
   2.0337886e+00   3.0204494e+00   1.2279578e+03
   2.0354350e+00   3.0230515e+00   1.2289578e+03
   2.0370807e+00   3.0256527e+00   1.2299578e+03
   2.0387259e+00   3.0282528e+00   1.2309578e+03
   2.0403705e+00   3.0308518e+00   1.2319578e+03
   2.0420145e+00   3.0334498e+00   1.2329578e+03
   2.0436578e+00   3.0360467e+00   1.2339578e+03
   2.0453005e+00   3.0386426e+00   1.2349578e+03
   2.0469425e+00   3.0412373e+00   1.2359578e+03
   2.0485839e+00   3.0438309e+00   1.2369578e+03
   2.0502246e+00   3.0464235e+00   1.2379578e+03
   2.0518647e+00   3.0490149e+00   1.2389578e+03
   2.0535040e+00   3.0516052e+00   1.2399578e+03
   2.0551426e+00   3.0541943e+00   1.2409578e+03
   2.0567805e+00   3.0567823e+00   1.2419578e+03
   2.0584177e+00   3.0593692e+00   1.2429578e+03
   2.0600541e+00   3.0619549e+00   1.2439578e+03
   2.0616897e+00   3.0645394e+00   1.2449578e+03
   2.0633246e+00   3.0671227e+00   1.2459578e+03
   2.0649587e+00   3.0697048e+00   1.2469578e+03
   2.0665920e+00   3.0722858e+00   1.2479578e+03
   2.0682245e+00   3.0748655e+00   1.2489578e+03
   2.0698562e+00   3.0774441e+00   1.2499578e+03
   2.0714870e+00   3.0800214e+00   1.2509578e+03
   2.0731170e+00   3.0825974e+00   1.2519578e+03
   2.0747461e+00   3.0851722e+00   1.2529578e+03
   2.0763744e+00   3.0877458e+00   1.2539578e+03
   2.0780018e+00   3.0903181e+00   1.2549578e+03
   2.0796283e+00   3.0928892e+00   1.2559578e+03
   2.0812539e+00   3.0954589e+00   1.2569578e+03
   2.0828786e+00   3.0980274e+00   1.2579578e+03
   2.0845023e+00   3.1005946e+00   1.2589578e+03
   2.0861251e+00   3.1031604e+00   1.2599578e+03
   2.0877470e+00   3.1057250e+00   1.2609578e+03
   2.0893679e+00   3.1082882e+00   1.2619578e+03
   2.0909878e+00   3.1108501e+00   1.2629578e+03
   2.0926067e+00   3.1134107e+00   1.2639578e+03
   2.0942247e+00   3.1159699e+00   1.2649578e+03
   2.0958416e+00   3.1185278e+00   1.2659578e+03
   2.0974575e+00   3.1210842e+00   1.2669578e+03
   2.0990723e+00   3.1236394e+00   1.2679578e+03
   2.1006861e+00   3.1261931e+00   1.2689578e+03
   2.1022989e+00   3.1287454e+00   1.2699578e+03
   2.1039105e+00   3.1312963e+00   1.2709578e+03
   2.1055211e+00   3.1338458e+00   1.2719578e+03
   2.1071306e+00   3.1363939e+00   1.2729578e+03
   2.1087390e+00   3.1389406e+00   1.2739578e+03
   2.1103462e+00   3.1414858e+00   1.2749578e+03
   2.1119523e+00   3.1440296e+00   1.2759578e+03
   2.1135573e+00   3.1465719e+00   1.2769578e+03
   2.1151611e+00   3.1491127e+00   1.2779578e+03
   2.1167637e+00   3.1516521e+00   1.2789578e+03
   2.1183652e+00   3.1541900e+00   1.2799578e+03
   2.1199655e+00   3.1567264e+00   1.2809578e+03
   2.1215645e+00   3.1592613e+00   1.2819578e+03
   2.1231624e+00   3.1617947e+00   1.2829578e+03
   2.1247590e+00   3.1643265e+00   1.2839578e+03
   2.1263543e+00   3.1668568e+00   1.2849578e+03
   2.1279484e+00   3.1693856e+00   1.2859578e+03
   2.1295413e+00   3.1719129e+00   1.2869578e+03
   2.1311328e+00   3.1744386e+00   1.2879578e+03
   2.1327231e+00   3.1769627e+00   1.2889578e+03
   2.1343121e+00   3.1794853e+00   1.2899578e+03
   2.1358997e+00   3.1820062e+00   1.2909578e+03
   2.1374861e+00   3.1845256e+00   1.2919578e+03
   2.1390710e+00   3.1870434e+00   1.2929578e+03
   2.1406547e+00   3.1895596e+00   1.2939578e+03
   2.1422369e+00   3.1920741e+00   1.2949578e+03
   2.1438178e+00   3.1945871e+00   1.2959578e+03
   2.1453973e+00   3.1970984e+00   1.2969578e+03
   2.1469754e+00   3.1996080e+00   1.2979578e+03
   2.1485521e+00   3.2021160e+00   1.2989578e+03
   2.1501274e+00   3.2046223e+00   1.2999578e+03
   2.1517012e+00   3.2071270e+00   1.3009578e+03
   2.1532736e+00   3.2096300e+00   1.3019578e+03
   2.1548445e+00   3.2121313e+00   1.3029578e+03
   2.1564140e+00   3.2146309e+00   1.3039578e+03
   2.1579819e+00   3.2171288e+00   1.3049578e+03
   2.1595484e+00   3.2196249e+00   1.3059578e+03
   2.1611134e+00   3.2221194e+00   1.3069578e+03
   2.1626768e+00   3.2246121e+00   1.3079578e+03
   2.1642387e+00   3.2271030e+00   1.3089578e+03
   2.1657991e+00   3.2295923e+00   1.3099578e+03
   2.1673579e+00   3.2320797e+00   1.3109578e+03
   2.1689151e+00   3.2345654e+00   1.3119578e+03
   2.1704707e+00   3.2370493e+00   1.3129578e+03
   2.1720248e+00   3.2395314e+00   1.3139578e+03
   2.1735773e+00   3.2420118e+00   1.3149578e+03
   2.1751281e+00   3.2444903e+00   1.3159578e+03
   2.1766773e+00   3.2469670e+00   1.3169578e+03
   2.1782249e+00   3.2494419e+00   1.3179578e+03
   2.1797708e+00   3.2519149e+00   1.3189578e+03
   2.1813150e+00   3.2543861e+00   1.3199578e+03
   2.1828576e+00   3.2568555e+00   1.3209578e+03
   2.1843984e+00   3.2593230e+00   1.3219578e+03
   2.1859376e+00   3.2617886e+00   1.3229578e+03
   2.1874750e+00   3.2642523e+00   1.3239578e+03
   2.1890108e+00   3.2667142e+00   1.3249578e+03
   2.1905448e+00   3.2691742e+00   1.3259578e+03
   2.1920770e+00   3.2716323e+00   1.3269578e+03
   2.1936075e+00   3.2740884e+00   1.3279578e+03
   2.1951362e+00   3.2765426e+00   1.3289578e+03
   2.1966631e+00   3.2789949e+00   1.3299578e+03
   2.1981882e+00   3.2814453e+00   1.3309578e+03
   2.1997115e+00   3.2838937e+00   1.3319578e+03
   2.2012330e+00   3.2863402e+00   1.3329578e+03
   2.2027526e+00   3.2887847e+00   1.3339578e+03
   2.2042704e+00   3.2912272e+00   1.3349578e+03
   2.2057863e+00   3.2936677e+00   1.3359578e+03
   2.2073004e+00   3.2961063e+00   1.3369578e+03
   2.2088126e+00   3.2985428e+00   1.3379578e+03
   2.2103229e+00   3.3009773e+00   1.3389578e+03
   2.2118312e+00   3.3034099e+00   1.3399578e+03
   2.2133377e+00   3.3058403e+00   1.3409578e+03
   2.2148422e+00   3.3082688e+00   1.3419578e+03
   2.2163448e+00   3.3106952e+00   1.3429578e+03
   2.2178454e+00   3.3131195e+00   1.3439578e+03
   2.2193441e+00   3.3155418e+00   1.3449578e+03
