   4.1062086e-01   5.5564806e+02
   4.1850418e-01   5.4311359e+02
   4.2638751e-01   5.3068672e+02
   4.3427083e-01   5.1836676e+02
   4.4215416e-01   5.0615306e+02
   4.5003748e-01   4.9404495e+02
   4.5792081e-01   4.8204176e+02
   4.6580413e-01   4.7014282e+02
   4.7368746e-01   4.5834746e+02
   4.8157079e-01   4.4665501e+02
   4.8945411e-01   4.3506482e+02
   4.9733744e-01   4.2357619e+02
   5.0522076e-01   4.1218848e+02
   5.1310409e-01   4.0090101e+02
   5.2098741e-01   3.8971311e+02
   5.2887074e-01   3.7862412e+02
   5.3675406e-01   3.6763336e+02
   5.4463739e-01   3.5674017e+02
   5.5252071e-01   3.4594388e+02
   5.6040404e-01   3.3524382e+02
   5.6828736e-01   3.2463932e+02
   5.7617069e-01   3.1412972e+02
   5.8405401e-01   3.0371435e+02
   5.9193734e-01   2.9339253e+02
   5.9982066e-01   2.8316361e+02
   6.0770399e-01   2.7302690e+02
   6.1558732e-01   2.6298175e+02
   6.2347064e-01   2.5302749e+02
   6.3135397e-01   2.4316344e+02
   6.3923729e-01   2.3338894e+02
   6.4712062e-01   2.2370332e+02
   6.5500394e-01   2.1410591e+02
   6.6288727e-01   2.0459605e+02
   6.7077059e-01   1.9517306e+02
   6.7865392e-01   1.8583628e+02
   6.8653724e-01   1.7658504e+02
   6.9442057e-01   1.6741866e+02
   7.0230389e-01   1.5833650e+02
   7.1018722e-01   1.4933786e+02
   7.1807054e-01   1.4042209e+02
   7.2595387e-01   1.3158852e+02
   7.3383720e-01   1.2283648e+02
   7.4172052e-01   1.1416530e+02
   7.4960385e-01   1.0557431e+02
   7.5748717e-01   9.7062848e+01
   7.6537050e-01   8.8630241e+01
   7.7325382e-01   8.0275822e+01
   7.8113715e-01   7.1998923e+01
   7.8902047e-01   6.3798876e+01
   7.9690380e-01   5.5675011e+01
   8.0478712e-01   4.7626662e+01
   8.1267045e-01   3.9653159e+01
   8.2055377e-01   3.1753834e+01
   8.2843710e-01   2.3928019e+01
   8.3632042e-01   1.6175047e+01
   8.4420375e-01   8.4942476e+00
   8.5208707e-01   8.8495373e-01
   8.5997040e-01  -6.6535032e+00
   8.6785373e-01  -1.4121791e+01
   8.7573705e-01  -2.1520579e+01
   8.8362038e-01  -2.8850535e+01
   8.9150370e-01  -3.6112326e+01
   8.9938703e-01  -4.3306622e+01
   9.0727035e-01  -5.0434091e+01
   9.1515368e-01  -5.7495401e+01
   9.2303700e-01  -6.4491220e+01
   9.3092033e-01  -7.1422216e+01
   9.3880365e-01  -7.8289058e+01
   9.4668698e-01  -8.5092414e+01
   9.5457030e-01  -9.1832952e+01
   9.6245363e-01  -9.8511341e+01
   9.7033695e-01  -1.0512825e+02
   9.7822028e-01  -1.1168434e+02
   9.8610360e-01  -1.1818029e+02
   9.9398693e-01  -1.2461677e+02
   1.0018703e+00  -1.3099443e+02
   1.0097536e+00  -1.3731396e+02
   1.0176369e+00  -1.4357601e+02
   1.0255202e+00  -1.4978127e+02
   1.0334036e+00  -1.5593038e+02
   1.0412869e+00  -1.6202403e+02
   1.0491702e+00  -1.6806288e+02
   1.0570535e+00  -1.7404760e+02
   1.0649369e+00  -1.7997886e+02
   1.0728202e+00  -1.8585733e+02
   1.0807035e+00  -1.9168367e+02
   1.0885868e+00  -1.9745855e+02
   1.0964702e+00  -2.0318265e+02
   1.1043535e+00  -2.0885662e+02
   1.1122368e+00  -2.1448114e+02
   1.1201201e+00  -2.2005688e+02
   1.1280035e+00  -2.2558450e+02
   1.1358868e+00  -2.3106468e+02
   1.1437701e+00  -2.3649807e+02
   1.1516534e+00  -2.4188536e+02
   1.1595368e+00  -2.4722720e+02
   1.1674201e+00  -2.5252427e+02
   1.1753034e+00  -2.5777723e+02
   1.1831867e+00  -2.6298675e+02
   1.1910701e+00  -2.6815351e+02
   1.1989534e+00  -2.7327816e+02
   1.2068367e+00  -2.7836138e+02
   1.2147200e+00  -2.8340383e+02
   1.2226034e+00  -2.8840619e+02
   1.2304867e+00  -2.9336912e+02
   1.2383700e+00  -2.9829329e+02
   1.2462533e+00  -3.0317937e+02
   1.2541367e+00  -3.0802803e+02
   1.2620200e+00  -3.1283993e+02
   1.2699033e+00  -3.1761575e+02
   1.2777866e+00  -3.2235614e+02
   1.2856700e+00  -3.2706179e+02
   1.2935533e+00  -3.3173335e+02
   1.3014366e+00  -3.3637150e+02
   1.3093199e+00  -3.4097691e+02
   1.3172033e+00  -3.4555023e+02
   1.3250866e+00  -3.5009215e+02
   1.3329699e+00  -3.5460333e+02
   1.3408532e+00  -3.5908444e+02
   1.3487366e+00  -3.6353614e+02
   1.3566199e+00  -3.6795910e+02
   1.3645032e+00  -3.7235400e+02
   1.3723865e+00  -3.7672150e+02
   1.3802699e+00  -3.8106227e+02
   1.3881532e+00  -3.8537697e+02
   1.3960365e+00  -3.8966629e+02
   1.4039198e+00  -3.9393087e+02
   1.4118032e+00  -3.9817140e+02
   1.4196865e+00  -4.0238854e+02
   1.4275698e+00  -4.0658295e+02
   1.4354531e+00  -4.1075532e+02
   1.4433365e+00  -4.1490630e+02
   1.4512198e+00  -4.1903656e+02
   1.4591031e+00  -4.2314677e+02
   1.4669864e+00  -4.2723761e+02
   1.4748698e+00  -4.3130973e+02
   1.4827531e+00  -4.3536381e+02
   1.4906364e+00  -4.3940051e+02
   1.4985197e+00  -4.4342051e+02
   1.5064031e+00  -4.4742447e+02
   1.5142864e+00  -4.5141305e+02
   1.5221697e+00  -4.5538694e+02
   1.5300531e+00  -4.5934679e+02
   1.5379364e+00  -4.6329328e+02
   1.5458197e+00  -4.6722707e+02
   1.5537030e+00  -4.7114883e+02
   1.5615864e+00  -4.7505923e+02
   1.5694697e+00  -4.7895894e+02
   1.5773530e+00  -4.8284862e+02
   1.5852363e+00  -4.8672895e+02
   1.5931197e+00  -4.9060059e+02
   1.6010030e+00  -4.9446421e+02
   1.6088863e+00  -4.9832048e+02
   1.6167696e+00  -5.0217007e+02
   1.6246530e+00  -5.0601364e+02
   1.6325363e+00  -5.0985187e+02
   1.6404196e+00  -5.1368542e+02
   1.6483029e+00  -5.1751496e+02
   1.6561863e+00  -5.2134116e+02
   1.6640696e+00  -5.2516468e+02
   1.6719529e+00  -5.2898620e+02
   1.6798362e+00  -5.3280639e+02
   1.6877196e+00  -5.3662590e+02
   1.6956029e+00  -5.4044542e+02
   1.7034862e+00  -5.4426560e+02
   1.7113695e+00  -5.4808712e+02
   1.7192529e+00  -5.5191065e+02
   1.7271362e+00  -5.5573684e+02
   1.7350195e+00  -5.5956638e+02
   1.7429028e+00  -5.6339993e+02
   1.7507862e+00  -5.6723816e+02
   1.7586695e+00  -5.7108173e+02
   1.7665528e+00  -5.7493132e+02
   1.7744361e+00  -5.7878759e+02
   1.7823195e+00  -5.8265121e+02
   1.7902028e+00  -5.8652285e+02
   1.7980861e+00  -5.9040318e+02
   1.8059694e+00  -5.9429286e+02
   1.8138528e+00  -5.9819257e+02
   1.8217361e+00  -6.0210297e+02
   1.8296194e+00  -6.0602473e+02
   1.8375027e+00  -6.0995852e+02
   1.8453861e+00  -6.1390501e+02
   1.8532694e+00  -6.1786486e+02
   1.8611527e+00  -6.2183875e+02
   1.8690360e+00  -6.2582734e+02
   1.8769194e+00  -6.2983130e+02
   1.8848027e+00  -6.3385130e+02
   1.8926860e+00  -6.3788800e+02
   1.9005693e+00  -6.4194208e+02
   1.9084527e+00  -6.4601420e+02
   1.9163360e+00  -6.5010504e+02
   1.9242193e+00  -6.5421525e+02
   1.9321026e+00  -6.5834552e+02
   1.9399860e+00  -6.6249649e+02
   1.9478693e+00  -6.6666886e+02
   1.9557526e+00  -6.7086328e+02
   1.9636359e+00  -6.7508041e+02
   1.9715193e+00  -6.7932094e+02
   1.9794026e+00  -6.8358553e+02
