   1.0000000e+01  -2.6086847e+01   1.8670688e+00   9.7822936e+01   1.6400000e+02   3.7300000e+02   8.4677020e+00   1.0003275e+02   3.2066505e+00   3.9058805e+00   6.1813137e+00   2.0919853e+00   1.6107900e-01   8.7423753e+00   1.8921924e-01   2.2986892e-01   5.3619716e-02   8.8145888e-02   9.2427547e-01   1.6000000e+01
   1.0000000e+01   3.2961229e+01   1.9020845e+00   9.5934727e+01   2.3800000e+02   3.9200000e+02   7.9828705e+00   6.4491178e+01   7.8287343e+00   3.9008673e+00   6.3158791e+00   2.0508381e+00   8.6332474e-02   4.0621794e+00   1.0765394e-01   1.5286372e-01   3.9925975e-02   6.8921146e-02   9.5214633e-01   1.7000000e+01
   1.6000000e+01  -6.1595742e+01   1.3841900e+00   9.6958421e+01   3.6900000e+02   3.6100000e+02   7.5655336e+00   1.2159920e+02   7.9643376e+00   3.8764188e+00   5.2617124e+00   2.8004962e+00   2.5208906e-01   1.4105115e+01   1.2592638e-01   2.2481709e-01   6.4151284e-02   1.4212912e-01   9.1463295e-01   9.0000000e+00
   8.0000000e+00  -1.0319278e+01   1.4257102e+00   9.8318729e+01   3.1700000e+02   2.7000000e+02   7.5346232e+00   6.4437640e+01   7.6493763e+00   3.7949616e+00   6.0472147e+00   2.6618043e+00   1.4894947e-01   7.5595197e+00   1.1688395e-01   2.1888171e-01   6.2425836e-02   1.4266519e-01   9.0722372e-01   1.3000000e+01
   9.0000000e+00   1.1520516e+01   1.9670874e+00   1.0062035e+02   3.1700000e+02   3.0900000e+02   8.7472109e+00   1.5359760e+02   6.4519949e+00   3.5177615e+00   6.0231255e+00   1.7883097e+00   2.0723336e-01   7.8521095e+00   7.9000057e-02   1.1408124e-01   3.6661718e-02   5.6886026e-02   9.5302102e-01   1.0000000e+01
   1.5000000e+01   1.5192514e+01   1.6225968e+00   1.1550293e+02   3.3200000e+02   3.3900000e+02   7.3576497e+00   6.8112777e+01   6.0979407e+00   3.4982883e+00   6.2275216e+00   2.1559813e+00   9.9397596e-02   4.0438030e+00   6.4690889e-02   1.0646671e-01   3.7055460e-02   7.0736592e-02   9.5820155e-01   2.4000000e+01
   1.1000000e+01   7.0646140e+01   1.9549897e+00   1.0372966e+02   1.8000000e+02   3.2600000e+02   8.1708940e+00   7.3889677e+01   6.6274969e+00   3.4347015e+00   6.4480006e+00   1.7568898e+00   1.0083346e-01   3.7280599e+00   8.0354990e-02   1.1294938e-01   3.7589337e-02   5.6161406e-02   9.5056434e-01   5.0000000e+00
   5.0000000e+00   5.3952924e+01   2.1250409e+00   1.1126346e+02   1.9600000e+02   4.0600000e+02   8.4750236e+00   7.9410666e+01   5.6454908e+00   3.3630248e+00   6.2358044e+00   1.5825694e+00   8.9296750e-02   3.0963935e+00   6.7580651e-02   9.1518871e-02   2.9874359e-02   4.1574981e-02   9.6482723e-01   1.5000000e+01
   7.0000000e+00   1.5600800e+02   1.9343858e+00   9.6000000e+01   2.7700000e+02   2.3100000e+02   8.2369257e+00   3.7738516e+01   5.9757488e+00   3.3411334e+00   6.2494446e+00   1.7272322e+00   4.3283756e-02   1.5421999e+00   6.2903437e-02   8.7606617e-02   3.0682416e-02   4.5590848e-02   9.6602245e-01   4.0000000e+00
   7.0000000e+00  -2.1274508e+01   1.6586399e+00   1.0166905e+02   2.9600000e+02   3.8400000e+02   8.1007395e+00   6.2822043e+01   5.8592646e+00   3.3393085e+00   5.5209708e+00   2.0132812e+00   9.4132406e-02   3.5945300e+00   7.0402638e-02   1.0644016e-01   3.9886037e-02   6.7630988e-02   9.5091471e-01   1.4000000e+01
   7.0000000e+00   1.4962785e+03   8.3366558e-01   5.3141517e+01   3.0000000e+02   2.7500000e+02   8.1364251e+00   5.0174860e+01   5.2216464e+00   3.3074927e+00   7.2782834e+00   3.9674094e+00   7.2026947e-02   4.3443159e+00   3.9414742e-02   1.1518484e-01   5.5558274e-02   1.4130901e-01   9.6796449e-01   5.0000000e+00
   1.3000000e+01   4.8871022e+01   1.9293195e+00   1.0842597e+02   2.3500000e+02   3.7100000e+02   7.7756338e+00   5.8220997e+01   6.2302346e+00   3.2912267e+00   5.6988527e+00   1.7059003e+00   1.0462123e-01   3.6612207e+00   9.7640820e-02   1.3408318e-01   4.8023934e-02   7.0190702e-02   9.2031577e-01   1.1000000e+01
   1.0000000e+01   1.2389564e+02   1.9929931e+00   9.3026873e+01   2.5600000e+02   2.9200000e+02   9.2086055e+00   1.1435917e+02   5.8898134e+00   3.2288085e+00   6.4883834e+00   1.6200801e+00   1.0528262e-01   3.5592474e+00   5.0719626e-02   6.7850174e-02   2.4316902e-02   3.3999364e-02   9.7725049e-01   1.0000000e+01
   3.1000000e+01   1.2818000e+03   9.0396597e-01   5.8000000e+01   2.7000000e+02   1.8000000e+02   8.5880240e+00   2.3445951e+01   6.4496223e+00   3.2180290e+00   5.7497797e+00   3.5599006e+00   3.6002312e-02   1.8980167e+00   3.4245863e-02   1.0623783e-01   3.8885175e-02   1.1323425e-01   9.7283420e-01   9.0000000e+00
   8.0000000e+00   2.9018389e+01   1.6566367e+00   9.7060809e+01   3.4400000e+02   1.9100000e+02   8.1317214e+00   4.9108638e+01   6.0889163e+00   2.9663031e+00   5.8469154e+00   1.7905574e+00   6.3261407e-02   2.0941590e+00   5.7087347e-02   7.7237606e-02   3.3529514e-02   4.9652622e-02   9.6286505e-01   9.0000000e+00
   3.4000000e+01   1.2818000e+03   7.4203601e-01   7.5000000e+01   1.8300000e+02   9.4000000e+01   7.6753304e+00   1.7620484e+01   6.3579418e+00   2.9032050e+00   6.5713172e+00   3.9124853e+00   2.8875199e-02   1.5309283e+00   3.5924425e-02   1.0800000e-01   5.4469975e-02   1.3710748e-01   9.6497381e-01   1.0000000e+00
   1.1000000e+01   1.2114084e+02   1.7928797e+00   1.0211496e+02   2.6100000e+02   3.3000000e+02   8.0285358e+00   7.5050508e+01   5.7649308e+00   2.9008234e+00   5.9394293e+00   1.6179688e+00   7.8352277e-02   2.4414961e+00   4.8826283e-02   6.2618822e-02   2.6649440e-02   3.6466848e-02   9.7374562e-01   6.0000000e+00
   1.8000000e+01   1.4381600e+03   7.9663584e-01   5.8000000e+01   4.3300000e+02   1.7000000e+02   7.3535181e+00   2.1269106e+01   6.1640662e+00   2.8462575e+00   6.2559470e+00   3.5728464e+00   3.5404659e-02   1.7079277e+00   3.6557220e-02   1.0137146e-01   4.9066654e-02   1.1908234e-01   9.6468627e-01   6.0000000e+00
   3.1000000e+01  -3.1624000e+01   1.4637030e+00   1.0000000e+02   3.2100000e+02   1.2000000e+02   8.8051447e+00   3.4799232e+01   6.4544737e+00   2.8345893e+00   5.8788869e+00   1.9365878e+00   6.0658642e-02   2.0219567e+00   6.8548563e-02   9.6067247e-02   4.5719911e-02   7.0333275e-02   9.3952442e-01   3.0000000e+00
   2.9000000e+01   1.3443440e+03   8.7325827e-01   6.3000000e+01   3.3000000e+02   1.0700000e+02   9.2255752e+00   2.4341111e+01   6.0782642e+00   2.8231252e+00   6.2249536e+00   3.2328640e+00   3.2329269e-02   1.4511303e+00   3.0437228e-02   7.6027747e-02   3.6007891e-02   8.3201629e-02   9.7742088e-01   5.0000000e+00
   1.2000000e+01   1.8728000e+02   1.6300648e+00   1.0100000e+02   1.8300000e+02   9.2000000e+01   7.9508150e+00   3.5079460e+01   6.3538262e+00   2.8230239e+00   6.3749063e+00   1.7318476e+00   4.1168359e-02   1.3006509e+00   5.0485551e-02   6.6107040e-02   3.0484109e-02   4.3070834e-02   9.6893476e-01   2.0000000e+00
   1.2000000e+01   1.3443440e+03   7.2588242e-01   6.4000000e+01   3.6000000e+02   3.0800000e+02   7.6485389e+00   1.8199491e+01   6.3821263e+00   2.7682514e+00   5.8281287e+00   3.8136361e+00   2.9889164e-02   1.4892799e+00   3.7060131e-02   1.0241892e-01   5.5804452e-02   1.2990031e-01   9.6198246e-01   1.1000000e+01
   2.7000000e+01   1.3186440e+03   7.3619888e-01   6.3821822e+01   4.3000000e+02   2.3900000e+02   9.5497586e+00   4.1295984e+01   6.4150779e+00   2.7398789e+00   4.5591061e+00   3.7216559e+00   5.1034748e-02   2.5849896e+00   3.3186359e-02   7.7425071e-02   5.5931051e-02   1.1009360e-01   9.7265805e-01   1.2000000e+01
   1.9000000e+01   6.2192000e+01   1.8921146e+00   1.0400000e+02   1.1000000e+02   2.8600000e+02   9.0261316e+00   1.5387887e+02   6.2334633e+00   2.6851722e+00   5.5560558e+00   1.4191382e+00   9.7694597e-02   2.7223986e+00   2.8420260e-02   3.4202082e-02   1.4991379e-02   1.8870510e-02   9.9032912e-01   1.0000000e+01
   6.0000000e+00   9.6881245e+01   1.6986862e+00   1.0089073e+02   3.6400000e+02   3.0600000e+02   8.3953942e+00   8.1011660e+01   5.7700276e+00   2.6773419e+00   6.1411178e+00   1.5761250e+00   9.9053858e-02   2.8979282e+00   5.1948453e-02   6.4570013e-02   3.0351681e-02   4.0147595e-02   9.6632019e-01   6.0000000e+00
   2.3000000e+01   7.7458615e+01   1.8700522e+00   9.6511812e+01   1.6400000e+02   3.2500000e+02   1.0889201e+01   7.1733491e+01   6.4019934e+00   2.6646406e+00   6.1591466e+00   1.4249017e+00   5.7717580e-02   1.6088458e+00   3.5741447e-02   4.3075492e-02   1.9019601e-02   2.3957975e-02   9.8469200e-01   1.4000000e+01
   4.0000000e+00   1.3130720e+03   7.5911126e-01   5.9000000e+01   4.2000000e+02   1.9900000e+02   7.6233816e+00   3.9136968e+01   5.8706428e+00   2.6572861e+00   4.8212098e+00   3.5005226e+00   5.7244521e-02   2.6917330e+00   3.6736150e-02   8.4461115e-02   5.6066491e-02   1.1209170e-01   9.6599534e-01   5.0000000e+00
   3.0000000e+00   7.3520597e+01   1.6730106e+00   9.9637740e+01   4.2900000e+02   2.7700000e+02   6.4802095e+00   6.2576881e+01   5.9229516e+00   2.5992957e+00   6.2362843e+00   1.5536636e+00   9.8507848e-02   2.8030313e+00   6.4788230e-02   7.9442968e-02   3.8657906e-02   5.0330914e-02   9.4612773e-01   2.0000000e+00
   3.1000000e+01   6.2192000e+01   1.5653373e+00   9.7000000e+01   2.5900000e+02   1.3900000e+02   8.5883168e+00   4.4354464e+01   5.4895502e+00   2.5523242e+00   5.4567346e+00   1.6305267e+00   4.4484914e-02   1.2869435e+00   4.0033511e-02   4.9860910e-02   2.5391412e-02   3.3413223e-02   9.7770286e-01   6.0000000e+00
   1.4000000e+01   6.2192000e+01   1.7528446e+00   9.8000000e+01   3.1200000e+02   3.0200000e+02   8.3696777e+00   9.1984481e+01   6.0867527e+00   2.5445419e+00   5.5862265e+00   1.4516643e+00   8.8362513e-02   2.4011828e+00   3.9666375e-02   4.7360072e-02   2.2688740e-02   2.8495645e-02   9.7913910e-01   1.0000000e+01
   1.0000000e+01   7.1046041e+01   1.6971705e+00   9.4716870e+01   2.6900000e+02   1.9900000e+02   8.1524078e+00   6.2977136e+01   6.3056677e+00   2.5438373e+00   5.7646281e+00   1.4988696e+00   6.0466467e-02   1.6713520e+00   3.9226593e-02   4.7362097e-02   2.3126066e-02   2.9431743e-02   9.7931294e-01   4.0000000e+00
   8.0000000e+00   1.8728000e+02   1.8879831e+00   9.2000000e+01   1.4100000e+02   4.3900000e+02   8.4156083e+00   8.1864559e+01   5.6213810e+00   2.5105272e+00   5.8396164e+00   1.3297403e+00   7.1073508e-02   1.8445102e+00   3.6243230e-02   4.2364356e-02   1.9284262e-02   2.3467141e-02   9.8303563e-01   2.0000000e+01
   2.9000000e+01   3.5509474e+01   1.6194836e+00   1.0485324e+02   3.5800000e+02   2.6200000e+02   9.5361043e+00   5.2266274e+01   5.4139028e+00   2.5028592e+00   6.2558454e+00   1.5454674e+00   5.9344564e-02   1.6591502e+00   4.5204340e-02   5.5178605e-02   2.7822057e-02   3.5692866e-02   9.7182811e-01   1.9000000e+01
   1.4000000e+01   1.5639096e+02   1.7068383e+00   9.4987754e+01   1.2700000e+02   3.4400000e+02   7.6927817e+00   3.5196889e+01   5.9087723e+00   2.4840075e+00   6.0308989e+00   1.4553268e+00   3.2826210e-02   8.8291212e-01   3.7201652e-02   4.4317035e-02   2.1880635e-02   2.7444261e-02   9.8086347e-01   1.1000000e+01
   7.0000000e+00   1.2892299e+03   8.3475519e-01   5.9762411e+01   3.5700000e+02   3.5700000e+02   7.7718325e+00   2.3664222e+01   5.6843716e+00   2.4543829e+00   5.1291690e+00   2.9402427e+00   2.0579489e-02   8.0932927e-01   2.3194161e-02   4.3355475e-02   2.9128830e-02   5.0895948e-02   9.8697141e-01   1.2000000e+01
   7.0000000e+00   1.5029227e+03   7.4678468e-01   5.2929049e+01   4.0100000e+02   2.7900000e+02   8.6442912e+00   5.3389715e+01   5.1186070e+00   2.4453052e+00   6.6638253e+00   3.2744448e+00   6.2902505e-02   2.6676970e+00   3.3307915e-02   6.3656038e-02   4.7194514e-02   8.1073192e-02   9.7215020e-01   6.0000000e+00
   1.8000000e+01   1.0582409e+02   1.7424294e+00   1.0060476e+02   2.3000000e+02   2.3800000e+02   8.0995901e+00   3.5124342e+01   6.1344025e+00   2.4161189e+00   6.3017376e+00   1.3866381e+00   5.3901993e-02   1.3971809e+00   5.9864417e-02   7.0131396e-02   3.4702224e-02   4.2584086e-02   9.5088459e-01   7.0000000e+00
   3.4000000e+01   1.2955863e+03   6.1407983e-01   7.4559150e+01   8.9000000e+01   3.1800000e+02   7.6558597e+00   2.4166476e+01   6.5525393e+00   2.4089375e+00   6.7269111e+00   3.9228410e+00   2.0976122e-02   1.0007208e+00   2.2852198e-02   4.9946084e-02   4.3405726e-02   7.9275424e-02   9.8442875e-01   1.2000000e+01
   2.5000000e+01   9.3464000e+01   1.9093705e+00   1.0000000e+02   1.5900000e+02   2.5600000e+02   9.0607623e+00   6.0409455e+01   5.9397352e+00   2.4022086e+00   6.4625496e+00   1.2581155e+00   4.9752532e-02   1.2238705e+00   3.2575300e-02   3.7288613e-02   1.7254689e-02   2.0583153e-02   9.8543914e-01   4.0000000e+00
   2.5000000e+01   2.1855200e+02   1.7943413e+00   9.6000000e+01   1.6900000e+02   3.1700000e+02   8.4136408e+00   4.1671580e+01   5.5796799e+00   2.3745815e+00   6.4100641e+00   1.3233723e+00   4.0355702e-02   1.0138357e+00   3.7567361e-02   4.3483190e-02   2.1137922e-02   2.5458130e-02   9.8000346e-01   5.0000000e+00
   6.0000000e+00   1.4358086e+03   6.2617632e-01   5.8075192e+01   1.0200000e+02   4.2600000e+02   8.0113217e+00   4.0814010e+01   6.1167238e+00   2.3424336e+00   6.1488929e+00   3.7408531e+00   6.2443573e-02   2.8005109e+00   3.6486809e-02   8.1599324e-02   6.4591567e-02   1.2033962e-01   9.5986785e-01   1.0000000e+01
   2.9000000e+01   2.1855200e+02   1.7139806e+00   9.9000000e+01   1.7000000e+02   2.5400000e+02   9.3306634e+00   3.9019267e+01   5.7007342e+00   2.3209142e+00   5.5111238e+00   1.3541076e+00   3.1326725e-02   7.8297118e-01   3.0104797e-02   3.4838803e-02   1.7729810e-02   2.1382563e-02   9.8635982e-01   1.8000000e+01
   2.3000000e+01   1.2926500e+03   6.6699576e-01   5.7653046e+01   9.4000000e+01   8.3000000e+01   1.0674930e+01   5.5205243e+01   5.5292603e+00   2.2928856e+00   7.5066662e+00   3.4376315e+00   8.6890629e-02   3.8031306e+00   4.4619086e-02   8.1845378e-02   8.1163303e-02   1.2974335e-01   9.4813970e-01   1.0000000e+00
   2.3000000e+01   1.1908151e+03   8.7146358e-01   6.0909471e+01   3.9400000e+02   9.4000000e+01   1.1275742e+01   5.8759768e+01   6.2399890e+00   2.2924043e+00   6.2401508e+00   2.6305222e+00   1.0934228e-01   3.7974139e+00   4.9158694e-02   8.2938325e-02   5.6966966e-02   9.1008887e-02   9.4377734e-01   2.0000000e+00
   3.4000000e+01   1.2505280e+03   7.2473355e-01   7.6000000e+01   3.2300000e+02   1.4300000e+02   7.6494598e+00   1.9747375e+01   4.9344188e+00   2.2906110e+00   5.3930649e+00   3.1606251e+00   1.9879951e-02   7.9325704e-01   3.0051101e-02   5.1427451e-02   4.3259510e-02   6.7710734e-02   9.7673929e-01   2.0000000e+00
   2.9000000e+01   1.2081562e+03   6.5242007e-01   6.7354945e+01   1.9700000e+02   2.5000000e+02   9.6413071e+00   4.2785806e+01   6.2626593e+00   2.2804086e+00   6.0527992e+00   3.4953072e+00   5.3494099e-02   2.2523231e+00   3.0541355e-02   6.3004425e-02   5.0424250e-02   8.8659336e-02   9.7229490e-01   1.6000000e+01
   5.0000000e+00   1.8822809e+02   1.7184885e+00   1.0696968e+02   1.2700000e+02   3.6600000e+02   8.3049351e+00   5.0269543e+01   6.2769378e+00   2.2782111e+00   6.2978063e+00   1.3257063e+00   3.8352804e-02   9.4084204e-01   2.8025568e-02   3.2222144e-02   1.6479504e-02   1.9726989e-02   9.8792262e-01   1.2000000e+01
   1.8000000e+01   1.5600800e+02   1.4935726e+00   9.9000000e+01   2.4900000e+02   1.0100000e+02   7.1494779e+00   2.8992207e+01   5.4955765e+00   2.2775400e+00   5.7761916e+00   1.5248941e+00   3.5885761e-02   9.4023889e-01   4.4215909e-02   5.2760678e-02   2.9721577e-02   3.6993142e-02   9.6850448e-01   3.0000000e+00
   2.8000000e+01   1.3709642e+03   5.7702646e-01   6.8148752e+01   8.0000000e+01   3.5700000e+02   8.0982107e+00   5.7954566e+01   6.2839929e+00   2.2648802e+00   5.4205018e+00   3.9250889e+00   6.8577627e-02   3.1656692e+00   2.9986388e-02   6.3735353e-02   6.0287446e-02   1.0713255e-01   9.7185055e-01   9.0000000e+00
   1.5000000e+01   1.1241635e+03   8.3804917e-01   8.0040821e+01   4.0600000e+02   2.2800000e+02   7.1815027e+00   1.7158681e+01   5.4926635e+00   2.2420490e+00   6.0672725e+00   2.6753192e+00   2.3351180e-02   8.1447523e-01   3.6102535e-02   6.0223986e-02   4.3462346e-02   6.7882300e-02   9.6798289e-01   1.4000000e+01
   2.2000000e+01   1.8620282e+02   1.6315071e+00   1.1003445e+02   1.4100000e+02   4.4100000e+02   1.0633799e+01   7.4473330e+01   5.8480916e+00   2.2367079e+00   5.9770718e+00   1.3709458e+00   6.3923360e-02   1.5756236e+00   3.0571598e-02   3.5327986e-02   1.8968980e-02   2.2832489e-02   9.8495026e-01   1.2000000e+01
   1.9000000e+01   2.1855200e+02   1.6252025e+00   9.9000000e+01   2.5800000e+02   3.8200000e+02   8.2934422e+00   5.6476507e+01   5.9220545e+00   2.2159234e+00   6.3146812e+00   1.3634753e+00   5.2597697e-02   1.2856891e+00   3.2852137e-02   3.7857935e-02   2.0440746e-02   2.4512597e-02   9.8242491e-01   1.1000000e+01
   8.0000000e+00   2.4982400e+02   1.6920580e+00   9.0000000e+01   1.3500000e+02   3.5500000e+02   8.0803715e+00   4.1702432e+01   6.1566167e+00   2.2077992e+00   6.0355191e+00   1.3048012e+00   3.6834000e-02   8.8060540e-01   3.1223873e-02   3.5634246e-02   1.8691934e-02   2.2176421e-02   9.8431147e-01   1.8000000e+01
   7.0000000e+00   1.8332566e+02   1.6241580e+00   9.5126450e+01   4.3300000e+02   4.0600000e+02   8.0576313e+00   4.9002326e+01   5.5577115e+00   2.2049123e+00   6.4560138e+00   1.3575726e+00   4.7730880e-02   1.1637661e+00   3.4360031e-02   3.9583483e-02   2.1377041e-02   2.5543542e-02   9.8077055e-01   1.7000000e+01
   3.0000000e+00   2.8109600e+02   1.6336004e+00   9.3000000e+01   1.8900000e+02   2.9800000e+02   5.8071865e+00   4.3253365e+01   5.8506674e+00   2.1951685e+00   6.1305954e+00   1.3437610e+00   3.3313654e-02   8.0443457e-01   2.7020479e-02   3.1001726e-02   1.6709267e-02   1.9927483e-02   9.8799612e-01   4.0000000e+00
   2.3000000e+01   1.7496937e+02   1.5698031e+00   9.3393663e+01   4.3800000e+02   2.4300000e+02   1.0845557e+01   5.9979754e+01   5.5181666e+00   2.1920204e+00   6.5075699e+00   1.3963664e+00   7.2881209e-02   1.7945115e+00   4.2442074e-02   4.9172789e-02   2.7280431e-02   3.2759281e-02   9.7033131e-01   1.0000000e+01
   1.6000000e+01   2.0469834e+02   1.6567149e+00   8.8443005e+01   1.8100000e+02   3.3700000e+02   8.2834934e+00   5.4937084e+01   6.0092087e+00   2.1796544e+00   5.6968362e+00   1.3156485e+00   5.2075419e-02   1.2427266e+00   3.2970899e-02   3.7649525e-02   2.0120789e-02   2.3871966e-02   9.8215525e-01   8.0000000e+00
   2.2000000e+01   1.6976434e+02   1.5811857e+00   1.1056011e+02   3.3800000e+02   3.0300000e+02   1.1243618e+01   9.7179006e+01   6.4002168e+00   2.1434605e+00   6.1516898e+00   1.3556033e+00   9.8828406e-02   2.3696253e+00   3.4678539e-02   3.9800307e-02   2.2154290e-02   2.6333240e-02   9.7949832e-01   5.0000000e+00
   3.0000000e+01   1.8286412e+02   1.6065207e+00   8.9141209e+01   8.5000000e+01   1.7800000e+02   1.0125037e+01   1.0701408e+02   6.1310670e+00   2.1097359e+00   6.3963321e+00   1.3132330e+00   9.7368107e-02   2.2767560e+00   3.0445940e-02   3.4634969e-02   1.9208273e-02   2.2621793e-02   9.8384486e-01   9.0000000e+00
   1.6000000e+01   2.9341627e+02   1.6666555e+00   8.5606029e+01   1.3800000e+02   3.1800000e+02   9.1154326e+00   1.2284996e+02   5.9842839e+00   2.1033243e+00   6.2446402e+00   1.2620031e+00   9.4843879e-02   2.1728301e+00   2.5798728e-02   2.9115913e-02   1.5718795e-02   1.8371534e-02   9.8846209e-01   7.0000000e+00
   1.7000000e+01   2.4506876e+02   1.5797360e+00   9.7152061e+01   7.6000000e+01   4.0500000e+02   8.4279209e+00   7.3021935e+01   5.4620877e+00   2.0773192e+00   6.0424094e+00   1.3149787e+00   6.6836950e-02   1.5525198e+00   3.0253579e-02   3.4393423e-02   1.9417366e-02   2.2771835e-02   9.8367571e-01   7.0000000e+00
   2.8000000e+01   1.5597350e+02   1.5384165e+00   1.0700110e+02   7.2000000e+01   7.3000000e+01   8.2949506e+00   4.4122092e+01   5.6334830e+00   2.0580937e+00   6.3931498e+00   1.3378001e+00   5.4396738e-02   1.2692691e+00   4.0116887e-02   4.5736467e-02   2.6389101e-02   3.1043178e-02   9.7104868e-01   1.0000000e+00
   3.0000000e+01   1.1635359e+03   7.2408282e-01   5.7781789e+01   1.6600000e+02   7.9000000e+01   9.3887235e+00   2.9591450e+01   6.2383544e+00   2.0382228e+00   6.3798175e+00   2.8149029e+00   3.0020290e-02   1.0283817e+00   2.6266555e-02   4.2333860e-02   3.7106538e-02   5.4341114e-02   9.8034706e-01   1.0000000e+00
   2.0000000e+01   2.4624941e+02   1.5486333e+00   9.1114306e+01   1.2400000e+02   2.5900000e+02   8.8008814e+00   6.8065478e+01   5.8729714e+00   2.0326975e+00   5.7509039e+00   1.3125751e+00   6.2510302e-02   1.4352325e+00   2.9431980e-02   3.3390877e-02   1.9247493e-02   2.2528100e-02   9.8398627e-01   5.0000000e+00
   1.9000000e+01   1.2192560e+03   6.7127044e-01   6.7000000e+01   1.8500000e+02   1.0000000e+02   8.2535750e+00   2.5726201e+01   6.3632811e+00   2.0315711e+00   5.6494567e+00   3.0264569e+00   3.6356721e-02   1.3067446e+00   3.6641096e-02   6.0871510e-02   5.6665457e-02   8.4259699e-02   9.6075848e-01   3.0000000e+00
   1.0000000e+01   1.4892108e+03   5.3036138e-01   4.9367522e+01   1.9900000e+02   2.9200000e+02   8.5987490e+00   4.3770506e+01   6.3534149e+00   2.0246986e+00   6.5538969e+00   3.8175830e+00   6.5983796e-02   2.8272325e+00   4.0993594e-02   7.3657344e-02   8.8320017e-02   1.4080753e-01   9.4592401e-01   9.0000000e+00
   1.0000000e+01   1.2247553e+03   6.4685756e-01   5.7824147e+01   1.0300000e+02   3.3600000e+02   8.1323686e+00   2.6714235e+01   6.5101407e+00   1.9695299e+00   6.2308771e+00   3.0447660e+00   3.7011473e-02   1.3136883e+00   3.6547854e-02   5.8584566e-02   5.8541363e-02   8.4637981e-02   9.5975410e-01   1.5000000e+01
   2.8000000e+01   1.1292462e+03   7.7515309e-01   7.5878287e+01   2.0300000e+02   1.7700000e+02   8.5853103e+00   3.3165029e+01   5.6623543e+00   1.9553708e+00   6.6264920e+00   2.5225608e+00   4.4263612e-02   1.3932130e+00   3.5642904e-02   5.1921651e-02   4.6521260e-02   6.3861216e-02   9.6551483e-01   4.0000000e+00
   1.5000000e+01   2.1855200e+02   1.4604438e+00   1.0900000e+02   3.6900000e+02   3.7400000e+02   7.0514868e+00   2.9254710e+01   5.5039484e+00   1.9515037e+00   6.3415848e+00   1.3362402e+00   2.6997879e-02   6.1319965e-01   2.8316365e-02   3.2123096e-02   1.9624937e-02   2.2848354e-02   9.8407058e-01   2.5000000e+01
   3.2000000e+01   2.8109600e+02   1.5065723e+00   1.0000000e+02   2.6100000e+02   3.5500000e+02   8.8679174e+00   3.9817400e+01   5.7271727e+00   1.9298483e+00   6.1416619e+00   1.2809530e+00   2.8022436e-02   6.1938927e-01   2.1292406e-02   2.3949315e-02   1.4323341e-02   1.6541764e-02   9.9088292e-01   6.0000000e+00
   1.3000000e+01   3.0414628e+02   1.4327621e+00   1.0026291e+02   8.1000000e+01   3.1400000e+02   8.4639656e+00   7.9899008e+01   5.9342696e+00   1.9265381e+00   5.7555011e+00   1.3446323e+00   5.9794080e-02   1.3520276e+00   2.2543447e-02   2.5598674e-02   1.5897766e-02   1.8509650e-02   9.8960251e-01   8.0000000e+00
   9.0000000e+00   2.4982400e+02   1.4334943e+00   9.3000000e+01   9.4000000e+01   3.1800000e+02   9.1891953e+00   1.4789449e+02   5.5087653e+00   1.9249602e+00   5.7378986e+00   1.3428447e+00   1.0154223e-01   2.2919956e+00   2.0749961e-02   2.3522450e-02   1.4639064e-02   1.7007995e-02   9.9115700e-01   1.1000000e+01
   2.4000000e+01   2.4154245e+02   1.3551972e+00   8.7264823e+01   2.9700000e+02   3.4000000e+02   1.0185799e+01   5.5915549e+01   5.8703440e+00   1.9107606e+00   6.2953620e+00   1.4099502e+00   5.2531142e-02   1.2097355e+00   2.7958096e-02   3.2044618e-02   2.0802996e-02   2.4391102e-02   9.8359478e-01   3.0000000e+00
   2.1000000e+01   2.7764609e+02   1.3851832e+00   9.9110320e+01   1.6700000e+02   3.0800000e+02   6.8073395e+00   7.0241692e+01   5.9848838e+00   1.8927454e+00   5.7813629e+00   1.3664224e+00   3.9856951e-02   9.0008817e-01   1.6745877e-02   1.9051649e-02   1.2207832e-02   1.4206462e-02   9.9403181e-01   1.0000000e+01
   2.7000000e+01   1.1254400e+03   6.0008501e-01   7.0000000e+01   8.7000000e+01   1.8400000e+02   9.3994309e+00   3.2280933e+01   6.0564118e+00   1.8926178e+00   5.7510707e+00   3.1539161e+00   6.9922974e-02   2.4914738e+00   5.6259620e-02   8.9914286e-02   9.7847831e-02   1.4036725e-01   9.0471967e-01   8.0000000e+00
   6.0000000e+00   2.3592381e+02   1.3422377e+00   9.6444493e+01   3.9000000e+02   1.0500000e+02   8.5292780e+00   7.1690233e+01   5.8165645e+00   1.8863953e+00   6.4852191e+00   1.4054107e+00   7.9264505e-02   1.8079224e+00   3.2496957e-02   3.7149237e-02   2.4441028e-02   2.8526522e-02   9.7747533e-01   2.0000000e+00
   5.0000000e+00   1.2090892e+03   8.2858193e-01   7.4325109e+01   3.6500000e+02   1.0200000e+02   8.2676223e+00   3.1601645e+01   5.8561079e+00   1.8772609e+00   5.5387303e+00   2.2656311e+00   3.1649587e-02   9.1594914e-01   2.6528390e-02   3.6157779e-02   3.2061620e-02   4.1972075e-02   9.8080180e-01   2.0000000e+00
   1.3000000e+01   1.1254400e+03   6.9142661e-01   7.4000000e+01   2.8600000e+02   2.8500000e+02   8.5626896e+00   6.9562465e+01   6.3791009e+00   1.8769306e+00   6.4997408e+00   2.7145767e+00   6.6985652e-02   2.1583861e+00   2.5246482e-02   3.7184967e-02   3.7134978e-02   5.0541136e-02   9.8075224e-01   7.0000000e+00
   1.2000000e+01   1.3266918e+03   7.2097809e-01   6.4564472e+01   3.8400000e+02   2.8100000e+02   8.1958503e+00   2.9935295e+01   5.8129857e+00   1.8756992e+00   6.1523575e+00   2.6016037e+00   4.4157298e-02   1.3767427e+00   3.8208090e-02   5.5722597e-02   5.3412919e-02   7.2018503e-02   9.5763058e-01   1.0000000e+01
   8.0000000e+00   1.1537591e+03   7.2558037e-01   6.1094424e+01   2.7000000e+02   9.5000000e+01   7.5772506e+00   2.6147959e+01   5.6420411e+00   1.8696321e+00   6.2578873e+00   2.5767402e+00   3.1561129e-02   9.7911675e-01   3.1444069e-02   4.5359032e-02   4.3648673e-02   5.8533109e-02   9.7103369e-01   1.0000000e+00
   1.2000000e+01   1.2818000e+03   5.7071055e-01   6.6000000e+01   7.9000000e+01   3.2300000e+02   7.7860072e+00   4.4247862e+01   6.4088657e+00   1.8648729e+00   5.9630783e+00   3.2676334e+00   3.7535828e-02   1.3609787e+00   2.2591316e-02   3.5537383e-02   4.1702872e-02   5.9683986e-02   9.8276759e-01   1.2000000e+01
   1.6000000e+01   1.2473600e+02   1.2769463e+00   9.1000000e+01   4.4000000e+02   8.3000000e+01   8.4668339e+00   5.7451316e+01   5.8280573e+00   1.8638369e+00   5.6143854e+00   1.4596047e+00   6.6693457e-02   1.5412053e+00   3.3576318e-02   3.8683590e-02   2.6483876e-02   3.1078960e-02   9.7523483e-01   1.0000000e+00
   3.0000000e+01   1.2467597e+03   5.6727682e-01   5.5120499e+01   9.9000000e+01   3.5300000e+02   1.0012963e+01   6.5288271e+01   5.6159942e+00   1.8564838e+00   6.1655343e+00   3.2726242e+00   5.0297929e-02   1.8224251e+00   2.0505862e-02   3.2168001e-02   3.8104362e-02   5.4433610e-02   9.8569196e-01   1.5000000e+01
   2.6000000e+01   2.4982400e+02   1.2968732e+00   9.2000000e+01   3.5700000e+02   3.8500000e+02   1.0041888e+01   5.5081317e+01   6.5020259e+00   1.8516383e+00   5.6077105e+00   1.4277712e+00   4.1108216e-02   9.3873040e-01   2.1569262e-02   2.4678061e-02   1.6736418e-02   1.9519415e-02   9.8965027e-01   1.5000000e+01
   8.0000000e+00   1.8943728e+02   1.3739472e+00   9.1931015e+01   3.4000000e+02   1.1900000e+02   8.1499832e+00   6.3420780e+01   6.0587961e+00   1.8465348e+00   6.2986698e+00   1.3439634e+00   5.4017470e-02   1.1939495e+00   2.4492781e-02   2.7705888e-02   1.8013042e-02   2.0796518e-02   9.8685437e-01   2.0000000e+00
   5.0000000e+00   1.2239853e+03   7.1982948e-01   7.3848767e+01   4.4000000e+02   3.0400000e+02   7.9221597e+00   4.6019166e+01   6.3157273e+00   1.8438863e+00   5.8566253e+00   2.5615599e+00   4.3059502e-02   1.3220849e+00   2.4197299e-02   3.4622310e-02   3.3752988e-02   4.4885775e-02   9.8242226e-01   9.0000000e+00
   3.3000000e+01   1.0941680e+03   6.3826542e-01   7.1000000e+01   1.3800000e+02   3.7300000e+02   8.4748147e+00   4.6351961e+01   5.6594911e+00   1.8391556e+00   5.3132100e+00   2.8814902e+00   4.1544869e-02   1.3767253e+00   2.3852657e-02   3.5144602e-02   3.8626327e-02   5.2538809e-02   9.8194236e-01   7.0000000e+00
   4.0000000e+00   1.2505280e+03   6.8831094e-01   6.1000000e+01   3.1300000e+02   3.1600000e+02   7.6159872e+00   3.3335753e+01   6.0746064e+00   1.8323789e+00   5.7299022e+00   2.6621383e+00   3.9220025e-02   1.2290227e+00   3.0286137e-02   4.3969563e-02   4.4503984e-02   5.9526194e-02   9.7189804e-01   1.0000000e+01
   1.7000000e+01   1.0628960e+03   7.3859265e-01   7.1000000e+01   2.6800000e+02   1.2000000e+02   7.9305717e+00   3.6452354e+01   5.3152562e+00   1.8299091e+00   5.7425709e+00   2.4775620e+00   3.5757950e-02   1.0724358e+00   2.5977564e-02   3.5827770e-02   3.5263773e-02   4.5946008e-02   9.8004154e-01   2.0000000e+00
   2.3000000e+01   1.5600800e+02   1.3486359e+00   9.4000000e+01   2.6400000e+02   2.4400000e+02   1.0945367e+01   1.0935070e+02   6.1069202e+00   1.8155639e+00   5.8722086e+00   1.3462225e+00   7.4472263e-02   1.6364092e+00   1.9242182e-02   2.1750818e-02   1.4387341e-02   1.6575766e-02   9.9165088e-01   1.1000000e+01
   2.0000000e+01   3.4433593e+02   1.2726923e+00   8.7977746e+01   2.7000000e+02   1.3500000e+02   9.1426129e+00   7.8944719e+01   5.6160526e+00   1.8131847e+00   6.0099047e+00   1.4246843e+00   6.2215561e-02   1.4018463e+00   2.2220858e-02   2.5368779e-02   1.7603216e-02   2.0443314e-02   9.8861102e-01   2.0000000e+00
   8.0000000e+00   1.0924249e+03   7.2202281e-01   6.3055740e+01   3.4400000e+02   2.4300000e+02   7.8089840e+00   2.9174250e+01   5.7137696e+00   1.8058580e+00   6.3036572e+00   2.5011093e+00   3.6261197e-02   1.0871176e+00   3.2102676e-02   4.4810488e-02   4.4648523e-02   5.8322379e-02   9.6912466e-01   1.1000000e+01
   3.4000000e+01   3.1236800e+02   1.2690075e+00   1.0600000e+02   1.8100000e+02   3.2300000e+02   8.0145491e+00   3.3434685e+01   5.7050910e+00   1.7757977e+00   6.4647134e+00   1.3993595e+00   2.5469639e-02   5.6401453e-01   2.1011583e-02   2.3869102e-02   1.6697302e-02   1.9258556e-02   9.8954315e-01   1.3000000e+01
   6.0000000e+00   1.0619938e+03   7.4733332e-01   7.0028849e+01   3.6000000e+02   2.2400000e+02   8.3005164e+00   3.6523761e+01   5.9981567e+00   1.7689034e+00   5.5015556e+00   2.3669537e+00   3.2816005e-02   9.4457677e-01   2.3199270e-02   3.1258272e-02   3.1117576e-02   3.9767036e-02   9.8372805e-01   3.0000000e+00
   1.5000000e+01   1.1795357e+03   7.1220941e-01   7.8270154e+01   3.8900000e+02   3.1100000e+02   7.7441162e+00   4.5397760e+01   6.2047813e+00   1.7609520e+00   6.2678132e+00   2.4725201e+00   4.2235876e-02   1.2422695e+00   2.3798126e-02   3.2648163e-02   3.3512297e-02   4.3097474e-02   9.8235927e-01   2.2000000e+01
   1.7000000e+01   2.4982400e+02   1.3081241e+00   9.7000000e+01   3.6900000e+02   1.3100000e+02   8.6937748e+00   5.5175525e+01   6.1502884e+00   1.7541442e+00   6.4215529e+00   1.3409616e+00   4.6998969e-02   1.0120583e+00   2.3180529e-02   2.6096289e-02   1.7887043e-02   2.0456978e-02   9.8720771e-01   3.0000000e+00
   1.5000000e+01   2.1855200e+02   1.3519408e+00   1.0900000e+02   3.4100000e+02   2.2100000e+02   8.0500399e+00   6.3340613e+01   5.8007847e+00   1.7517082e+00   6.0775721e+00   1.2956989e+00   4.9228916e-02   1.0409765e+00   2.1136725e-02   2.3644964e-02   1.5772737e-02   1.7954804e-02   9.8945055e-01   1.1000000e+01
   1.9000000e+01   3.5687695e+02   1.3403637e+00   9.4576716e+01   1.2800000e+02   2.5400000e+02   8.2233585e+00   5.2483243e+01   5.8415518e+00   1.7424896e+00   5.4910908e+00   1.3000125e+00   3.2703728e-02   6.9242633e-01   1.6822618e-02   1.8833896e-02   1.2675794e-02   1.4429192e-02   9.9322844e-01   8.0000000e+00
   2.3000000e+01   3.2453878e+02   1.2661442e+00   8.8610809e+01   1.6100000e+02   1.8200000e+02   1.0995985e+01   9.4375854e+01   5.6455597e+00   1.7344757e+00   6.1515236e+00   1.3698879e+00   5.5001871e-02   1.1893564e+00   1.5698379e-02   1.7708982e-02   1.2500760e-02   1.4307485e-02   9.9394449e-01   6.0000000e+00
   2.6000000e+01   2.9170592e+02   1.3532739e+00   9.0660722e+01   3.1100000e+02   3.6900000e+02   9.6625697e+00   3.9845630e+01   6.0859223e+00   1.7311317e+00   5.6650388e+00   1.2792175e+00   3.5188106e-02   7.3655293e-01   2.3638586e-02   2.6384793e-02   1.7657574e-02   2.0044419e-02   9.8662443e-01   1.3000000e+01
   1.4000000e+01   1.2676133e+03   7.9367814e-01   5.9453655e+01   3.1000000e+02   1.5300000e+02   7.7820460e+00   3.1414008e+01   5.9876279e+00   1.7271368e+00   5.8760660e+00   2.1761174e+00   3.0024068e-02   8.1471064e-01   2.4329500e-02   3.1526019e-02   3.0565273e-02   3.8100879e-02   9.8231865e-01   3.0000000e+00
   2.9000000e+01   1.0628960e+03   6.8258217e-01   7.2000000e+01   2.5100000e+02   2.5200000e+02   1.0735649e+01   1.4120881e+02   6.1660080e+00   1.7158059e+00   6.3064271e+00   2.5136987e+00   9.0390981e-02   2.6514112e+00   1.6258761e-02   2.2106575e-02   2.3918524e-02   3.0446512e-02   9.9134629e-01   1.7000000e+01
   3.4000000e+01   2.4094924e+02   1.3506126e+00   1.0828379e+02   1.7400000e+02   3.8900000e+02   7.9654343e+00   3.6848252e+01   5.7875093e+00   1.7147071e+00   5.8107621e+00   1.2695773e+00   2.8940656e-02   6.0147916e-01   2.0797991e-02   2.3173275e-02   1.5576137e-02   1.7646556e-02   9.8949345e-01   1.9000000e+01
   2.7000000e+01   1.0224530e+03   7.5876089e-01   7.3293264e+01   4.0800000e+02   2.6600000e+02   1.0012019e+01   3.9635898e+01   5.9832933e+00   1.7082781e+00   5.8773579e+00   2.2514050e+00   4.9252299e-02   1.3534194e+00   3.1398292e-02   4.1007308e-02   4.1278547e-02   5.1463109e-02   9.6995559e-01   1.3000000e+01
   3.0000000e+01   1.0941680e+03   7.6750785e-01   6.0000000e+01   3.3600000e+02   1.6100000e+02   1.0343296e+01   5.1042868e+01   5.8479269e+00   1.7014789e+00   5.5414092e+00   2.2168880e+00   3.9035480e-02   1.0621502e+00   1.9508178e-02   2.5164441e-02   2.5405112e-02   3.1462366e-02   9.8825663e-01   5.0000000e+00
   3.0000000e+01   3.7550396e+02   1.2178986e+00   8.2981071e+01   3.8700000e+02   3.8100000e+02   9.8170731e+00   5.6925620e+01   5.7089749e+00   1.6968941e+00   6.3342169e+00   1.3932967e+00   3.6432279e-02   7.8634273e-01   1.6832520e-02   1.9015266e-02   1.3911490e-02   1.5901187e-02   9.9275472e-01   1.9000000e+01
   1.0000000e+01   3.1236800e+02   1.3197487e+00   8.7000000e+01   4.0900000e+02   2.2800000e+02   8.8191313e+00   6.0648666e+01   5.8647152e+00   1.6892865e+00   5.5842534e+00   1.2800062e+00   7.2531157e-02   1.5009580e+00   3.1164312e-02   3.4724044e-02   2.3855761e-02   2.6983701e-02   9.7605852e-01   5.0000000e+00
   2.9000000e+01   1.8728000e+02   1.2676425e+00   1.0000000e+02   3.9500000e+02   3.3800000e+02   9.9870332e+00   1.0081169e+02   6.2377289e+00   1.6883790e+00   6.0576546e+00   1.3319046e+00   5.6528835e-02   1.1909349e+00   1.4669544e-02   1.6438768e-02   1.1654034e-02   1.3236757e-02   9.9453944e-01   2.6000000e+01
   2.0000000e+01   1.0941680e+03   6.4297517e-01   6.4000000e+01   8.1000000e+01   3.9000000e+02   9.2592426e+00   9.2920978e+01   5.5522644e+00   1.6717117e+00   6.5975623e+00   2.5999631e+00   1.0050517e-01   2.9806092e+00   2.7731861e-02   3.7189200e-02   4.3635368e-02   5.5208456e-02   9.7414628e-01   1.2000000e+01
   1.0000000e+01   3.6129793e+02   1.2437691e+00   8.5435344e+01   2.1000000e+02   2.6000000e+02   8.0110527e+00   5.3397427e+01   5.7861625e+00   1.6584244e+00   6.5153124e+00   1.3333861e+00   3.7389364e-02   7.8104848e-01   1.7942071e-02   2.0078036e-02   1.4535056e-02   1.6457792e-02   9.9157762e-01   7.0000000e+00
   1.4000000e+01   1.0628960e+03   8.5527801e-01   6.6000000e+01   4.1700000e+02   1.6700000e+02   8.2589910e+00   5.8401059e+01   6.0663381e+00   1.6571444e+00   6.0378490e+00   1.9375506e+00   5.6550963e-02   1.4217307e+00   2.4226000e-02   2.9748831e-02   2.8222227e-02   3.4007655e-02   9.8248602e-01   4.0000000e+00
   2.3000000e+01   3.0649613e+02   1.2048819e+00   8.9187768e+01   3.7000000e+02   1.9700000e+02   1.0596833e+01   5.3611525e+01   6.0310611e+00   1.6391149e+00   6.1403913e+00   1.3603946e+00   3.1811567e-02   6.6747639e-01   1.5014528e-02   1.6846724e-02   1.2543753e-02   1.4217595e-02   9.9393774e-01   7.0000000e+00
   5.0000000e+00   3.2051091e+02   1.1692877e+00   1.0273961e+02   2.6100000e+02   1.5100000e+02   7.6902598e+00   3.6840370e+01   5.9995174e+00   1.6262315e+00   5.5541955e+00   1.3907882e+00   2.7696243e-02   5.8619390e-01   1.8913996e-02   2.1291591e-02   1.6228908e-02   1.8423401e-02   9.9027896e-01   6.0000000e+00
   2.6000000e+01   1.0003520e+03   7.1555876e-01   6.8000000e+01   2.6900000e+02   3.1400000e+02   9.8167376e+00   4.5036018e+01   6.0258226e+00   1.6255437e+00   5.6148523e+00   2.2717124e+00   3.6283920e-02   9.7895942e-01   1.9972752e-02   2.5536770e-02   2.7832389e-02   3.3984587e-02   9.8674318e-01   1.2000000e+01
   2.1000000e+01   4.6872800e+02   1.2356091e+00   9.3000000e+01   1.9000000e+02   3.8700000e+02   6.3344961e+00   3.8181572e+01   5.6863508e+00   1.6214808e+00   5.6999974e+00   1.3122927e+00   2.9985451e-02   6.1604247e-01   1.9609634e-02   2.1855589e-02   1.5993710e-02   1.8030316e-02   9.8965297e-01   1.3000000e+01
   2.7000000e+01   2.1855200e+02   1.1991444e+00   9.9000000e+01   2.7000000e+02   7.5000000e+01   9.9581784e+00   1.2103685e+02   6.0801744e+00   1.6213597e+00   5.5850040e+00   1.3520971e+00   5.3320832e-02   1.1092340e+00   1.1013398e-02   1.2331204e-02   9.2524265e-03   1.0458078e-02   9.9667223e-01   2.0000000e+00
   1.2000000e+01   1.0941680e+03   7.1903579e-01   7.2000000e+01   4.0300000e+02   2.6500000e+02   8.2550890e+00   4.8877442e+01   6.0836666e+00   1.6152273e+00   5.7874178e+00   2.2463796e+00   4.0571770e-02   1.0841739e+00   2.0425512e-02   2.6001722e-02   2.8289410e-02   3.4410564e-02   9.8608628e-01   9.0000000e+00
   5.0000000e+00   8.7526400e+02   7.4204594e-01   8.5000000e+01   2.0500000e+02   1.1600000e+02   8.1517401e+00   4.2511550e+01   5.8589950e+00   1.6129461e+00   5.8651578e+00   2.1736472e+00   2.6650577e-02   6.9865452e-01   1.5425597e-02   1.9419689e-02   2.0667576e-02   2.5008568e-02   9.9213964e-01   4.0000000e+00
   2.2000000e+01   9.1879908e+02   7.4846572e-01   8.6607857e+01   1.9700000e+02   1.4500000e+02   1.0685017e+01   5.5012812e+01   5.8572891e+00   1.6127074e+00   5.8412994e+00   2.1546843e+00   3.7351207e-02   9.7492749e-01   1.6684841e-02   2.0947539e-02   2.2174184e-02   2.6799728e-02   9.9083070e-01   2.0000000e+00
   2.1000000e+01   9.0653600e+02   7.5855835e-01   7.9000000e+01   1.4000000e+02   8.6000000e+01   6.3494221e+00   3.3793919e+01   6.1275926e+00   1.6121857e+00   5.4587324e+00   2.1253285e+00   2.7512676e-02   7.1434337e-01   2.0162571e-02   2.5121595e-02   2.6482968e-02   3.1899294e-02   9.8677432e-01   1.0000000e+00
   2.6000000e+01   3.7491200e+02   1.1845778e+00   8.8000000e+01   3.5700000e+02   2.8700000e+02   9.9363321e+00   4.4114493e+01   5.6936933e+00   1.6107637e+00   5.7153173e+00   1.3597787e+00   2.9669257e-02   6.1740829e-01   1.6719350e-02   1.8720513e-02   1.4196680e-02   1.6044054e-02   9.9228755e-01   1.0000000e+01
   4.0000000e+00   3.4364000e+02   1.2387564e+00   9.0000000e+01   4.2000000e+02   3.6600000e+02   8.0214858e+00   8.6073598e+01   5.7068175e+00   1.6106566e+00   5.5109285e+00   1.3002206e+00   5.1579496e-02   1.0503568e+00   1.4840489e-02   1.6505666e-02   1.2077621e-02   1.3585024e-02   9.9398500e-01   1.3000000e+01
   8.0000000e+00   9.0653600e+02   7.0319835e-01   6.9000000e+01   1.3400000e+02   1.8000000e+02   7.5130603e+00   3.2087392e+01   6.2434698e+00   1.6043597e+00   6.1848875e+00   2.2815179e+00   4.1570413e-02   1.1152730e+00   3.1820229e-02   4.0520216e-02   4.5186264e-02   5.4867255e-02   9.6624437e-01   7.0000000e+00
   1.2000000e+01   1.1913960e+03   6.1650772e-01   6.8890893e+01   1.0000000e+02   4.0900000e+02   8.2739212e+00   6.1037483e+01   6.1469074e+00   1.6006704e+00   5.4337390e+00   2.5963509e+00   4.0151209e-02   1.1651403e+00   1.6472454e-02   2.1693081e-02   2.6968063e-02   3.3562070e-02   9.9020560e-01   1.8000000e+01
   2.9000000e+01   3.7491200e+02   1.1604834e+00   9.4000000e+01   2.7600000e+02   3.6400000e+02   9.7345244e+00   1.2619496e+02   5.5249362e+00   1.5973709e+00   5.6526386e+00   1.3764703e+00   6.0134235e-02   1.2530833e+00   1.1758499e-02   1.3170806e-02   1.0187773e-02   1.1509146e-02   9.9609917e-01   2.7000000e+01
   2.0000000e+01   1.0941680e+03   7.0665957e-01   6.4000000e+01   3.1400000e+02   4.0800000e+02   8.6047386e+00   5.5687164e+01   5.7865091e+00   1.5960598e+00   6.1499026e+00   2.2585979e+00   4.1627324e-02   1.1117034e+00   1.8216973e-02   2.3149867e-02   2.5649685e-02   3.1112640e-02   9.8869017e-01   1.3000000e+01
   1.0000000e+01   1.2818000e+03   7.1041671e-01   5.6000000e+01   3.0900000e+02   4.2500000e+02   8.1739922e+00   3.2211546e+01   5.8943874e+00   1.5940698e+00   5.7940554e+00   2.2438517e+00   3.2295327e-02   8.5540633e-01   2.4534827e-02   3.1013476e-02   3.4421197e-02   4.1601617e-02   9.7966054e-01   1.9000000e+01
   1.0000000e+01   3.7491200e+02   1.1026992e+00   8.5000000e+01   2.3200000e+02   1.8300000e+02   7.6518711e+00   4.5153205e+01   5.9945207e+00   1.5780193e+00   5.6593280e+00   1.4310515e+00   3.1409228e-02   6.6364016e-01   1.6970093e-02   1.9133832e-02   1.5428312e-02   1.7484813e-02   9.9167827e-01   3.0000000e+00
   3.0000000e+01   3.4364000e+02   1.1250549e+00   8.4000000e+01   2.4100000e+02   2.9400000e+02   1.0351623e+01   1.2256298e+02   5.4658473e+00   1.5758484e+00   5.8150185e+00   1.4006858e+00   6.9442394e-02   1.4495164e+00   1.3797876e-02   1.5474431e-02   1.2317518e-02   1.3913406e-02   9.9448767e-01   1.4000000e+01
   2.3000000e+01   8.7526400e+02   8.0645752e-01   7.1000000e+01   3.9500000e+02   1.1400000e+02   1.1002286e+01   5.5564099e+01   5.8177166e+00   1.5726969e+00   6.0984136e+00   1.9501299e+00   5.1035934e-02   1.2513505e+00   2.2184435e-02   2.6831566e-02   2.7368632e-02   3.2378538e-02   9.8400676e-01   4.0000000e+00
   1.4000000e+01   1.0327946e+03   7.5663319e-01   6.6962567e+01   3.0600000e+02   1.8400000e+02   7.7386809e+00   2.7953393e+01   5.8704346e+00   1.5652883e+00   6.3842781e+00   2.0687544e+00   3.1359802e-02   7.9090423e-01   2.7126350e-02   3.3269496e-02   3.5656444e-02   4.2392539e-02   9.7558496e-01   5.0000000e+00
   4.0000000e+00   9.8182608e+02   7.3749170e-01   6.9592412e+01   4.3200000e+02   1.4400000e+02   7.9337182e+00   4.7688516e+01   5.8357596e+00   1.5590747e+00   5.9992153e+00   2.1140234e+00   5.2617390e-02   1.3402269e+00   2.6469190e-02   3.2699780e-02   3.5693019e-02   4.2553751e-02   9.7635747e-01   2.0000000e+00
   3.4000000e+01   8.4786095e+02   7.9597553e-01   8.8876281e+01   2.4900000e+02   1.5700000e+02   8.0153487e+00   3.5282843e+01   5.9902625e+00   1.5543716e+00   6.0138814e+00   1.9527882e+00   2.8129681e-02   6.8607780e-01   1.9104747e-02   2.3047705e-02   2.3861050e-02   2.8135016e-02   9.8790366e-01   3.0000000e+00
   2.4000000e+01   1.0628960e+03   8.0603792e-01   6.1000000e+01   3.3800000e+02   8.0000000e+01   1.1277696e+01   8.1406442e+01   5.8985719e+00   1.5536888e+00   5.7727119e+00   1.9275629e+00   5.2644260e-02   1.2763242e+00   1.5506266e-02   1.8634615e-02   1.9138106e-02   2.2518318e-02   9.9204019e-01   1.0000000e+00
   7.0000000e+00   1.0251162e+03   6.5551874e-01   6.8208102e+01   2.1900000e+02   3.1200000e+02   7.9565436e+00   3.9841332e+01   5.7218870e+00   1.5530652e+00   6.3120317e+00   2.3692155e+00   2.7365939e-02   7.3933915e-01   1.6655167e-02   2.1148405e-02   2.5344177e-02   3.0601091e-02   9.8996211e-01   8.0000000e+00
   3.3000000e+01   2.2136048e+02   1.1894671e+00   9.8910192e+01   3.4700000e+02   1.2700000e+02   8.5015710e+00   3.9725534e+01   6.5334677e+00   1.5517065e+00   5.5532202e+00   1.3045393e+00   3.2646108e-02   6.5450227e-01   1.9571277e-02   2.1701549e-02   1.6540678e-02   1.8517244e-02   9.8894841e-01   1.0000000e+00
   2.9000000e+01   5.0000000e+02   1.0032157e+00   9.0000000e+01   1.2800000e+02   1.8900000e+02   9.0441629e+00   5.8534533e+01   5.5627270e+00   1.5420330e+00   5.6009414e+00   1.5370902e+00   3.1171383e-02   6.7324333e-01   1.2736856e-02   1.4484429e-02   1.2699030e-02   1.4445766e-02   9.9498772e-01   1.1000000e+01
   2.1000000e+01   9.0751278e+02   7.6325850e-01   7.8968766e+01   2.0500000e+02   2.3000000e+02   6.4073329e+00   2.6747073e+01   5.7800880e+00   1.5401975e+00   6.3320253e+00   2.0179238e+00   2.5391739e-02   6.2745422e-01   2.2612763e-02   2.7418390e-02   2.9490348e-02   3.4777465e-02   9.8260310e-01   5.0000000e+00
   1.7000000e+01   4.6983980e+02   1.1319800e+00   8.9964448e+01   9.7000000e+01   4.2500000e+02   8.3094138e+00   8.2505195e+01   6.2346546e+00   1.5377053e+00   5.5583284e+00   1.3584209e+00   6.0218457e-02   1.2244520e+00   1.7248115e-02   1.9233403e-02   1.5315896e-02   1.7185243e-02   9.9114257e-01   8.0000000e+00
   1.6000000e+01   1.0628960e+03   6.6825731e-01   6.1000000e+01   2.9800000e+02   2.7900000e+02   8.6276996e+00   6.4320179e+01   5.5277124e+00   1.5311290e+00   6.0098782e+00   2.2912267e+00   4.9704828e-02   1.3054323e+00   1.8547471e-02   2.3180799e-02   2.7557735e-02   3.2902461e-02   9.8753093e-01   5.0000000e+00
   3.0000000e+01   3.7097283e+02   1.1059343e+00   8.3125965e+01   2.1200000e+02   2.7400000e+02   1.0243406e+01   9.2508454e+01   6.2524691e+00   1.5306970e+00   6.0893447e+00   1.3840759e+00   5.0662648e-02   1.0364602e+00   1.2894820e-02   1.4410670e-02   1.1710952e-02   1.3156951e-02   9.9495956e-01   1.3000000e+01
   7.0000000e+00   4.3121978e+02   1.0937005e+00   8.7199419e+01   1.5600000e+02   4.0900000e+02   8.3553164e+00   5.1118259e+01   6.2356053e+00   1.5305283e+00   5.4902475e+00   1.3994035e+00   3.5244381e-02   7.2519123e-01   1.6263368e-02   1.8205157e-02   1.4914508e-02   1.6768232e-02   9.9199297e-01   1.8000000e+01
   5.0000000e+00   1.0315382e+03   7.1170592e-01   8.0002744e+01   1.8600000e+02   1.3400000e+02   8.1069822e+00   3.1286635e+01   6.0047648e+00   1.5281374e+00   6.5870305e+00   2.1471472e+00   3.0465286e-02   7.7555368e-01   2.3322711e-02   2.8620024e-02   3.2594998e-02   3.8630984e-02   9.8095382e-01   5.0000000e+00
   1.3000000e+01   1.0003520e+03   6.9327881e-01   7.8000000e+01   4.2000000e+02   1.7000000e+02   7.6971396e+00   3.3771321e+01   6.3903548e+00   1.5227945e+00   6.0627180e+00   2.1965109e+00   3.3706822e-02   8.6531569e-01   2.3695271e-02   2.9294137e-02   3.3962344e-02   4.0318844e-02   9.8001129e-01   3.0000000e+00
   1.3000000e+01   9.3780800e+02   7.5733190e-01   8.0000000e+01   2.1000000e+02   1.6800000e+02   7.4502530e+00   5.3287326e+01   6.0137709e+00   1.5199417e+00   6.1318487e+00   2.0069690e+00   3.1898630e-02   7.8031990e-01   1.4116435e-02   1.7046462e-02   1.8514318e-02   2.1749386e-02   9.9305737e-01   2.0000000e+00
   2.6000000e+01   5.0000000e+02   9.1285156e-01   8.4000000e+01   2.7100000e+02   2.3200000e+02   1.0437160e+01   8.6654734e+01   5.7278404e+00   1.5192689e+00   5.8855559e+00   1.6643110e+00   4.6937082e-02   1.0465116e+00   1.2761535e-02   1.4727222e-02   1.3947047e-02   1.6002401e-02   9.9470893e-01   7.0000000e+00
   5.0000000e+00   7.5017600e+02   7.3475505e-01   8.9000000e+01   1.4800000e+02   2.0300000e+02   7.8578284e+00   3.4597383e+01   5.4647823e+00   1.5178789e+00   6.1921718e+00   2.0658299e+00   3.2043646e-02   7.9728593e-01   2.1872008e-02   2.6572539e-02   2.9495443e-02   3.4763577e-02   9.8332552e-01   7.0000000e+00
   3.0000000e+00   3.7251728e+02   1.0225227e+00   9.0076577e+01   4.1900000e+02   2.8600000e+02   6.0437954e+00   4.9066509e+01   6.2815971e+00   1.5158750e+00   6.3138626e+00   1.4824854e+00   5.3768732e-02   1.1323614e+00   2.5684407e-02   2.8988219e-02   2.5138480e-02   2.8405353e-02   9.7961767e-01   3.0000000e+00
   1.0000000e+01   3.4364000e+02   1.0995071e+00   8.6000000e+01   3.9500000e+02   2.9400000e+02   8.4268333e+00   7.3169828e+01   5.7603689e+00   1.5128046e+00   5.5080597e+00   1.3758934e+00   3.6820601e-02   7.4714278e-01   1.1699895e-02   1.3050445e-02   1.0681653e-02   1.1969734e-02   9.9577655e-01   1.1000000e+01
   3.0000000e+01   3.8140621e+02   1.1132353e+00   8.2792332e+01   1.5100000e+02   1.2100000e+02   9.4184809e+00   5.5431195e+01   6.2583049e+00   1.5111516e+00   5.6706348e+00   1.3574413e+00   2.9468802e-02   5.9385123e-01   1.2337498e-02   1.3735346e-02   1.1142810e-02   1.2472238e-02   9.9532456e-01   3.0000000e+00
   8.0000000e+00   9.3780800e+02   7.1023807e-01   6.8000000e+01   2.3500000e+02   3.4600000e+02   8.1798568e+00   2.7098069e+01   6.2441590e+00   1.5071945e+00   6.2579419e+00   2.1220976e+00   2.4748258e-02   6.2080046e-01   2.1517933e-02   2.6278306e-02   3.0015938e-02   3.5388897e-02   9.8350023e-01   1.7000000e+01
   4.0000000e+00   4.5697909e+02   1.0649406e+00   8.6375700e+01   4.4100000e+02   2.5700000e+02   7.5502264e+00   5.1992546e+01   7.3737649e+00   1.5071507e+00   5.6220400e+00   1.4152438e+00   3.3541383e-02   6.8966476e-01   1.5151308e-02   1.6856296e-02   1.4238509e-02   1.5958501e-02   9.9286906e-01   8.0000000e+00
   2.1000000e+01   3.4364000e+02   1.1014409e+00   9.7000000e+01   3.7900000e+02   3.3400000e+02   6.2294483e+00   3.7515778e+01   5.9357499e+00   1.5063172e+00   5.7962456e+00   1.3675879e+00   1.8330888e-02   3.7004429e-01   1.1299137e-02   1.2590694e-02   1.0298481e-02   1.1531021e-02   9.9604096e-01   1.1000000e+01
   3.2000000e+01   5.3127200e+02   1.0082166e+00   9.2000000e+01   4.2700000e+02   3.8200000e+02   9.2813156e+00   4.0541595e+01   5.7785735e+00   1.5061365e+00   5.6258970e+00   1.4938620e+00   2.7876019e-02   5.8707452e-01   1.6028915e-02   1.8098797e-02   1.5884802e-02   1.7940699e-02   9.9186266e-01   7.0000000e+00
   2.8000000e+01   6.2508800e+02   8.7538740e-01   9.2000000e+01   4.1700000e+02   3.5700000e+02   8.6700303e+00   7.7249995e+01   6.2053716e+00   1.5058629e+00   6.1334496e+00   1.7202245e+00   5.3548686e-02   1.2076754e+00   1.6205591e-02   1.8806496e-02   1.8438392e-02   2.1203215e-02   9.9127391e-01   1.0000000e+01
   2.2000000e+01   5.6254400e+02   9.6363855e-01   9.8000000e+01   1.2800000e+02   3.3600000e+02   1.0880283e+01   1.0660073e+02   6.1960589e+00   1.5030196e+00   5.5937901e+00   1.5597338e+00   4.9252396e-02   1.0574643e+00   1.0766338e-02   1.2243571e-02   1.1175523e-02   1.2674935e-02   9.9623957e-01   7.0000000e+00
   2.2000000e+01   7.5017600e+02   8.5338720e-01   9.2000000e+01   1.8700000e+02   8.3000000e+01   1.1096092e+01   8.0582815e+01   6.3971459e+00   1.4999549e+00   6.0897137e+00   1.7576487e+00   4.5877004e-02   1.0436676e+00   1.3271597e-02   1.5454948e-02   1.5483284e-02   1.7835585e-02   9.9404761e-01   1.0000000e+00
   1.2000000e+01   5.3127200e+02   1.0173733e+00   9.0000000e+01   1.6000000e+02   2.5700000e+02   8.1846120e+00   7.1972924e+01   6.0649137e+00   1.4988861e+00   5.8576088e+00   1.4732902e+00   3.9455177e-02   8.2311256e-01   1.2691955e-02   1.4293681e-02   1.2488163e-02   1.4076029e-02   9.9485741e-01   7.0000000e+00
   3.2000000e+01   5.9843494e+02   8.9537990e-01   8.9852298e+01   1.5700000e+02   1.1500000e+02   8.5775450e+00   3.8747928e+01   6.2573333e+00   1.4966185e+00   5.9818065e+00   1.6714899e+00   2.8865842e-02   6.4023928e-01   1.7305406e-02   1.9942210e-02   1.9266667e-02   2.2049988e-02   9.9006853e-01   1.0000000e+00
   1.9000000e+01   4.6872800e+02   9.7916734e-01   9.1000000e+01   2.4800000e+02   2.3400000e+02   8.0651422e+00   6.7965738e+01   6.4730284e+00   1.4964645e+00   6.2168018e+00   1.5283031e+00   3.3856472e-02   7.1843689e-01   1.1548707e-02   1.3072326e-02   1.1791555e-02   1.3338152e-02   9.9567659e-01   7.0000000e+00
   2.3000000e+01   3.6057932e+02   1.1626567e+00   8.7458323e+01   2.8900000e+02   1.7900000e+02   1.0499621e+01   5.6654940e+01   5.8480964e+00   1.4962374e+00   5.7459036e+00   1.2869124e+00   3.0067758e-02   5.8792108e-01   1.2096591e-02   1.3365866e-02   1.0464355e-02   1.1650487e-02   9.9549189e-01   5.0000000e+00
   1.3000000e+01   1.0123978e+03   6.2949596e-01   7.7614806e+01   2.2600000e+02   3.1900000e+02   8.0546918e+00   5.2673926e+01   6.3161389e+00   1.4956608e+00   6.0345561e+00   2.3759657e+00   3.7735838e-02   1.0020596e+00   1.6962158e-02   2.1261687e-02   2.6807313e-02   3.1957727e-02   9.8902841e-01   9.0000000e+00
   2.1000000e+01   5.3127200e+02   9.1245334e-01   9.1000000e+01   2.0500000e+02   3.8000000e+02   6.0974027e+00   3.1613790e+01   5.5134077e+00   1.4949045e+00   5.5645600e+00   1.6383353e+00   2.0027896e-02   4.3937674e-01   1.4736418e-02   1.6885046e-02   1.6112365e-02   1.8356027e-02   9.9280840e-01   1.2000000e+01
   2.8000000e+01   5.3127200e+02   9.5956717e-01   9.5000000e+01   2.1400000e+02   2.6200000e+02   8.8187515e+00   6.0189980e+01   5.8178544e+00   1.4937218e+00   6.1160268e+00   1.5566621e+00   3.8673931e-02   8.2908943e-01   1.4876281e-02   1.6914705e-02   1.5469267e-02   1.7549760e-02   9.9282246e-01   8.0000000e+00
   3.2000000e+01   6.5636000e+02   8.5096256e-01   8.8000000e+01   2.7600000e+02   2.7000000e+02   9.0267674e+00   4.4568806e+01   5.7812887e+00   1.4934303e+00   6.1719109e+00   1.7549895e+00   2.6916665e-02   6.1080834e-01   1.4016553e-02   1.6314521e-02   1.6396329e-02   1.8866883e-02   9.9332699e-01   4.0000000e+00
   2.8000000e+01   5.3043981e+02   9.7993267e-01   9.5026611e+01   2.2700000e+02   2.6000000e+02   9.0657219e+00   1.1427359e+02   5.9209550e+00   1.4891642e+00   5.9818617e+00   1.5196597e+00   4.3818882e-02   9.2558464e-01   8.8353503e-03   9.9960362e-03   9.0064972e-03   1.0178901e-02   9.9745356e-01   7.0000000e+00
   2.1000000e+01   7.8366680e+02   7.7183871e-01   8.2929048e+01   2.8200000e+02   2.8400000e+02   6.4740390e+00   5.2583805e+01   6.2921053e+00   1.4852532e+00   6.2071909e+00   1.9243052e+00   3.0199262e-02   7.1534789e-01   1.3298635e-02   1.5786630e-02   1.7123643e-02   1.9884245e-02   9.9372216e-01   8.0000000e+00
   8.0000000e+00   8.4399200e+02   7.4797147e-01   7.1000000e+01   3.1700000e+02   2.4600000e+02   9.7948580e+00   1.4078894e+02   5.5255039e+00   1.4844586e+00   5.9595247e+00   1.9846461e+00   1.7154997e-01   4.1137996e+00   2.8341860e-02   3.3823646e-02   3.7499188e-02   4.3650783e-02   9.7179353e-01   1.2000000e+01
   2.2000000e+01   5.9381600e+02   9.4231682e-01   9.7000000e+01   9.5000000e+01   3.7000000e+02   1.0176774e+01   6.0230449e+01   5.5038187e+00   1.4840129e+00   6.5025039e+00   1.5748556e+00   4.1403874e-02   8.8876080e-01   1.5847639e-02   1.8012511e-02   1.6794710e-02   1.9019345e-02   9.9171258e-01   8.0000000e+00
   2.9000000e+01   6.5636000e+02   8.9816184e-01   8.5000000e+01   2.1800000e+02   1.8400000e+02   9.8596065e+00   1.0870161e+02   6.1379169e+00   1.4838366e+00   5.8159143e+00   1.6520815e+00   5.4891219e-02   1.2061006e+00   1.1651450e-02   1.3380534e-02   1.2900023e-02   1.4717075e-02   9.9544855e-01   1.0000000e+01
   9.0000000e+00   5.2840709e+02   9.7926430e-01   8.4091612e+01   7.2000000e+01   3.7900000e+02   8.4860213e+00   7.6963399e+01   6.0440146e+00   1.4836161e+00   6.3834079e+00   1.5150314e+00   4.3377000e-02   9.1302752e-01   1.2938228e-02   1.4620903e-02   1.3205979e-02   1.4899993e-02   9.9452065e-01   1.4000000e+01
   2.7000000e+01   6.5636000e+02   8.8357969e-01   8.5000000e+01   1.3600000e+02   7.1000000e+01   9.4133716e+00   1.0162377e+02   5.6416642e+00   1.4812326e+00   5.7467678e+00   1.6763996e+00   5.1163764e-02   1.1305485e+00   1.1595559e-02   1.3341489e-02   1.3075802e-02   1.4928448e-02   9.9543743e-01   1.0000000e+00
   3.0000000e+01   4.0618400e+02   1.0281782e+00   8.2000000e+01   2.9100000e+02   1.6900000e+02   1.0183035e+01   4.6645389e+01   5.6254838e+00   1.4812303e+00   5.6736292e+00   1.4406359e+00   3.3017965e-02   6.7805126e-01   1.6161783e-02   1.8110179e-02   1.5739584e-02   1.7664086e-02   9.9158361e-01   7.0000000e+00
   2.8000000e+01   5.6254400e+02   9.6575839e-01   9.4000000e+01   4.1200000e+02   2.1700000e+02   8.6986530e+00   7.7157032e+01   5.9240613e+00   1.4774771e+00   6.1857792e+00   1.5298621e+00   4.5814564e-02   9.6669494e-01   1.3586338e-02   1.5371684e-02   1.4056914e-02   1.5872313e-02   9.9391040e-01   5.0000000e+00
   1.5000000e+01   8.1272000e+02   7.9952545e-01   9.0000000e+01   4.4100000e+02   3.8800000e+02   6.4571021e+00   2.6459248e+01   5.9186308e+00   1.4735681e+00   5.6711821e+00   1.8430534e+00   2.0770500e-02   4.7925520e-01   1.8049630e-02   2.1168952e-02   2.2445800e-02   2.5867748e-02   9.8852988e-01   2.6000000e+01
   2.7000000e+01   7.3849759e+02   8.3175332e-01   8.2373446e+01   2.0700000e+02   3.3700000e+02   9.0931003e+00   4.4753878e+01   6.3797822e+00   1.4725090e+00   5.6756312e+00   1.7703675e+00   3.2184996e-02   7.2841063e-01   1.6513388e-02   1.9191128e-02   1.9748955e-02   2.2655890e-02   9.9052850e-01   1.4000000e+01
   1.2000000e+01   9.3780800e+02   7.6109225e-01   7.7000000e+01   2.0100000e+02   2.1300000e+02   7.9791464e+00   4.2215917e+01   6.3702091e+00   1.4710662e+00   5.6655281e+00   1.9328356e+00   2.3732590e-02   5.6081683e-01   1.2944238e-02   1.5334979e-02   1.6892440e-02   1.9563562e-02   9.9395580e-01   5.0000000e+00
   4.0000000e+00   1.0003520e+03   6.4839932e-01   6.9000000e+01   1.3800000e+02   3.6200000e+02   8.0330233e+00   5.7687623e+01   5.6019287e+00   1.4691707e+00   6.3515692e+00   2.2658424e+00   3.5910166e-02   9.2399353e-01   1.4501446e-02   1.7850705e-02   2.2188208e-02   2.6182372e-02   9.9194372e-01   1.2000000e+01
   2.2000000e+01   5.6254400e+02   9.7730897e-01   9.8000000e+01   4.4100000e+02   3.8100000e+02   9.2827505e+00   4.3040581e+01   5.5457726e+00   1.4690489e+00   5.8398519e+00   1.5031571e+00   2.4179855e-02   5.0473390e-01   1.2761235e-02   1.4379428e-02   1.3052952e-02   1.4696441e-02   9.9459737e-01   9.0000000e+00
   2.2000000e+01   6.8814129e+02   8.1809826e-01   9.3983714e+01   9.4000000e+01   1.7100000e+02   1.1081424e+01   1.6688719e+02   5.7415852e+00   1.4647199e+00   6.1760981e+00   1.7903960e+00   8.7272964e-02   1.9808909e+00   1.1940505e-02   1.3906150e-02   1.4504519e-02   1.6654001e-02   9.9496628e-01   3.0000000e+00
   3.0000000e+01   6.7653198e+02   8.4251782e-01   7.3354951e+01   8.6000000e+01   3.7100000e+02   9.4790527e+00   4.7403582e+01   6.0281553e+00   1.4637168e+00   5.6877137e+00   1.7373125e+00   3.4051574e-02   7.6062559e-01   1.6390199e-02   1.8959816e-02   1.9372766e-02   2.2144659e-02   9.9063624e-01   1.8000000e+01
   2.1000000e+01   7.5017600e+02   7.6077634e-01   8.4000000e+01   1.0900000e+02   1.6900000e+02   6.7880454e+00   7.2413198e+01   6.2645119e+00   1.4612092e+00   5.8424814e+00   1.9206817e+00   5.0539565e-02   1.1859696e+00   1.5946605e-02   1.8851383e-02   2.0801238e-02   2.4050177e-02   9.9078229e-01   3.0000000e+00
   1.1000000e+01   7.1890400e+02   8.6721130e-01   8.3000000e+01   3.4000000e+02   7.7000000e+01   7.3896754e+00   4.7812137e+01   6.1628178e+00   1.4607256e+00   5.9632582e+00   1.6843941e+00   3.0193121e-02   6.6426246e-01   1.4339273e-02   1.6488891e-02   1.6462261e-02   1.8763917e-02   9.9287426e-01   1.0000000e+00
   9.0000000e+00   8.7625528e+02   7.9452600e-01   7.2968302e+01   3.5200000e+02   1.7100000e+02   8.2233652e+00   9.1237106e+01   5.8343726e+00   1.4606946e+00   6.0558110e+00   1.8384479e+00   5.1090147e-02   1.1739122e+00   1.2750115e-02   1.4935292e-02   1.5953318e-02   1.8367416e-02   9.9418238e-01   4.0000000e+00
   1.2000000e+01   4.0618400e+02   1.0477314e+00   9.4000000e+01   2.9700000e+02   8.1000000e+01   7.3763251e+00   4.5901969e+01   6.3576745e+00   1.4549889e+00   6.0124383e+00   1.3887041e+00   1.7334795e-02   3.4672358e-01   8.4234214e-03   9.3756719e-03   8.0557230e-03   8.9893939e-03   9.9765461e-01   1.0000000e+00
   1.0000000e+01   8.3366874e+02   7.4482461e-01   7.0330112e+01   1.5300000e+02   4.0000000e+02   9.1582323e+00   1.4608258e+02   6.5181661e+00   1.4531502e+00   6.2599774e+00   1.9509965e+00   8.7627008e-02   2.0682071e+00   1.3692649e-02   1.6206745e-02   1.8202914e-02   2.1044399e-02   9.9311069e-01   1.8000000e+01
   3.4000000e+01   5.0000000e+02   8.9964123e-01   1.0000000e+02   2.7300000e+02   3.9200000e+02   8.1594437e+00   3.8099485e+01   6.0045099e+00   1.4529115e+00   6.1027880e+00   1.6149899e+00   1.9836987e-02   4.2644095e-01   1.1740870e-02   1.3384361e-02   1.3001890e-02   1.4732047e-02   9.9523808e-01   2.0000000e+01
   2.8000000e+01   6.5636000e+02   9.0459580e-01   9.1000000e+01   2.9000000e+02   1.3200000e+02   8.5476286e+00   3.5140691e+01   5.5210640e+00   1.4526590e+00   6.5783789e+00   1.6058653e+00   3.4889624e-02   7.4828407e-01   2.2441038e-02   2.5523861e-02   2.4763567e-02   2.7982159e-02   9.8283890e-01   3.0000000e+00
   2.0000000e+01   1.0037605e+03   6.5777466e-01   6.6891004e+01   1.1000000e+02   3.1700000e+02   8.7447903e+00   1.0216771e+02   5.9225429e+00   1.4525761e+00   5.7788813e+00   2.2083187e+00   6.5747373e-02   1.6545480e+00   1.4829411e-02   1.8092462e-02   2.2293211e-02   2.6120428e-02   9.9154292e-01   1.0000000e+01
   7.0000000e+00   8.4399200e+02   6.8555661e-01   7.4000000e+01   7.7000000e+01   3.9100000e+02   8.9330788e+00   1.0216049e+02   5.8945436e+00   1.4438307e+00   5.7197544e+00   2.1060707e+00   6.9492441e-02   1.7014700e+00   1.5511412e-02   1.8680805e-02   2.2418198e-02   2.6087017e-02   9.9081763e-01   1.6000000e+01
   6.0000000e+00   5.3127200e+02   9.9335350e-01   8.7000000e+01   2.2900000e+02   3.7100000e+02   8.0889644e+00   5.1505183e+01   5.5241020e+00   1.4433297e+00   6.0696002e+00   1.4529870e+00   3.2305719e-02   6.5817506e-01   1.3950816e-02   1.5613380e-02   1.4043319e-02   1.5718529e-02   9.9344021e-01   8.0000000e+00
   1.6000000e+01   8.2396078e+02   8.5694735e-01   6.8640548e+01   3.0300000e+02   9.1000000e+01   8.2792001e+00   6.6105055e+01   5.7833567e+00   1.4416695e+00   6.1323149e+00   1.6823314e+00   3.7373653e-02   8.1739575e-01   1.2675379e-02   1.4547005e-02   1.4738559e-02   1.6755207e-02   9.9431460e-01   2.0000000e+00
   1.8000000e+01   4.3745600e+02   1.0349003e+00   9.0000000e+01   2.7500000e+02   2.3800000e+02   7.4344265e+00   4.1765658e+01   6.1454986e+00   1.4409037e+00   6.1576591e+00   1.3923116e+00   2.2324183e-02   4.4496135e-01   1.1795577e-02   1.3126383e-02   1.1417674e-02   1.2727268e-02   9.9533204e-01   8.0000000e+00
   2.3000000e+01   6.5636000e+02   8.8589834e-01   7.8000000e+01   2.9300000e+02   3.3700000e+02   1.0048296e+01   6.2706600e+01   6.1695765e+00   1.4346011e+00   6.4740991e+00   1.6193744e+00   3.3536588e-02   7.1793259e-01   1.1927463e-02   1.3576272e-02   1.3419515e-02   1.5156819e-02   9.9498113e-01   1.5000000e+01
   2.0000000e+01   6.9252662e+02   8.0441774e-01   7.6843482e+01   2.0300000e+02   3.1200000e+02   8.2351690e+00   4.5460456e+01   5.6638419e+00   1.4344452e+00   6.3653320e+00   1.7832093e+00   3.6755620e-02   8.2507835e-01   1.8124575e-02   2.1007042e-02   2.2414404e-02   2.5589358e-02   9.8811240e-01   9.0000000e+00
   5.0000000e+00   6.9956877e+02   8.2628042e-01   9.0618292e+01   1.0600000e+02   3.1000000e+02   8.7788131e+00   9.8097039e+01   5.7458250e+00   1.4340891e+00   5.9962237e+00   1.7355962e+00   6.7786388e-02   1.5009026e+00   1.5443817e-02   1.7813911e-02   1.8578431e-02   2.1171931e-02   9.9142576e-01   1.0000000e+01
   2.5000000e+01   6.8763200e+02   8.1313015e-01   8.1000000e+01   3.6100000e+02   3.2100000e+02   9.1247830e+00   3.8890981e+01   5.9223760e+00   1.4334572e+00   6.1464037e+00   1.7628878e+00   3.9299314e-02   8.7638233e-01   2.2592328e-02   2.6138627e-02   2.7611949e-02   3.1509021e-02   9.8170624e-01   6.0000000e+00
   6.0000000e+00   8.2509384e+02   7.6475007e-01   7.7604316e+01   3.1300000e+02   3.2500000e+02   7.7490060e+00   5.0504898e+01   5.7415437e+00   1.4334522e+00   6.0792610e+00   1.8744061e+00   2.8975357e-02   6.6574424e-01   1.2870366e-02   1.5076628e-02   1.6702991e-02   1.9180025e-02   9.9385304e-01   7.0000000e+00
   3.1000000e+01   8.1272000e+02   7.3330390e-01   7.3000000e+01   1.7400000e+02   1.8500000e+02   8.4946109e+00   3.5177174e+01   5.8808852e+00   1.4322118e+00   5.3015765e+00   1.9530945e+00   2.6307379e-02   6.1833471e-01   1.7000201e-02   2.0037798e-02   2.2941569e-02   2.6395377e-02   9.8923582e-01   1.0000000e+01
   3.0000000e+01   5.5584922e+02   9.1411055e-01   7.7214082e+01   1.6800000e+02   2.2900000e+02   9.8254444e+00   8.7416371e+01   6.2662457e+00   1.4307755e+00   6.2070323e+00   1.5652106e+00   3.7750007e-02   7.9335220e-01   9.5754312e-03   1.0833040e-02   1.0439008e-02   1.1753435e-02   9.9678045e-01   1.2000000e+01
   8.0000000e+00   5.8672353e+02   9.4590025e-01   7.9226799e+01   1.6100000e+02   3.2600000e+02   8.3691324e+00   9.5925217e+01   6.3998597e+00   1.4293649e+00   5.7125910e+00   1.5111159e+00   4.5459643e-02   9.3867928e-01   1.0467901e-02   1.1772018e-02   1.1047091e-02   1.2388593e-02   9.9618553e-01   1.4000000e+01
   2.3000000e+01   7.9814279e+02   7.6033587e-01   7.3466142e+01   2.3000000e+02   2.6100000e+02   1.0458770e+01   4.9193450e+01   5.9338250e+00   1.4292196e+00   6.0211894e+00   1.8797214e+00   3.5663356e-02   8.1951224e-01   1.6218670e-02   1.9005503e-02   2.1164898e-02   2.4297839e-02   9.9022279e-01   1.2000000e+01
   2.1000000e+01   5.3127200e+02   9.4782457e-01   9.1000000e+01   7.5000000e+01   2.3100000e+02   6.3968892e+00   5.3090775e+01   6.0105437e+00   1.4244528e+00   6.2329892e+00   1.5028655e+00   2.8890037e-02   5.9407976e-01   1.1964563e-02   1.3445448e-02   1.2597866e-02   1.4116343e-02   9.9500473e-01   6.0000000e+00
   2.3000000e+01   6.5429852e+02   8.7099057e-01   7.8065921e+01   2.9500000e+02   1.0500000e+02   1.0282508e+01   7.3164163e+01   6.4314805e+00   1.4239345e+00   6.0817161e+00   1.6348449e+00   5.0515645e-02   1.0823518e+00   1.5280952e-02   1.7404388e-02   1.7465608e-02   1.9744038e-02   9.9166993e-01   3.0000000e+00
   3.4000000e+01   8.0891469e+02   8.2938513e-01   9.0121684e+01   2.2200000e+02   2.4500000e+02   8.2420343e+00   4.7218077e+01   5.6503827e+00   1.4232681e+00   5.6877242e+00   1.7160521e+00   3.2883764e-02   7.2183871e-01   1.5468758e-02   1.7776663e-02   1.8525868e-02   2.1041753e-02   9.9134134e-01   8.0000000e+00
   8.0000000e+00   9.3780800e+02   6.9408678e-01   6.8000000e+01   2.3700000e+02   3.3100000e+02   8.3542540e+00   7.3952434e+01   6.3088885e+00   1.4227608e+00   6.0731917e+00   2.0498314e+00   4.3636234e-02   1.0449770e+00   1.3250294e-02   1.5799033e-02   1.8908352e-02   2.1855743e-02   9.9319332e-01   1.6000000e+01
   6.0000000e+00   7.1380699e+02   8.6222001e-01   8.1162990e+01   3.6000000e+02   4.3100000e+02   7.7585773e+00   3.6509193e+01   5.9420347e+00   1.4222614e+00   6.3282512e+00   1.6495342e+00   1.7729858e-02   3.8125378e-01   1.0746003e-02   1.2259521e-02   1.2401563e-02   1.4021670e-02   9.9584267e-01   1.1000000e+01
   5.0000000e+00   7.1890400e+02   8.3972258e-01   9.0000000e+01   2.8000000e+02   1.0700000e+02   7.8256268e+00   4.9337798e+01   5.6335432e+00   1.4209322e+00   5.9808297e+00   1.6921448e+00   2.7702800e-02   6.0354208e-01   1.2416848e-02   1.4233622e-02   1.4723542e-02   1.6704085e-02   9.9440523e-01   3.0000000e+00
   1.0000000e+01   6.8763200e+02   8.4316671e-01   7.5000000e+01   4.2400000e+02   1.3100000e+02   7.7487954e+00   4.1616660e+01   6.3915061e+00   1.4191723e+00   6.2485052e+00   1.6831456e+00   2.8828615e-02   6.2551569e-01   1.5310566e-02   1.7521000e-02   1.8072895e-02   2.0473245e-02   9.9150794e-01   1.0000000e+00
   1.3000000e+01   7.8076095e+02   7.1899185e-01   8.5021970e+01   2.1700000e+02   2.5800000e+02   8.1328854e+00   3.6931624e+01   5.9133668e+00   1.4175908e+00   5.7114025e+00   1.9716368e+00   2.8036271e-02   6.5704472e-01   1.6979123e-02   2.0050511e-02   2.3380023e-02   2.6894387e-02   9.8899784e-01   6.0000000e+00
   1.7000000e+01   5.0000000e+02   9.8781447e-01   8.9000000e+01   1.2700000e+02   2.7600000e+02   8.0115628e+00   5.1159634e+01   6.0978207e+00   1.4161890e+00   5.7991447e+00   1.4336589e+00   2.8970145e-02   5.8068831e-01   1.2318927e-02   1.3742735e-02   1.2473514e-02   1.3905453e-02   9.9473130e-01   5.0000000e+00
   5.0000000e+00   5.9626590e+02   9.2446948e-01   9.3921659e+01   1.8400000e+02   3.7200000e+02   7.8216131e+00   5.4391127e+01   5.7709415e+00   1.4081942e+00   5.9857782e+00   1.5232457e+00   3.0872166e-02   6.3609555e-01   1.2346340e-02   1.3889409e-02   1.3325883e-02   1.4931598e-02   9.9457060e-01   1.3000000e+01
   6.0000000e+00   6.9528864e+02   8.8764745e-01   8.1755160e+01   8.1000000e+01   9.2000000e+01   7.2405894e+00   2.7752226e+01   6.1310888e+00   1.4080599e+00   5.9866679e+00   1.5862828e+00   2.8340149e-02   5.9478117e-01   2.2287029e-02   2.5226544e-02   2.5007564e-02   2.8125868e-02   9.8227561e-01   1.0000000e+00
   8.0000000e+00   7.1890400e+02   7.2033369e-01   7.5000000e+01   1.3300000e+02   2.1200000e+02   7.4997644e+00   4.2492667e+01   5.6270250e+00   1.4075333e+00   5.8557967e+00   1.9540018e+00   3.0088342e-02   6.9946638e-01   1.5698397e-02   1.8474341e-02   2.1598207e-02   2.4786327e-02   9.9048271e-01   1.0000000e+01
   1.1000000e+01   5.0000000e+02   9.7011257e-01   9.0000000e+01   2.6800000e+02   2.2000000e+02   7.0521403e+00   3.7269528e+01   6.0629529e+00   1.4054855e+00   6.4982061e+00   1.4487860e+00   1.6467372e-02   3.3064477e-01   9.5428624e-03   1.0653474e-02   9.8295605e-03   1.0951406e-02   9.9677830e-01   3.0000000e+00
   1.6000000e+01   6.2508800e+02   9.4953642e-01   7.5000000e+01   2.4700000e+02   2.4700000e+02   7.9588355e+00   3.7816790e+01   6.1349544e+00   1.4054670e+00   6.0213521e+00   1.4801613e+00   1.9049606e-02   3.8643572e-01   1.0900969e-02   1.2207407e-02   1.1457095e-02   1.2797197e-02   9.9577713e-01   3.0000000e+00
   1.4000000e+01   5.6254400e+02   8.3289312e-01   8.2000000e+01   3.4000000e+02   1.0700000e+02   8.1092259e+00   5.0021644e+01   6.2945753e+00   1.4051240e+00   6.0085669e+00   1.6870399e+00   3.9902368e-02   8.6213000e-01   1.7459278e-02   1.9963687e-02   2.0834423e-02   2.3571988e-02   9.8880394e-01   1.0000000e+00
   2.6000000e+01   7.1323633e+02   7.8314065e-01   7.7181238e+01   1.9600000e+02   2.6400000e+02   9.9303527e+00   5.7284453e+01   6.2975922e+00   1.4047332e+00   6.1914629e+00   1.7937176e+00   4.1005824e-02   9.1339776e-01   1.5729841e-02   1.8194148e-02   1.9947083e-02   2.2702488e-02   9.9070341e-01   8.0000000e+00
   1.6000000e+01   8.0802452e+02   7.9547330e-01   6.9150150e+01   1.9000000e+02   2.7200000e+02   8.3334651e+00   8.3478983e+01   5.8966713e+00   1.4030532e+00   5.9250257e+00   1.7637967e+00   4.0833400e-02   9.0155354e-01   1.0722254e-02   1.2363852e-02   1.3381463e-02   1.5206372e-02   9.9567994e-01   4.0000000e+00
   7.0000000e+00   5.6254400e+02   9.8152690e-01   8.3000000e+01   2.6000000e+02   3.2400000e+02   8.1179338e+00   6.5260380e+01   5.4666004e+00   1.4000547e+00   6.2605742e+00   1.4264048e+00   3.6354260e-02   7.2305438e-01   1.1961159e-02   1.3314781e-02   1.2178092e-02   1.3547916e-02   9.9493776e-01   1.1000000e+01
   1.5000000e+01   7.5017600e+02   7.6715062e-01   9.2000000e+01   1.5600000e+02   1.4400000e+02   7.4673095e+00   4.5032564e+01   6.1047321e+00   1.3975723e+00   6.2681079e+00   1.8217704e+00   2.9756307e-02   6.6613433e-01   1.4476660e-02   1.6780157e-02   1.8723698e-02   2.1313814e-02   9.9201049e-01   6.0000000e+00
   7.0000000e+00   9.1515449e+02   7.3141271e-01   7.1724403e+01   3.5700000e+02   3.1200000e+02   8.3542759e+00   6.9492348e+01   5.7552378e+00   1.3952336e+00   5.5697703e+00   1.9075873e+00   5.0705895e-02   1.1603755e+00   1.6070757e-02   1.8775291e-02   2.1757526e-02   2.4846263e-02   9.9000224e-01   9.0000000e+00
   7.0000000e+00   5.6254400e+02   9.8532717e-01   8.3000000e+01   3.4100000e+02   1.8700000e+02   8.2249623e+00   6.2656523e+01   6.2804170e+00   1.3936816e+00   6.1240977e+00   1.4144353e+00   2.7499947e-02   5.4363323e-01   9.3614829e-03   1.0410536e-02   9.4971332e-03   1.0554429e-02   9.9687706e-01   2.0000000e+00
   3.2000000e+01   5.9381600e+02   9.3291324e-01   9.0000000e+01   2.1700000e+02   1.6200000e+02   8.8818760e+00   5.0580237e+01   6.1778319e+00   1.3909189e+00   6.2995433e+00   1.4909413e+00   2.6253385e-02   5.3169216e-01   1.1121954e-02   1.2454003e-02   1.1889900e-02   1.3265245e-02   9.9551956e-01   2.0000000e+00
   3.3000000e+01   5.9381600e+02   8.8623037e-01   8.7000000e+01   2.6700000e+02   3.0900000e+02   8.0877351e+00   3.2340282e+01   5.8660919e+00   1.3872403e+00   6.2937226e+00   1.5653269e+00   2.5979628e-02   5.3818919e-01   1.7255410e-02   1.9458287e-02   1.9385698e-02   2.1717247e-02   9.8909418e-01   6.0000000e+00
   1.3000000e+01   7.1890400e+02   7.2244471e-01   8.7000000e+01   1.2300000e+02   3.4600000e+02   7.9145998e+00   8.4480160e+01   6.3185055e+00   1.3859209e+00   5.6818462e+00   1.9183764e+00   4.9841247e-02   1.1399900e+00   1.2903862e-02   1.5078798e-02   1.7682777e-02   2.0183437e-02   9.9344744e-01   1.0000000e+01
   1.1000000e+01   5.6727937e+02   9.9111063e-01   8.7848575e+01   3.1200000e+02   3.9900000e+02   7.3882151e+00   3.1029805e+01   6.0822727e+00   1.3836250e+00   6.1819359e+00   1.3960348e+00   2.0717020e-02   4.0563967e-01   1.4099988e-02   1.5647833e-02   1.4222677e-02   1.5776411e-02   9.9288326e-01   8.0000000e+00
   1.0000000e+01   7.8946369e+02   8.5904793e-01   7.1743679e+01   4.3500000e+02   2.9600000e+02   8.0154661e+00   5.0475221e+01   6.1532903e+00   1.3782599e+00   6.0256100e+00   1.6044039e+00   2.6540035e-02   5.5450012e-01   1.1241300e-02   1.2716486e-02   1.3013224e-02   1.4602345e-02   9.9525708e-01   1.2000000e+01
   1.6000000e+01   5.9717303e+02   8.6089727e-01   7.5892651e+01   2.7500000e+02   3.0600000e+02   8.1264788e+00   6.8565431e+01   6.4122694e+00   1.3741068e+00   5.9541153e+00   1.5961333e+00   3.2910774e-02   6.8491635e-01   1.0232229e-02   1.1558504e-02   1.1814539e-02   1.3243805e-02   9.9605731e-01   6.0000000e+00
   3.3000000e+01   6.5636000e+02   8.5438045e-01   8.5000000e+01   2.6200000e+02   1.6800000e+02   8.5055445e+00   6.2669836e+01   5.7993706e+00   1.3717566e+00   5.8946685e+00   1.6055571e+00   3.2354003e-02   6.7510021e-01   1.0986941e-02   1.2425212e-02   1.2788619e-02   1.4341777e-02   9.9543809e-01   2.0000000e+00
   8.0000000e+00   6.3021791e+02   8.8945294e-01   7.7835958e+01   1.4600000e+02   1.7700000e+02   7.6945433e+00   6.9069034e+01   6.0017734e+00   1.3689482e+00   5.7066812e+00   1.5390901e+00   3.5001119e-02   7.1427620e-01   1.0719611e-02   1.2040289e-02   1.2002263e-02   1.3397025e-02   9.9569111e-01   6.0000000e+00
   4.0000000e+00   7.9500892e+02   8.2198059e-01   7.5566356e+01   3.8600000e+02   2.2000000e+02   7.6163125e+00   3.4838988e+01   6.2947977e+00   1.3648612e+00   6.1968191e+00   1.6604543e+00   2.5940036e-02   5.4902277e-01   1.5811857e-02   1.7967424e-02   1.9120060e-02   2.1489088e-02   9.9041892e-01   7.0000000e+00
   1.5000000e+01   6.5636000e+02   8.6878599e-01   9.5000000e+01   3.4700000e+02   2.9600000e+02   7.3360575e+00   3.4823911e+01   6.3797852e+00   1.3594692e+00   5.8419094e+00   1.5647918e+00   2.8494085e-02   5.8424327e-01   1.7204786e-02   1.9355379e-02   1.9710069e-02   2.2014758e-02   9.8878768e-01   2.0000000e+01
   2.0000000e+01   7.1711082e+02   8.6471210e-01   7.6057342e+01   3.5900000e+02   2.9800000e+02   8.4150872e+00   3.5969325e+01   5.5445623e+00   1.3538324e+00   6.4071608e+00   1.5656453e+00   3.0268373e-02   6.2006707e-01   1.7635076e-02   1.9831488e-02   2.0291050e-02   2.2640913e-02   9.8816178e-01   8.0000000e+00
