   3.1559706e+00   1.6954909e+00  -3.1624000e+01
   3.1502061e+00   1.6933787e+00  -3.0624000e+01
   3.1444530e+00   1.6912738e+00  -2.9624000e+01
   3.1387114e+00   1.6891762e+00  -2.8624000e+01
   3.1329812e+00   1.6870860e+00  -2.7624000e+01
   3.1272625e+00   1.6850031e+00  -2.6624000e+01
   3.1215552e+00   1.6829274e+00  -2.5624000e+01
   3.1158593e+00   1.6808591e+00  -2.4624000e+01
   3.1101749e+00   1.6787980e+00  -2.3624000e+01
   3.1045018e+00   1.6767442e+00  -2.2624000e+01
   3.0988401e+00   1.6746977e+00  -2.1624000e+01
   3.0931898e+00   1.6726585e+00  -2.0624000e+01
   3.0875508e+00   1.6706266e+00  -1.9624000e+01
   3.0819232e+00   1.6686019e+00  -1.8624000e+01
   3.0763070e+00   1.6665844e+00  -1.7624000e+01
   3.0707021e+00   1.6645742e+00  -1.6624000e+01
   3.0651086e+00   1.6625712e+00  -1.5624000e+01
   3.0595264e+00   1.6605755e+00  -1.4624000e+01
   3.0539554e+00   1.6585870e+00  -1.3624000e+01
   3.0483958e+00   1.6566057e+00  -1.2624000e+01
   3.0428475e+00   1.6546316e+00  -1.1624000e+01
   3.0373105e+00   1.6526648e+00  -1.0624000e+01
   3.0317848e+00   1.6507051e+00  -9.6240000e+00
   3.0262703e+00   1.6487526e+00  -8.6240000e+00
   3.0207671e+00   1.6468074e+00  -7.6240000e+00
   3.0152751e+00   1.6448693e+00  -6.6240000e+00
   3.0097944e+00   1.6429383e+00  -5.6240000e+00
   3.0043249e+00   1.6410146e+00  -4.6240000e+00
   2.9988667e+00   1.6390980e+00  -3.6240000e+00
   2.9934196e+00   1.6371886e+00  -2.6240000e+00
   2.9879838e+00   1.6352863e+00  -1.6240000e+00
   2.9825591e+00   1.6333912e+00  -6.2400000e-01
   2.9771457e+00   1.6315032e+00   3.7600000e-01
   2.9717434e+00   1.6296223e+00   1.3760000e+00
   2.9663523e+00   1.6277486e+00   2.3760000e+00
   2.9609724e+00   1.6258820e+00   3.3760000e+00
   2.9556036e+00   1.6240225e+00   4.3760000e+00
   2.9502459e+00   1.6221701e+00   5.3760000e+00
   2.9448994e+00   1.6203248e+00   6.3760000e+00
   2.9395640e+00   1.6184866e+00   7.3760000e+00
   2.9342397e+00   1.6166555e+00   8.3760000e+00
   2.9289265e+00   1.6148315e+00   9.3760000e+00
   2.9236245e+00   1.6130145e+00   1.0376000e+01
   2.9183335e+00   1.6112046e+00   1.1376000e+01
   2.9130536e+00   1.6094018e+00   1.2376000e+01
   2.9077847e+00   1.6076061e+00   1.3376000e+01
   2.9025269e+00   1.6058173e+00   1.4376000e+01
   2.8972802e+00   1.6040357e+00   1.5376000e+01
   2.8920445e+00   1.6022611e+00   1.6376000e+01
   2.8868198e+00   1.6004935e+00   1.7376000e+01
   2.8816062e+00   1.5987329e+00   1.8376000e+01
   2.8764036e+00   1.5969794e+00   1.9376000e+01
   2.8712119e+00   1.5952328e+00   2.0376000e+01
   2.8660313e+00   1.5934933e+00   2.1376000e+01
   2.8608617e+00   1.5917608e+00   2.2376000e+01
   2.8557030e+00   1.5900352e+00   2.3376000e+01
   2.8505553e+00   1.5883167e+00   2.4376000e+01
   2.8454186e+00   1.5866051e+00   2.5376000e+01
   2.8402928e+00   1.5849006e+00   2.6376000e+01
   2.8351780e+00   1.5832029e+00   2.7376000e+01
   2.8300741e+00   1.5815123e+00   2.8376000e+01
   2.8249811e+00   1.5798286e+00   2.9376000e+01
   2.8198990e+00   1.5781519e+00   3.0376000e+01
   2.8148278e+00   1.5764821e+00   3.1376000e+01
   2.8097676e+00   1.5748192e+00   3.2376000e+01
   2.8047182e+00   1.5731633e+00   3.3376000e+01
   2.7996797e+00   1.5715143e+00   3.4376000e+01
   2.7946520e+00   1.5698722e+00   3.5376000e+01
   2.7896352e+00   1.5682370e+00   3.6376000e+01
   2.7846293e+00   1.5666087e+00   3.7376000e+01
   2.7796342e+00   1.5649874e+00   3.8376000e+01
   2.7746499e+00   1.5633729e+00   3.9376000e+01
   2.7696765e+00   1.5617653e+00   4.0376000e+01
   2.7647139e+00   1.5601646e+00   4.1376000e+01
   2.7597621e+00   1.5585708e+00   4.2376000e+01
   2.7548210e+00   1.5569838e+00   4.3376000e+01
   2.7498908e+00   1.5554038e+00   4.4376000e+01
   2.7449713e+00   1.5538305e+00   4.5376000e+01
   2.7400626e+00   1.5522641e+00   4.6376000e+01
   2.7351647e+00   1.5507046e+00   4.7376000e+01
   2.7302775e+00   1.5491519e+00   4.8376000e+01
   2.7254010e+00   1.5476060e+00   4.9376000e+01
   2.7205353e+00   1.5460670e+00   5.0376000e+01
   2.7156803e+00   1.5445347e+00   5.1376000e+01
   2.7108360e+00   1.5430093e+00   5.2376000e+01
   2.7060024e+00   1.5414907e+00   5.3376000e+01
   2.7011796e+00   1.5399789e+00   5.4376000e+01
   2.6963673e+00   1.5384739e+00   5.5376000e+01
   2.6915658e+00   1.5369757e+00   5.6376000e+01
   2.6867750e+00   1.5354842e+00   5.7376000e+01
   2.6819948e+00   1.5339996e+00   5.8376000e+01
   2.6772252e+00   1.5325217e+00   5.9376000e+01
   2.6724663e+00   1.5310505e+00   6.0376000e+01
   2.6677180e+00   1.5295861e+00   6.1376000e+01
   2.6629803e+00   1.5281285e+00   6.2376000e+01
   2.6582533e+00   1.5266776e+00   6.3376000e+01
   2.6535368e+00   1.5252335e+00   6.4376000e+01
   2.6488310e+00   1.5237960e+00   6.5376000e+01
   2.6441357e+00   1.5223654e+00   6.6376000e+01
   2.6394510e+00   1.5209414e+00   6.7376000e+01
   2.6347769e+00   1.5195241e+00   6.8376000e+01
   2.6301133e+00   1.5181136e+00   6.9376000e+01
   2.6254603e+00   1.5167097e+00   7.0376000e+01
   2.6208178e+00   1.5153125e+00   7.1376000e+01
   2.6161858e+00   1.5139221e+00   7.2376000e+01
   2.6115644e+00   1.5125383e+00   7.3376000e+01
   2.6069535e+00   1.5111611e+00   7.4376000e+01
   2.6023531e+00   1.5097907e+00   7.5376000e+01
   2.5977631e+00   1.5084269e+00   7.6376000e+01
   2.5931837e+00   1.5070698e+00   7.7376000e+01
   2.5886147e+00   1.5057193e+00   7.8376000e+01
   2.5840562e+00   1.5043754e+00   7.9376000e+01
   2.5795082e+00   1.5030382e+00   8.0376000e+01
   2.5749706e+00   1.5017077e+00   8.1376000e+01
   2.5704434e+00   1.5003837e+00   8.2376000e+01
   2.5659267e+00   1.4990664e+00   8.3376000e+01
   2.5614204e+00   1.4977557e+00   8.4376000e+01
   2.5569245e+00   1.4964516e+00   8.5376000e+01
   2.5524390e+00   1.4951540e+00   8.6376000e+01
   2.5479639e+00   1.4938631e+00   8.7376000e+01
   2.5434992e+00   1.4925788e+00   8.8376000e+01
   2.5390448e+00   1.4913010e+00   8.9376000e+01
   2.5346008e+00   1.4900299e+00   9.0376000e+01
   2.5301672e+00   1.4887653e+00   9.1376000e+01
   2.5257439e+00   1.4875072e+00   9.2376000e+01
   2.5213310e+00   1.4862557e+00   9.3376000e+01
   2.5169284e+00   1.4850108e+00   9.4376000e+01
   2.5125361e+00   1.4837724e+00   9.5376000e+01
   2.5081541e+00   1.4825405e+00   9.6376000e+01
   2.5037824e+00   1.4813152e+00   9.7376000e+01
   2.4994210e+00   1.4800964e+00   9.8376000e+01
   2.4950699e+00   1.4788841e+00   9.9376000e+01
   2.4907291e+00   1.4776783e+00   1.0037600e+02
   2.4863985e+00   1.4764790e+00   1.0137600e+02
   2.4820782e+00   1.4752863e+00   1.0237600e+02
   2.4777682e+00   1.4741000e+00   1.0337600e+02
   2.4734683e+00   1.4729202e+00   1.0437600e+02
   2.4691787e+00   1.4717469e+00   1.0537600e+02
   2.4648994e+00   1.4705800e+00   1.0637600e+02
   2.4606302e+00   1.4694197e+00   1.0737600e+02
   2.4563712e+00   1.4682658e+00   1.0837600e+02
   2.4521224e+00   1.4671183e+00   1.0937600e+02
   2.4478838e+00   1.4659773e+00   1.1037600e+02
   2.4436554e+00   1.4648427e+00   1.1137600e+02
   2.4394372e+00   1.4637146e+00   1.1237600e+02
   2.4352291e+00   1.4625929e+00   1.1337600e+02
   2.4310311e+00   1.4614777e+00   1.1437600e+02
   2.4268433e+00   1.4603688e+00   1.1537600e+02
   2.4226656e+00   1.4592664e+00   1.1637600e+02
   2.4184980e+00   1.4581703e+00   1.1737600e+02
   2.4143406e+00   1.4570807e+00   1.1837600e+02
   2.4101932e+00   1.4559974e+00   1.1937600e+02
   2.4060559e+00   1.4549206e+00   1.2037600e+02
   2.4019288e+00   1.4538501e+00   1.2137600e+02
   2.3978116e+00   1.4527860e+00   1.2237600e+02
   2.3937046e+00   1.4517283e+00   1.2337600e+02
   2.3896076e+00   1.4506769e+00   1.2437600e+02
   2.3855207e+00   1.4496319e+00   1.2537600e+02
   2.3814437e+00   1.4485932e+00   1.2637600e+02
   2.3773768e+00   1.4475609e+00   1.2737600e+02
   2.3733200e+00   1.4465349e+00   1.2837600e+02
   2.3692731e+00   1.4455152e+00   1.2937600e+02
   2.3652363e+00   1.4445019e+00   1.3037600e+02
   2.3612094e+00   1.4434948e+00   1.3137600e+02
   2.3571925e+00   1.4424941e+00   1.3237600e+02
   2.3531856e+00   1.4414997e+00   1.3337600e+02
   2.3491886e+00   1.4405116e+00   1.3437600e+02
   2.3452016e+00   1.4395298e+00   1.3537600e+02
   2.3412246e+00   1.4385543e+00   1.3637600e+02
   2.3372575e+00   1.4375850e+00   1.3737600e+02
   2.3333003e+00   1.4366220e+00   1.3837600e+02
   2.3293530e+00   1.4356653e+00   1.3937600e+02
   2.3254156e+00   1.4347149e+00   1.4037600e+02
   2.3214882e+00   1.4337707e+00   1.4137600e+02
   2.3175706e+00   1.4328327e+00   1.4237600e+02
   2.3136629e+00   1.4319010e+00   1.4337600e+02
   2.3097651e+00   1.4309755e+00   1.4437600e+02
   2.3058771e+00   1.4300563e+00   1.4537600e+02
   2.3019990e+00   1.4291433e+00   1.4637600e+02
   2.2981308e+00   1.4282365e+00   1.4737600e+02
   2.2942724e+00   1.4273359e+00   1.4837600e+02
   2.2904238e+00   1.4264415e+00   1.4937600e+02
   2.2865850e+00   1.4255533e+00   1.5037600e+02
   2.2827560e+00   1.4246713e+00   1.5137600e+02
   2.2789368e+00   1.4237955e+00   1.5237600e+02
   2.2751274e+00   1.4229259e+00   1.5337600e+02
   2.2713278e+00   1.4220624e+00   1.5437600e+02
   2.2675380e+00   1.4212052e+00   1.5537600e+02
   2.2637579e+00   1.4203540e+00   1.5637600e+02
   2.2599876e+00   1.4195091e+00   1.5737600e+02
   2.2562270e+00   1.4186702e+00   1.5837600e+02
   2.2524762e+00   1.4178376e+00   1.5937600e+02
   2.2487351e+00   1.4170110e+00   1.6037600e+02
   2.2450037e+00   1.4161906e+00   1.6137600e+02
   2.2412820e+00   1.4153763e+00   1.6237600e+02
   2.2375700e+00   1.4145681e+00   1.6337600e+02
   2.2338677e+00   1.4137660e+00   1.6437600e+02
   2.2301751e+00   1.4129701e+00   1.6537600e+02
   2.2264922e+00   1.4121802e+00   1.6637600e+02
   2.2228189e+00   1.4113964e+00   1.6737600e+02
   2.2191552e+00   1.4106187e+00   1.6837600e+02
   2.2155012e+00   1.4098471e+00   1.6937600e+02
   2.2118569e+00   1.4090816e+00   1.7037600e+02
   2.2082222e+00   1.4083221e+00   1.7137600e+02
   2.2045970e+00   1.4075687e+00   1.7237600e+02
   2.2009815e+00   1.4068213e+00   1.7337600e+02
   2.1973756e+00   1.4060800e+00   1.7437600e+02
   2.1937793e+00   1.4053448e+00   1.7537600e+02
   2.1901926e+00   1.4046155e+00   1.7637600e+02
   2.1866154e+00   1.4038923e+00   1.7737600e+02
   2.1830478e+00   1.4031752e+00   1.7837600e+02
   2.1794897e+00   1.4024640e+00   1.7937600e+02
   2.1759412e+00   1.4017588e+00   1.8037600e+02
   2.1724022e+00   1.4010597e+00   1.8137600e+02
   2.1688728e+00   1.4003665e+00   1.8237600e+02
   2.1653528e+00   1.3996794e+00   1.8337600e+02
   2.1618424e+00   1.3989982e+00   1.8437600e+02
   2.1583415e+00   1.3983230e+00   1.8537600e+02
   2.1548500e+00   1.3976538e+00   1.8637600e+02
   2.1513680e+00   1.3969905e+00   1.8737600e+02
   2.1478955e+00   1.3963332e+00   1.8837600e+02
   2.1444325e+00   1.3956818e+00   1.8937600e+02
   2.1409789e+00   1.3950364e+00   1.9037600e+02
   2.1375348e+00   1.3943970e+00   1.9137600e+02
   2.1341001e+00   1.3937635e+00   1.9237600e+02
   2.1306748e+00   1.3931359e+00   1.9337600e+02
   2.1272589e+00   1.3925142e+00   1.9437600e+02
   2.1238524e+00   1.3918984e+00   1.9537600e+02
   2.1204554e+00   1.3912886e+00   1.9637600e+02
   2.1170677e+00   1.3906847e+00   1.9737600e+02
   2.1136894e+00   1.3900866e+00   1.9837600e+02
   2.1103205e+00   1.3894944e+00   1.9937600e+02
   2.1069609e+00   1.3889082e+00   2.0037600e+02
   2.1036107e+00   1.3883278e+00   2.0137600e+02
   2.1002698e+00   1.3877533e+00   2.0237600e+02
   2.0969382e+00   1.3871846e+00   2.0337600e+02
   2.0936160e+00   1.3866218e+00   2.0437600e+02
   2.0903031e+00   1.3860649e+00   2.0537600e+02
   2.0869995e+00   1.3855138e+00   2.0637600e+02
   2.0837052e+00   1.3849685e+00   2.0737600e+02
   2.0804202e+00   1.3844291e+00   2.0837600e+02
   2.0771444e+00   1.3838955e+00   2.0937600e+02
   2.0738780e+00   1.3833677e+00   2.1037600e+02
   2.0706208e+00   1.3828458e+00   2.1137600e+02
   2.0673728e+00   1.3823296e+00   2.1237600e+02
   2.0641341e+00   1.3818193e+00   2.1337600e+02
   2.0609046e+00   1.3813148e+00   2.1437600e+02
   2.0576843e+00   1.3808160e+00   2.1537600e+02
   2.0544733e+00   1.3803230e+00   2.1637600e+02
   2.0512714e+00   1.3798358e+00   2.1737600e+02
   2.0480788e+00   1.3793544e+00   2.1837600e+02
   2.0448953e+00   1.3788788e+00   2.1937600e+02
   2.0417210e+00   1.3784089e+00   2.2037600e+02
   2.0385559e+00   1.3779447e+00   2.2137600e+02
   2.0354000e+00   1.3774863e+00   2.2237600e+02
   2.0322531e+00   1.3770337e+00   2.2337600e+02
   2.0291155e+00   1.3765868e+00   2.2437600e+02
   2.0259869e+00   1.3761456e+00   2.2537600e+02
   2.0228675e+00   1.3757101e+00   2.2637600e+02
   2.0197572e+00   1.3752803e+00   2.2737600e+02
   2.0166560e+00   1.3748563e+00   2.2837600e+02
   2.0135640e+00   1.3744380e+00   2.2937600e+02
   2.0104809e+00   1.3740253e+00   2.3037600e+02
   2.0074070e+00   1.3736184e+00   2.3137600e+02
   2.0043421e+00   1.3732171e+00   2.3237600e+02
   2.0012863e+00   1.3728215e+00   2.3337600e+02
   1.9982396e+00   1.3724316e+00   2.3437600e+02
   1.9952019e+00   1.3720473e+00   2.3537600e+02
   1.9921732e+00   1.3716687e+00   2.3637600e+02
   1.9891535e+00   1.3712958e+00   2.3737600e+02
   1.9861429e+00   1.3709285e+00   2.3837600e+02
   1.9831412e+00   1.3705668e+00   2.3937600e+02
   1.9801486e+00   1.3702108e+00   2.4037600e+02
   1.9771649e+00   1.3698604e+00   2.4137600e+02
   1.9741902e+00   1.3695156e+00   2.4237600e+02
   1.9712245e+00   1.3691764e+00   2.4337600e+02
   1.9682677e+00   1.3688429e+00   2.4437600e+02
   1.9653199e+00   1.3685149e+00   2.4537600e+02
   1.9623810e+00   1.3681926e+00   2.4637600e+02
   1.9594511e+00   1.3678758e+00   2.4737600e+02
   1.9565301e+00   1.3675646e+00   2.4837600e+02
   1.9536180e+00   1.3672590e+00   2.4937600e+02
   1.9507148e+00   1.3669590e+00   2.5037600e+02
   1.9478204e+00   1.3666645e+00   2.5137600e+02
   1.9449350e+00   1.3663756e+00   2.5237600e+02
   1.9420585e+00   1.3660922e+00   2.5337600e+02
   1.9391908e+00   1.3658144e+00   2.5437600e+02
   1.9363320e+00   1.3655422e+00   2.5537600e+02
   1.9334820e+00   1.3652754e+00   2.5637600e+02
   1.9306408e+00   1.3650142e+00   2.5737600e+02
   1.9278085e+00   1.3647585e+00   2.5837600e+02
   1.9249851e+00   1.3645083e+00   2.5937600e+02
   1.9221704e+00   1.3642637e+00   2.6037600e+02
   1.9193645e+00   1.3640245e+00   2.6137600e+02
   1.9165674e+00   1.3637908e+00   2.6237600e+02
   1.9137791e+00   1.3635627e+00   2.6337600e+02
   1.9109996e+00   1.3633400e+00   2.6437600e+02
   1.9082289e+00   1.3631227e+00   2.6537600e+02
   1.9054669e+00   1.3629110e+00   2.6637600e+02
   1.9027136e+00   1.3627047e+00   2.6737600e+02
   1.8999691e+00   1.3625039e+00   2.6837600e+02
   1.8972334e+00   1.3623085e+00   2.6937600e+02
   1.8945063e+00   1.3621186e+00   2.7037600e+02
   1.8917880e+00   1.3619341e+00   2.7137600e+02
   1.8890783e+00   1.3617550e+00   2.7237600e+02
   1.8863774e+00   1.3615814e+00   2.7337600e+02
   1.8836851e+00   1.3614132e+00   2.7437600e+02
   1.8810015e+00   1.3612504e+00   2.7537600e+02
   1.8783266e+00   1.3610930e+00   2.7637600e+02
   1.8756603e+00   1.3609410e+00   2.7737600e+02
   1.8730027e+00   1.3607944e+00   2.7837600e+02
   1.8703537e+00   1.3606532e+00   2.7937600e+02
   1.8677134e+00   1.3605174e+00   2.8037600e+02
   1.8650817e+00   1.3603870e+00   2.8137600e+02
   1.8624586e+00   1.3602619e+00   2.8237600e+02
   1.8598440e+00   1.3601422e+00   2.8337600e+02
   1.8572381e+00   1.3600279e+00   2.8437600e+02
   1.8546408e+00   1.3599189e+00   2.8537600e+02
   1.8520520e+00   1.3598152e+00   2.8637600e+02
   1.8494718e+00   1.3597169e+00   2.8737600e+02
   1.8469002e+00   1.3596239e+00   2.8837600e+02
   1.8443371e+00   1.3595363e+00   2.8937600e+02
   1.8417825e+00   1.3594540e+00   2.9037600e+02
   1.8392365e+00   1.3593769e+00   2.9137600e+02
   1.8366990e+00   1.3593052e+00   2.9237600e+02
   1.8341700e+00   1.3592388e+00   2.9337600e+02
   1.8316495e+00   1.3591777e+00   2.9437600e+02
   1.8291375e+00   1.3591219e+00   2.9537600e+02
   1.8266340e+00   1.3590713e+00   2.9637600e+02
   1.8241389e+00   1.3590261e+00   2.9737600e+02
   1.8216523e+00   1.3589861e+00   2.9837600e+02
   1.8191742e+00   1.3589513e+00   2.9937600e+02
   1.8167045e+00   1.3589219e+00   3.0037600e+02
   1.8142433e+00   1.3588977e+00   3.0137600e+02
   1.8117905e+00   1.3588787e+00   3.0237600e+02
   1.8093461e+00   1.3588649e+00   3.0337600e+02
   1.8069101e+00   1.3588564e+00   3.0437600e+02
   1.8044825e+00   1.3588532e+00   3.0537600e+02
   1.8020633e+00   1.3588551e+00   3.0637600e+02
   1.7996525e+00   1.3588622e+00   3.0737600e+02
   1.7972501e+00   1.3588746e+00   3.0837600e+02
   1.7948560e+00   1.3588922e+00   3.0937600e+02
   1.7924703e+00   1.3589149e+00   3.1037600e+02
   1.7900929e+00   1.3589429e+00   3.1137600e+02
   1.7877239e+00   1.3589760e+00   3.1237600e+02
   1.7853632e+00   1.3590143e+00   3.1337600e+02
   1.7830108e+00   1.3590578e+00   3.1437600e+02
   1.7806667e+00   1.3591064e+00   3.1537600e+02
   1.7783309e+00   1.3591602e+00   3.1637600e+02
   1.7760035e+00   1.3592192e+00   3.1737600e+02
   1.7736843e+00   1.3592832e+00   3.1837600e+02
   1.7713733e+00   1.3593525e+00   3.1937600e+02
   1.7690707e+00   1.3594268e+00   3.2037600e+02
   1.7667763e+00   1.3595063e+00   3.2137600e+02
   1.7644901e+00   1.3595909e+00   3.2237600e+02
   1.7622122e+00   1.3596806e+00   3.2337600e+02
   1.7599425e+00   1.3597755e+00   3.2437600e+02
   1.7576810e+00   1.3598754e+00   3.2537600e+02
   1.7554277e+00   1.3599804e+00   3.2637600e+02
   1.7531826e+00   1.3600905e+00   3.2737600e+02
   1.7509457e+00   1.3602057e+00   3.2837600e+02
   1.7487170e+00   1.3603260e+00   3.2937600e+02
   1.7464965e+00   1.3604513e+00   3.3037600e+02
   1.7442842e+00   1.3605817e+00   3.3137600e+02
   1.7420799e+00   1.3607172e+00   3.3237600e+02
   1.7398839e+00   1.3608577e+00   3.3337600e+02
   1.7376960e+00   1.3610033e+00   3.3437600e+02
   1.7355161e+00   1.3611538e+00   3.3537600e+02
   1.7333445e+00   1.3613095e+00   3.3637600e+02
   1.7311809e+00   1.3614701e+00   3.3737600e+02
   1.7290254e+00   1.3616358e+00   3.3837600e+02
   1.7268780e+00   1.3618065e+00   3.3937600e+02
   1.7247387e+00   1.3619821e+00   3.4037600e+02
   1.7226075e+00   1.3621628e+00   3.4137600e+02
   1.7204843e+00   1.3623485e+00   3.4237600e+02
   1.7183692e+00   1.3625392e+00   3.4337600e+02
   1.7162621e+00   1.3627348e+00   3.4437600e+02
   1.7141631e+00   1.3629355e+00   3.4537600e+02
   1.7120721e+00   1.3631411e+00   3.4637600e+02
   1.7099891e+00   1.3633516e+00   3.4737600e+02
   1.7079141e+00   1.3635671e+00   3.4837600e+02
   1.7058471e+00   1.3637876e+00   3.4937600e+02
   1.7037881e+00   1.3640130e+00   3.5037600e+02
   1.7017371e+00   1.3642434e+00   3.5137600e+02
   1.6996941e+00   1.3644786e+00   3.5237600e+02
   1.6976590e+00   1.3647188e+00   3.5337600e+02
   1.6956319e+00   1.3649640e+00   3.5437600e+02
   1.6936127e+00   1.3652140e+00   3.5537600e+02
   1.6916014e+00   1.3654689e+00   3.5637600e+02
   1.6895981e+00   1.3657288e+00   3.5737600e+02
   1.6876027e+00   1.3659935e+00   3.5837600e+02
   1.6856152e+00   1.3662631e+00   3.5937600e+02
   1.6836356e+00   1.3665376e+00   3.6037600e+02
   1.6816639e+00   1.3668170e+00   3.6137600e+02
   1.6797001e+00   1.3671013e+00   3.6237600e+02
   1.6777441e+00   1.3673904e+00   3.6337600e+02
   1.6757960e+00   1.3676843e+00   3.6437600e+02
   1.6738558e+00   1.3679832e+00   3.6537600e+02
   1.6719234e+00   1.3682868e+00   3.6637600e+02
   1.6699988e+00   1.3685953e+00   3.6737600e+02
   1.6680821e+00   1.3689086e+00   3.6837600e+02
   1.6661731e+00   1.3692268e+00   3.6937600e+02
   1.6642720e+00   1.3695498e+00   3.7037600e+02
   1.6623787e+00   1.3698776e+00   3.7137600e+02
   1.6604932e+00   1.3702102e+00   3.7237600e+02
   1.6586154e+00   1.3705475e+00   3.7337600e+02
   1.6567454e+00   1.3708897e+00   3.7437600e+02
   1.6548832e+00   1.3712367e+00   3.7537600e+02
   1.6530288e+00   1.3715885e+00   3.7637600e+02
   1.6511820e+00   1.3719450e+00   3.7737600e+02
   1.6493430e+00   1.3723063e+00   3.7837600e+02
   1.6475118e+00   1.3726723e+00   3.7937600e+02
   1.6456882e+00   1.3730431e+00   3.8037600e+02
   1.6438724e+00   1.3734187e+00   3.8137600e+02
   1.6420643e+00   1.3737990e+00   3.8237600e+02
   1.6402638e+00   1.3741841e+00   3.8337600e+02
   1.6384710e+00   1.3745738e+00   3.8437600e+02
   1.6366859e+00   1.3749683e+00   3.8537600e+02
   1.6349085e+00   1.3753676e+00   3.8637600e+02
   1.6331387e+00   1.3757715e+00   3.8737600e+02
   1.6313765e+00   1.3761801e+00   3.8837600e+02
   1.6296220e+00   1.3765935e+00   3.8937600e+02
   1.6278751e+00   1.3770115e+00   3.9037600e+02
   1.6261358e+00   1.3774342e+00   3.9137600e+02
   1.6244042e+00   1.3778616e+00   3.9237600e+02
   1.6226801e+00   1.3782937e+00   3.9337600e+02
   1.6209636e+00   1.3787304e+00   3.9437600e+02
   1.6192547e+00   1.3791718e+00   3.9537600e+02
   1.6175534e+00   1.3796179e+00   3.9637600e+02
   1.6158596e+00   1.3800686e+00   3.9737600e+02
   1.6141733e+00   1.3805239e+00   3.9837600e+02
   1.6124947e+00   1.3809839e+00   3.9937600e+02
   1.6108235e+00   1.3814485e+00   4.0037600e+02
   1.6091599e+00   1.3819177e+00   4.0137600e+02
   1.6075038e+00   1.3823916e+00   4.0237600e+02
   1.6058552e+00   1.3828701e+00   4.0337600e+02
   1.6042140e+00   1.3833531e+00   4.0437600e+02
   1.6025804e+00   1.3838408e+00   4.0537600e+02
   1.6009543e+00   1.3843331e+00   4.0637600e+02
   1.5993356e+00   1.3848299e+00   4.0737600e+02
   1.5977244e+00   1.3853314e+00   4.0837600e+02
   1.5961206e+00   1.3858374e+00   4.0937600e+02
   1.5945243e+00   1.3863479e+00   4.1037600e+02
   1.5929354e+00   1.3868631e+00   4.1137600e+02
   1.5913539e+00   1.3873828e+00   4.1237600e+02
   1.5897799e+00   1.3879070e+00   4.1337600e+02
   1.5882132e+00   1.3884358e+00   4.1437600e+02
   1.5866540e+00   1.3889691e+00   4.1537600e+02
   1.5851021e+00   1.3895070e+00   4.1637600e+02
   1.5835576e+00   1.3900493e+00   4.1737600e+02
   1.5820205e+00   1.3905962e+00   4.1837600e+02
   1.5804907e+00   1.3911476e+00   4.1937600e+02
   1.5789683e+00   1.3917035e+00   4.2037600e+02
   1.5774533e+00   1.3922639e+00   4.2137600e+02
   1.5759455e+00   1.3928288e+00   4.2237600e+02
   1.5744451e+00   1.3933982e+00   4.2337600e+02
   1.5729520e+00   1.3939721e+00   4.2437600e+02
   1.5714662e+00   1.3945504e+00   4.2537600e+02
   1.5699877e+00   1.3951332e+00   4.2637600e+02
   1.5685165e+00   1.3957205e+00   4.2737600e+02
   1.5670526e+00   1.3963122e+00   4.2837600e+02
   1.5655959e+00   1.3969084e+00   4.2937600e+02
   1.5641465e+00   1.3975090e+00   4.3037600e+02
   1.5627043e+00   1.3981141e+00   4.3137600e+02
   1.5612694e+00   1.3987235e+00   4.3237600e+02
   1.5598417e+00   1.3993374e+00   4.3337600e+02
   1.5584213e+00   1.3999558e+00   4.3437600e+02
   1.5570080e+00   1.4005785e+00   4.3537600e+02
   1.5556020e+00   1.4012056e+00   4.3637600e+02
   1.5542031e+00   1.4018372e+00   4.3737600e+02
   1.5528114e+00   1.4024731e+00   4.3837600e+02
   1.5514269e+00   1.4031134e+00   4.3937600e+02
   1.5500496e+00   1.4037581e+00   4.4037600e+02
   1.5486795e+00   1.4044072e+00   4.4137600e+02
   1.5473164e+00   1.4050606e+00   4.4237600e+02
   1.5459606e+00   1.4057184e+00   4.4337600e+02
   1.5446118e+00   1.4063805e+00   4.4437600e+02
   1.5432702e+00   1.4070470e+00   4.4537600e+02
   1.5419357e+00   1.4077179e+00   4.4637600e+02
   1.5406083e+00   1.4083930e+00   4.4737600e+02
   1.5392880e+00   1.4090725e+00   4.4837600e+02
   1.5379747e+00   1.4097564e+00   4.4937600e+02
   1.5366686e+00   1.4104445e+00   4.5037600e+02
   1.5353695e+00   1.4111370e+00   4.5137600e+02
   1.5340775e+00   1.4118337e+00   4.5237600e+02
   1.5327925e+00   1.4125348e+00   4.5337600e+02
   1.5315146e+00   1.4132401e+00   4.5437600e+02
   1.5302437e+00   1.4139498e+00   4.5537600e+02
   1.5289798e+00   1.4146637e+00   4.5637600e+02
   1.5277229e+00   1.4153819e+00   4.5737600e+02
   1.5264730e+00   1.4161043e+00   4.5837600e+02
   1.5252302e+00   1.4168310e+00   4.5937600e+02
   1.5239943e+00   1.4175620e+00   4.6037600e+02
   1.5227654e+00   1.4182972e+00   4.6137600e+02
   1.5215434e+00   1.4190367e+00   4.6237600e+02
   1.5203284e+00   1.4197804e+00   4.6337600e+02
   1.5191204e+00   1.4205283e+00   4.6437600e+02
   1.5179193e+00   1.4212804e+00   4.6537600e+02
   1.5167251e+00   1.4220368e+00   4.6637600e+02
   1.5155378e+00   1.4227974e+00   4.6737600e+02
   1.5143575e+00   1.4235621e+00   4.6837600e+02
   1.5131841e+00   1.4243311e+00   4.6937600e+02
   1.5120175e+00   1.4251043e+00   4.7037600e+02
   1.5108579e+00   1.4258816e+00   4.7137600e+02
   1.5097051e+00   1.4266631e+00   4.7237600e+02
   1.5085592e+00   1.4274488e+00   4.7337600e+02
   1.5074201e+00   1.4282387e+00   4.7437600e+02
   1.5062879e+00   1.4290327e+00   4.7537600e+02
   1.5051625e+00   1.4298309e+00   4.7637600e+02
   1.5040440e+00   1.4306333e+00   4.7737600e+02
   1.5029322e+00   1.4314397e+00   4.7837600e+02
   1.5018273e+00   1.4322503e+00   4.7937600e+02
   1.5007292e+00   1.4330651e+00   4.8037600e+02
   1.4996379e+00   1.4338839e+00   4.8137600e+02
   1.4985533e+00   1.4347069e+00   4.8237600e+02
   1.4974756e+00   1.4355340e+00   4.8337600e+02
   1.4964046e+00   1.4363652e+00   4.8437600e+02
   1.4953403e+00   1.4372005e+00   4.8537600e+02
   1.4942829e+00   1.4380398e+00   4.8637600e+02
   1.4932321e+00   1.4388833e+00   4.8737600e+02
   1.4921881e+00   1.4397308e+00   4.8837600e+02
   1.4911508e+00   1.4405824e+00   4.8937600e+02
   1.4901202e+00   1.4414381e+00   4.9037600e+02
   1.4890963e+00   1.4422979e+00   4.9137600e+02
   1.4880791e+00   1.4431616e+00   4.9237600e+02
   1.4870686e+00   1.4440295e+00   4.9337600e+02
   1.4860647e+00   1.4449014e+00   4.9437600e+02
   1.4850675e+00   1.4457773e+00   4.9537600e+02
   1.4840770e+00   1.4466572e+00   4.9637600e+02
   1.4830931e+00   1.4475412e+00   4.9737600e+02
   1.4821159e+00   1.4484292e+00   4.9837600e+02
   1.4811453e+00   1.4493212e+00   4.9937600e+02
   1.4801813e+00   1.4502172e+00   5.0037600e+02
   1.4792239e+00   1.4511171e+00   5.0137600e+02
   1.4782732e+00   1.4520211e+00   5.0237600e+02
   1.4773290e+00   1.4529291e+00   5.0337600e+02
   1.4763914e+00   1.4538410e+00   5.0437600e+02
   1.4754603e+00   1.4547570e+00   5.0537600e+02
   1.4745359e+00   1.4556768e+00   5.0637600e+02
   1.4736180e+00   1.4566007e+00   5.0737600e+02
   1.4727066e+00   1.4575285e+00   5.0837600e+02
   1.4718018e+00   1.4584602e+00   5.0937600e+02
   1.4709035e+00   1.4593959e+00   5.1037600e+02
   1.4700117e+00   1.4603355e+00   5.1137600e+02
   1.4691264e+00   1.4612791e+00   5.1237600e+02
   1.4682477e+00   1.4622265e+00   5.1337600e+02
   1.4673754e+00   1.4631779e+00   5.1437600e+02
   1.4665096e+00   1.4641332e+00   5.1537600e+02
   1.4656503e+00   1.4650924e+00   5.1637600e+02
   1.4647974e+00   1.4660555e+00   5.1737600e+02
   1.4639510e+00   1.4670225e+00   5.1837600e+02
   1.4631110e+00   1.4679933e+00   5.1937600e+02
   1.4622775e+00   1.4689681e+00   5.2037600e+02
   1.4614504e+00   1.4699467e+00   5.2137600e+02
   1.4606297e+00   1.4709292e+00   5.2237600e+02
   1.4598155e+00   1.4719155e+00   5.2337600e+02
   1.4590076e+00   1.4729057e+00   5.2437600e+02
   1.4582061e+00   1.4738998e+00   5.2537600e+02
   1.4574111e+00   1.4748976e+00   5.2637600e+02
   1.4566223e+00   1.4758994e+00   5.2737600e+02
   1.4558400e+00   1.4769049e+00   5.2837600e+02
   1.4550640e+00   1.4779143e+00   5.2937600e+02
   1.4542943e+00   1.4789274e+00   5.3037600e+02
   1.4535310e+00   1.4799444e+00   5.3137600e+02
   1.4527740e+00   1.4809652e+00   5.3237600e+02
   1.4520233e+00   1.4819898e+00   5.3337600e+02
   1.4512790e+00   1.4830182e+00   5.3437600e+02
   1.4505409e+00   1.4840504e+00   5.3537600e+02
   1.4498091e+00   1.4850863e+00   5.3637600e+02
   1.4490836e+00   1.4861260e+00   5.3737600e+02
   1.4483644e+00   1.4871695e+00   5.3837600e+02
   1.4476514e+00   1.4882167e+00   5.3937600e+02
   1.4469447e+00   1.4892677e+00   5.4037600e+02
   1.4462443e+00   1.4903224e+00   5.4137600e+02
   1.4455500e+00   1.4913809e+00   5.4237600e+02
   1.4448620e+00   1.4924431e+00   5.4337600e+02
   1.4441803e+00   1.4935091e+00   5.4437600e+02
   1.4435047e+00   1.4945787e+00   5.4537600e+02
   1.4428353e+00   1.4956521e+00   5.4637600e+02
   1.4421721e+00   1.4967292e+00   5.4737600e+02
   1.4415151e+00   1.4978099e+00   5.4837600e+02
   1.4408643e+00   1.4988944e+00   5.4937600e+02
   1.4402196e+00   1.4999826e+00   5.5037600e+02
   1.4395811e+00   1.5010744e+00   5.5137600e+02
   1.4389487e+00   1.5021700e+00   5.5237600e+02
   1.4383225e+00   1.5032692e+00   5.5337600e+02
   1.4377024e+00   1.5043720e+00   5.5437600e+02
   1.4370884e+00   1.5054786e+00   5.5537600e+02
   1.4364805e+00   1.5065887e+00   5.5637600e+02
   1.4358787e+00   1.5077026e+00   5.5737600e+02
   1.4352830e+00   1.5088200e+00   5.5837600e+02
   1.4346934e+00   1.5099411e+00   5.5937600e+02
   1.4341098e+00   1.5110658e+00   5.6037600e+02
   1.4335324e+00   1.5121942e+00   5.6137600e+02
   1.4329609e+00   1.5133261e+00   5.6237600e+02
   1.4323955e+00   1.5144617e+00   5.6337600e+02
   1.4318362e+00   1.5156009e+00   5.6437600e+02
   1.4312828e+00   1.5167436e+00   5.6537600e+02
   1.4307355e+00   1.5178900e+00   5.6637600e+02
   1.4301942e+00   1.5190399e+00   5.6737600e+02
   1.4296589e+00   1.5201934e+00   5.6837600e+02
   1.4291296e+00   1.5213505e+00   5.6937600e+02
   1.4286063e+00   1.5225112e+00   5.7037600e+02
   1.4280889e+00   1.5236754e+00   5.7137600e+02
   1.4275775e+00   1.5248431e+00   5.7237600e+02
   1.4270720e+00   1.5260144e+00   5.7337600e+02
   1.4265725e+00   1.5271893e+00   5.7437600e+02
   1.4260790e+00   1.5283676e+00   5.7537600e+02
   1.4255913e+00   1.5295495e+00   5.7637600e+02
   1.4251096e+00   1.5307350e+00   5.7737600e+02
   1.4246337e+00   1.5319239e+00   5.7837600e+02
   1.4241638e+00   1.5331163e+00   5.7937600e+02
   1.4236998e+00   1.5343123e+00   5.8037600e+02
   1.4232416e+00   1.5355117e+00   5.8137600e+02
   1.4227893e+00   1.5367147e+00   5.8237600e+02
   1.4223429e+00   1.5379211e+00   5.8337600e+02
   1.4219023e+00   1.5391310e+00   5.8437600e+02
   1.4214676e+00   1.5403443e+00   5.8537600e+02
   1.4210387e+00   1.5415612e+00   5.8637600e+02
   1.4206156e+00   1.5427814e+00   5.8737600e+02
   1.4201983e+00   1.5440052e+00   5.8837600e+02
   1.4197869e+00   1.5452324e+00   5.8937600e+02
   1.4193812e+00   1.5464630e+00   5.9037600e+02
   1.4189813e+00   1.5476970e+00   5.9137600e+02
   1.4185872e+00   1.5489345e+00   5.9237600e+02
   1.4181989e+00   1.5501754e+00   5.9337600e+02
   1.4178163e+00   1.5514197e+00   5.9437600e+02
   1.4174395e+00   1.5526674e+00   5.9537600e+02
   1.4170685e+00   1.5539186e+00   5.9637600e+02
   1.4167031e+00   1.5551731e+00   5.9737600e+02
   1.4163435e+00   1.5564310e+00   5.9837600e+02
   1.4159896e+00   1.5576923e+00   5.9937600e+02
   1.4156414e+00   1.5589569e+00   6.0037600e+02
   1.4152989e+00   1.5602250e+00   6.0137600e+02
   1.4149621e+00   1.5614964e+00   6.0237600e+02
   1.4146310e+00   1.5627711e+00   6.0337600e+02
   1.4143055e+00   1.5640492e+00   6.0437600e+02
   1.4139857e+00   1.5653307e+00   6.0537600e+02
   1.4136716e+00   1.5666155e+00   6.0637600e+02
   1.4133631e+00   1.5679036e+00   6.0737600e+02
   1.4130602e+00   1.5691950e+00   6.0837600e+02
   1.4127629e+00   1.5704898e+00   6.0937600e+02
   1.4124713e+00   1.5717879e+00   6.1037600e+02
   1.4121853e+00   1.5730893e+00   6.1137600e+02
   1.4119048e+00   1.5743940e+00   6.1237600e+02
   1.4116300e+00   1.5757020e+00   6.1337600e+02
   1.4113607e+00   1.5770132e+00   6.1437600e+02
   1.4110970e+00   1.5783278e+00   6.1537600e+02
   1.4108389e+00   1.5796456e+00   6.1637600e+02
   1.4105863e+00   1.5809667e+00   6.1737600e+02
   1.4103392e+00   1.5822911e+00   6.1837600e+02
   1.4100977e+00   1.5836187e+00   6.1937600e+02
   1.4098617e+00   1.5849496e+00   6.2037600e+02
   1.4096312e+00   1.5862837e+00   6.2137600e+02
   1.4094062e+00   1.5876211e+00   6.2237600e+02
   1.4091868e+00   1.5889616e+00   6.2337600e+02
   1.4089728e+00   1.5903055e+00   6.2437600e+02
   1.4087642e+00   1.5916525e+00   6.2537600e+02
   1.4085612e+00   1.5930027e+00   6.2637600e+02
   1.4083636e+00   1.5943562e+00   6.2737600e+02
   1.4081715e+00   1.5957129e+00   6.2837600e+02
   1.4079848e+00   1.5970727e+00   6.2937600e+02
   1.4078035e+00   1.5984357e+00   6.3037600e+02
   1.4076276e+00   1.5998020e+00   6.3137600e+02
   1.4074572e+00   1.6011714e+00   6.3237600e+02
   1.4072922e+00   1.6025439e+00   6.3337600e+02
   1.4071325e+00   1.6039196e+00   6.3437600e+02
   1.4069783e+00   1.6052985e+00   6.3537600e+02
   1.4068294e+00   1.6066806e+00   6.3637600e+02
   1.4066859e+00   1.6080657e+00   6.3737600e+02
   1.4065478e+00   1.6094541e+00   6.3837600e+02
   1.4064150e+00   1.6108455e+00   6.3937600e+02
   1.4062875e+00   1.6122401e+00   6.4037600e+02
   1.4061654e+00   1.6136378e+00   6.4137600e+02
   1.4060486e+00   1.6150386e+00   6.4237600e+02
   1.4059371e+00   1.6164425e+00   6.4337600e+02
   1.4058309e+00   1.6178495e+00   6.4437600e+02
   1.4057300e+00   1.6192596e+00   6.4537600e+02
   1.4056344e+00   1.6206728e+00   6.4637600e+02
   1.4055441e+00   1.6220891e+00   6.4737600e+02
   1.4054590e+00   1.6235084e+00   6.4837600e+02
   1.4053792e+00   1.6249309e+00   6.4937600e+02
   1.4053047e+00   1.6263563e+00   6.5037600e+02
   1.4052354e+00   1.6277849e+00   6.5137600e+02
   1.4051713e+00   1.6292165e+00   6.5237600e+02
   1.4051124e+00   1.6306511e+00   6.5337600e+02
   1.4050588e+00   1.6320888e+00   6.5437600e+02
   1.4050103e+00   1.6335295e+00   6.5537600e+02
   1.4049670e+00   1.6349732e+00   6.5637600e+02
   1.4049290e+00   1.6364200e+00   6.5737600e+02
   1.4048961e+00   1.6378697e+00   6.5837600e+02
   1.4048684e+00   1.6393225e+00   6.5937600e+02
   1.4048458e+00   1.6407782e+00   6.6037600e+02
   1.4048284e+00   1.6422370e+00   6.6137600e+02
   1.4048161e+00   1.6436988e+00   6.6237600e+02
   1.4048089e+00   1.6451635e+00   6.6337600e+02
   1.4048069e+00   1.6466312e+00   6.6437600e+02
   1.4048100e+00   1.6481019e+00   6.6537600e+02
   1.4048182e+00   1.6495755e+00   6.6637600e+02
   1.4048314e+00   1.6510521e+00   6.6737600e+02
   1.4048498e+00   1.6525316e+00   6.6837600e+02
   1.4048732e+00   1.6540141e+00   6.6937600e+02
   1.4049018e+00   1.6554995e+00   6.7037600e+02
   1.4049353e+00   1.6569879e+00   6.7137600e+02
   1.4049739e+00   1.6584792e+00   6.7237600e+02
   1.4050176e+00   1.6599734e+00   6.7337600e+02
   1.4050662e+00   1.6614705e+00   6.7437600e+02
   1.4051199e+00   1.6629705e+00   6.7537600e+02
   1.4051786e+00   1.6644734e+00   6.7637600e+02
   1.4052424e+00   1.6659792e+00   6.7737600e+02
   1.4053111e+00   1.6674879e+00   6.7837600e+02
   1.4053848e+00   1.6689995e+00   6.7937600e+02
   1.4054634e+00   1.6705139e+00   6.8037600e+02
   1.4055470e+00   1.6720312e+00   6.8137600e+02
   1.4056356e+00   1.6735514e+00   6.8237600e+02
   1.4057292e+00   1.6750745e+00   6.8337600e+02
   1.4058276e+00   1.6766003e+00   6.8437600e+02
   1.4059310e+00   1.6781291e+00   6.8537600e+02
   1.4060393e+00   1.6796606e+00   6.8637600e+02
   1.4061526e+00   1.6811950e+00   6.8737600e+02
   1.4062707e+00   1.6827323e+00   6.8837600e+02
   1.4063937e+00   1.6842723e+00   6.8937600e+02
   1.4065216e+00   1.6858151e+00   6.9037600e+02
   1.4066544e+00   1.6873608e+00   6.9137600e+02
   1.4067921e+00   1.6889093e+00   6.9237600e+02
   1.4069346e+00   1.6904605e+00   6.9337600e+02
   1.4070819e+00   1.6920145e+00   6.9437600e+02
   1.4072341e+00   1.6935714e+00   6.9537600e+02
   1.4073911e+00   1.6951310e+00   6.9637600e+02
   1.4075530e+00   1.6966933e+00   6.9737600e+02
   1.4077196e+00   1.6982584e+00   6.9837600e+02
   1.4078911e+00   1.6998263e+00   6.9937600e+02
   1.4080673e+00   1.7013969e+00   7.0037600e+02
   1.4082483e+00   1.7029703e+00   7.0137600e+02
   1.4084341e+00   1.7045464e+00   7.0237600e+02
   1.4086247e+00   1.7061252e+00   7.0337600e+02
   1.4088200e+00   1.7077068e+00   7.0437600e+02
   1.4090201e+00   1.7092911e+00   7.0537600e+02
   1.4092249e+00   1.7108781e+00   7.0637600e+02
   1.4094344e+00   1.7124678e+00   7.0737600e+02
   1.4096486e+00   1.7140602e+00   7.0837600e+02
   1.4098676e+00   1.7156552e+00   7.0937600e+02
   1.4100913e+00   1.7172530e+00   7.1037600e+02
   1.4103196e+00   1.7188535e+00   7.1137600e+02
   1.4105526e+00   1.7204566e+00   7.1237600e+02
   1.4107903e+00   1.7220624e+00   7.1337600e+02
   1.4110327e+00   1.7236709e+00   7.1437600e+02
   1.4112797e+00   1.7252820e+00   7.1537600e+02
   1.4115314e+00   1.7268957e+00   7.1637600e+02
   1.4117877e+00   1.7285121e+00   7.1737600e+02
   1.4120486e+00   1.7301312e+00   7.1837600e+02
   1.4123142e+00   1.7317528e+00   7.1937600e+02
   1.4125844e+00   1.7333771e+00   7.2037600e+02
   1.4128591e+00   1.7350040e+00   7.2137600e+02
   1.4131385e+00   1.7366336e+00   7.2237600e+02
   1.4134224e+00   1.7382657e+00   7.2337600e+02
   1.4137109e+00   1.7399004e+00   7.2437600e+02
   1.4140040e+00   1.7415377e+00   7.2537600e+02
   1.4143016e+00   1.7431776e+00   7.2637600e+02
   1.4146038e+00   1.7448201e+00   7.2737600e+02
   1.4149105e+00   1.7464652e+00   7.2837600e+02
   1.4152217e+00   1.7481128e+00   7.2937600e+02
   1.4155375e+00   1.7497630e+00   7.3037600e+02
   1.4158577e+00   1.7514157e+00   7.3137600e+02
   1.4161825e+00   1.7530710e+00   7.3237600e+02
   1.4165118e+00   1.7547288e+00   7.3337600e+02
   1.4168455e+00   1.7563892e+00   7.3437600e+02
   1.4171837e+00   1.7580521e+00   7.3537600e+02
   1.4175264e+00   1.7597175e+00   7.3637600e+02
   1.4178735e+00   1.7613855e+00   7.3737600e+02
   1.4182251e+00   1.7630559e+00   7.3837600e+02
   1.4185811e+00   1.7647289e+00   7.3937600e+02
   1.4189415e+00   1.7664043e+00   7.4037600e+02
   1.4193063e+00   1.7680823e+00   7.4137600e+02
   1.4196756e+00   1.7697627e+00   7.4237600e+02
   1.4200493e+00   1.7714456e+00   7.4337600e+02
   1.4204273e+00   1.7731310e+00   7.4437600e+02
   1.4208097e+00   1.7748188e+00   7.4537600e+02
   1.4211965e+00   1.7765091e+00   7.4637600e+02
   1.4215877e+00   1.7782019e+00   7.4737600e+02
   1.4219832e+00   1.7798971e+00   7.4837600e+02
   1.4223831e+00   1.7815948e+00   7.4937600e+02
   1.4227872e+00   1.7832949e+00   7.5037600e+02
   1.4231958e+00   1.7849974e+00   7.5137600e+02
   1.4236086e+00   1.7867023e+00   7.5237600e+02
   1.4240257e+00   1.7884097e+00   7.5337600e+02
   1.4244472e+00   1.7901195e+00   7.5437600e+02
   1.4248729e+00   1.7918316e+00   7.5537600e+02
   1.4253029e+00   1.7935462e+00   7.5637600e+02
   1.4257372e+00   1.7952632e+00   7.5737600e+02
   1.4261758e+00   1.7969825e+00   7.5837600e+02
   1.4266186e+00   1.7987043e+00   7.5937600e+02
   1.4270656e+00   1.8004284e+00   7.6037600e+02
   1.4275169e+00   1.8021548e+00   7.6137600e+02
   1.4279724e+00   1.8038837e+00   7.6237600e+02
   1.4284321e+00   1.8056148e+00   7.6337600e+02
   1.4288960e+00   1.8073484e+00   7.6437600e+02
   1.4293642e+00   1.8090842e+00   7.6537600e+02
   1.4298365e+00   1.8108224e+00   7.6637600e+02
   1.4303130e+00   1.8125630e+00   7.6737600e+02
   1.4307936e+00   1.8143058e+00   7.6837600e+02
   1.4312785e+00   1.8160510e+00   7.6937600e+02
   1.4317675e+00   1.8177985e+00   7.7037600e+02
   1.4322606e+00   1.8195483e+00   7.7137600e+02
   1.4327578e+00   1.8213004e+00   7.7237600e+02
   1.4332592e+00   1.8230548e+00   7.7337600e+02
   1.4337647e+00   1.8248114e+00   7.7437600e+02
   1.4342743e+00   1.8265704e+00   7.7537600e+02
   1.4347880e+00   1.8283316e+00   7.7637600e+02
   1.4353058e+00   1.8300951e+00   7.7737600e+02
   1.4358277e+00   1.8318608e+00   7.7837600e+02
   1.4363536e+00   1.8336288e+00   7.7937600e+02
   1.4368836e+00   1.8353991e+00   7.8037600e+02
   1.4374177e+00   1.8371715e+00   7.8137600e+02
   1.4379558e+00   1.8389463e+00   7.8237600e+02
   1.4384979e+00   1.8407232e+00   7.8337600e+02
   1.4390441e+00   1.8425024e+00   7.8437600e+02
   1.4395942e+00   1.8442838e+00   7.8537600e+02
   1.4401484e+00   1.8460674e+00   7.8637600e+02
   1.4407066e+00   1.8478532e+00   7.8737600e+02
   1.4412688e+00   1.8496412e+00   7.8837600e+02
   1.4418349e+00   1.8514314e+00   7.8937600e+02
   1.4424050e+00   1.8532237e+00   7.9037600e+02
   1.4429791e+00   1.8550183e+00   7.9137600e+02
   1.4435571e+00   1.8568150e+00   7.9237600e+02
   1.4441391e+00   1.8586139e+00   7.9337600e+02
   1.4447250e+00   1.8604150e+00   7.9437600e+02
   1.4453148e+00   1.8622182e+00   7.9537600e+02
   1.4459085e+00   1.8640235e+00   7.9637600e+02
   1.4465062e+00   1.8658310e+00   7.9737600e+02
   1.4471077e+00   1.8676406e+00   7.9837600e+02
   1.4477131e+00   1.8694524e+00   7.9937600e+02
   1.4483224e+00   1.8712663e+00   8.0037600e+02
   1.4489356e+00   1.8730823e+00   8.0137600e+02
   1.4495527e+00   1.8749004e+00   8.0237600e+02
   1.4501735e+00   1.8767206e+00   8.0337600e+02
   1.4507983e+00   1.8785429e+00   8.0437600e+02
   1.4514268e+00   1.8803673e+00   8.0537600e+02
   1.4520592e+00   1.8821937e+00   8.0637600e+02
   1.4526954e+00   1.8840223e+00   8.0737600e+02
   1.4533354e+00   1.8858529e+00   8.0837600e+02
   1.4539792e+00   1.8876856e+00   8.0937600e+02
   1.4546268e+00   1.8895204e+00   8.1037600e+02
   1.4552782e+00   1.8913572e+00   8.1137600e+02
   1.4559333e+00   1.8931960e+00   8.1237600e+02
   1.4565922e+00   1.8950369e+00   8.1337600e+02
   1.4572549e+00   1.8968799e+00   8.1437600e+02
   1.4579212e+00   1.8987248e+00   8.1537600e+02
   1.4585914e+00   1.9005718e+00   8.1637600e+02
   1.4592652e+00   1.9024208e+00   8.1737600e+02
   1.4599428e+00   1.9042718e+00   8.1837600e+02
   1.4606240e+00   1.9061248e+00   8.1937600e+02
   1.4613090e+00   1.9079798e+00   8.2037600e+02
   1.4619976e+00   1.9098368e+00   8.2137600e+02
   1.4626899e+00   1.9116958e+00   8.2237600e+02
   1.4633859e+00   1.9135567e+00   8.2337600e+02
   1.4640856e+00   1.9154197e+00   8.2437600e+02
   1.4647889e+00   1.9172846e+00   8.2537600e+02
   1.4654958e+00   1.9191514e+00   8.2637600e+02
   1.4662064e+00   1.9210202e+00   8.2737600e+02
   1.4669206e+00   1.9228910e+00   8.2837600e+02
   1.4676384e+00   1.9247637e+00   8.2937600e+02
   1.4683598e+00   1.9266383e+00   8.3037600e+02
   1.4690848e+00   1.9285148e+00   8.3137600e+02
   1.4698134e+00   1.9303933e+00   8.3237600e+02
   1.4705455e+00   1.9322737e+00   8.3337600e+02
   1.4712813e+00   1.9341560e+00   8.3437600e+02
   1.4720206e+00   1.9360402e+00   8.3537600e+02
   1.4727634e+00   1.9379263e+00   8.3637600e+02
   1.4735098e+00   1.9398143e+00   8.3737600e+02
   1.4742597e+00   1.9417042e+00   8.3837600e+02
   1.4750132e+00   1.9435959e+00   8.3937600e+02
   1.4757701e+00   1.9454895e+00   8.4037600e+02
   1.4765306e+00   1.9473850e+00   8.4137600e+02
   1.4772945e+00   1.9492824e+00   8.4237600e+02
   1.4780620e+00   1.9511815e+00   8.4337600e+02
   1.4788329e+00   1.9530826e+00   8.4437600e+02
   1.4796072e+00   1.9549855e+00   8.4537600e+02
   1.4803851e+00   1.9568902e+00   8.4637600e+02
   1.4811664e+00   1.9587967e+00   8.4737600e+02
   1.4819511e+00   1.9607051e+00   8.4837600e+02
   1.4827392e+00   1.9626153e+00   8.4937600e+02
   1.4835308e+00   1.9645273e+00   8.5037600e+02
   1.4843258e+00   1.9664411e+00   8.5137600e+02
   1.4851242e+00   1.9683566e+00   8.5237600e+02
   1.4859260e+00   1.9702740e+00   8.5337600e+02
   1.4867312e+00   1.9721932e+00   8.5437600e+02
   1.4875397e+00   1.9741141e+00   8.5537600e+02
   1.4883516e+00   1.9760368e+00   8.5637600e+02
   1.4891669e+00   1.9779613e+00   8.5737600e+02
   1.4899855e+00   1.9798875e+00   8.5837600e+02
   1.4908075e+00   1.9818155e+00   8.5937600e+02
   1.4916328e+00   1.9837452e+00   8.6037600e+02
   1.4924614e+00   1.9856767e+00   8.6137600e+02
   1.4932933e+00   1.9876099e+00   8.6237600e+02
   1.4941285e+00   1.9895448e+00   8.6337600e+02
   1.4949671e+00   1.9914815e+00   8.6437600e+02
   1.4958089e+00   1.9934199e+00   8.6537600e+02
   1.4966540e+00   1.9953599e+00   8.6637600e+02
   1.4975023e+00   1.9973017e+00   8.6737600e+02
   1.4983539e+00   1.9992452e+00   8.6837600e+02
   1.4992088e+00   2.0011903e+00   8.6937600e+02
   1.5000668e+00   2.0031372e+00   8.7037600e+02
   1.5009282e+00   2.0050857e+00   8.7137600e+02
   1.5017927e+00   2.0070359e+00   8.7237600e+02
   1.5026605e+00   2.0089877e+00   8.7337600e+02
   1.5035314e+00   2.0109412e+00   8.7437600e+02
   1.5044056e+00   2.0128964e+00   8.7537600e+02
   1.5052829e+00   2.0148532e+00   8.7637600e+02
   1.5061634e+00   2.0168117e+00   8.7737600e+02
   1.5070471e+00   2.0187718e+00   8.7837600e+02
   1.5079339e+00   2.0207335e+00   8.7937600e+02
   1.5088239e+00   2.0226968e+00   8.8037600e+02
   1.5097170e+00   2.0246617e+00   8.8137600e+02
   1.5106132e+00   2.0266283e+00   8.8237600e+02
   1.5115126e+00   2.0285964e+00   8.8337600e+02
   1.5124151e+00   2.0305662e+00   8.8437600e+02
   1.5133207e+00   2.0325375e+00   8.8537600e+02
   1.5142293e+00   2.0345104e+00   8.8637600e+02
   1.5151411e+00   2.0364849e+00   8.8737600e+02
   1.5160559e+00   2.0384610e+00   8.8837600e+02
   1.5169738e+00   2.0404386e+00   8.8937600e+02
   1.5178948e+00   2.0424178e+00   8.9037600e+02
   1.5188188e+00   2.0443986e+00   8.9137600e+02
   1.5197458e+00   2.0463809e+00   8.9237600e+02
   1.5206759e+00   2.0483647e+00   8.9337600e+02
   1.5216089e+00   2.0503500e+00   8.9437600e+02
   1.5225450e+00   2.0523369e+00   8.9537600e+02
   1.5234841e+00   2.0543253e+00   8.9637600e+02
   1.5244262e+00   2.0563152e+00   8.9737600e+02
   1.5253713e+00   2.0583067e+00   8.9837600e+02
   1.5263193e+00   2.0602996e+00   8.9937600e+02
   1.5272703e+00   2.0622940e+00   9.0037600e+02