   1.0000000e+00  -1.0593371e+02   1.0867491e+00   5.3387494e+01   2.4700000e+02   1.9900000e+02   1.7478017e+02   9.6685459e+03   5.8344811e+00   1.4661083e+00   5.8577631e+00   1.3490770e+00   6.6261847e+00   1.3119392e+02   1.5355080e-02   1.7040707e-02   1.4178631e-02   1.5800642e-02   9.9240288e-01   2.0000000e+00
   1.0000000e+00   7.5328969e+01   9.5526426e-01   4.7591169e+01   4.3600000e+02   2.9900000e+02   1.9747801e+02   1.7258986e+04   6.3219245e+00   1.4292589e+00   5.7368251e+00   1.4961921e+00   9.3261702e+00   1.9169319e+02   1.1922276e-02   1.3390221e-02   1.2458276e-02   1.3959808e-02   9.9507409e-01   5.0000000e+00
   1.0000000e+00  -3.3531643e+02   1.6704700e+00   6.0722577e+01   2.3200000e+02   3.6100000e+02   2.1846012e+02   9.8078427e+03   5.4749423e+00   2.0331822e+00   6.3019032e+00   1.2171318e+00   8.8944534e+00   1.9719454e+02   2.9280934e-02   3.2780001e-02   1.7810963e-02   2.0567015e-02   9.8459002e-01   7.0000000e+00
   1.0000000e+00  -5.7288952e+01   9.6990323e-01   5.1831957e+01   3.2400000e+02   4.4900000e+02   1.6337494e+02   4.2570346e+03   5.6325620e+00   1.3872857e+00   6.4502256e+00   1.4303341e+00   5.2031734e+00   1.0316952e+02   2.5994724e-02   2.8932395e-02   2.6766801e-02   2.9741715e-02   9.7616902e-01   8.0000000e+00
   3.0000000e+00  -1.7994897e+02   1.1571937e+00   9.9754316e+01   3.3700000e+02   9.8000000e+01   1.2420089e+02   5.6461523e+03   6.0611801e+00   1.5850590e+00   5.5149985e+00   1.3697439e+00   5.6297696e+00   1.1658352e+02   2.4359214e-02   2.7273107e-02   2.1168087e-02   2.3874942e-02   9.8327886e-01   1.0000000e+00
   3.0000000e+00  -3.0017626e+02   1.7546622e+00   1.0359888e+02   9.6000000e+01   2.1000000e+02   1.5338572e+02   6.5109929e+03   6.1189225e+00   2.1766746e+00   5.5918728e+00   1.2405091e+00   7.0959482e+00   1.6426781e+02   3.8019471e-02   4.2902972e-02   2.2011686e-02   2.5791842e-02   9.7679582e-01   4.0000000e+00
   3.0000000e+00   3.3386132e+02   7.6451754e-01   8.3323954e+01   4.0400000e+02   2.2300000e+02   1.0183891e+02   3.8718252e+03   6.0819417e+00   1.4184901e+00   5.9360790e+00   1.8554056e+00   5.0081057e+00   1.1390251e+02   2.8733570e-02   3.3525441e-02   3.7274161e-02   4.2661097e-02   9.6974256e-01   6.0000000e+00
   3.0000000e+00  -1.7943924e+02   1.2639454e+00   9.9738016e+01   4.2900000e+02   2.7700000e+02   2.3886936e+02   1.7592535e+04   6.2460884e+00   1.6810307e+00   6.3580444e+00   1.3299868e+00   1.1929582e+01   2.5065760e+02   1.7619995e-02   1.9734079e-02   1.4061809e-02   1.5955352e-02   9.9205652e-01   8.0000000e+00
   4.0000000e+00  -1.9317755e+01   1.0953290e+00   9.0617733e+01   8.8000000e+01   1.6800000e+02   7.5674355e+01   3.2817097e+03   6.0022396e+00   1.4691502e+00   6.0640367e+00   1.3412867e+00   3.6348092e+00   7.1837456e+01   2.4851000e-02   2.7564907e-02   2.2775978e-02   2.5377342e-02   9.8043610e-01   2.0000000e+00
   4.0000000e+00   1.1480487e+02   9.1451451e-01   8.6328829e+01   4.4200000e+02   2.5700000e+02   5.2160360e+01   1.0210907e+04   6.4126851e+00   1.3379539e+00   5.7258598e+00   1.4630209e+00   6.2791230e+00   1.2371017e+02   1.2608819e-02   1.4035834e-02   1.3735812e-02   1.5222873e-02   9.9390371e-01   8.0000000e+00
   4.0000000e+00  -3.3934643e+00   1.0055092e+00   9.0108514e+01   4.2000000e+02   3.6600000e+02   6.6288265e+01   2.0759664e+04   5.7573802e+00   1.4266615e+00   5.6061027e+00   1.4188448e+00   7.9992372e+00   1.6014075e+02   8.4364168e-03   9.4029668e-03   8.3920882e-03   9.3546449e-03   9.9755616e-01   1.2000000e+01
   4.0000000e+00   2.2017593e+02   7.9906351e-01   8.2959327e+01   8.8000000e+01   4.0300000e+02   8.0837184e+01   5.7336859e+03   5.8184242e+00   1.3643827e+00   6.1445366e+00   1.7074772e+00   6.7709161e+00   1.4510491e+02   2.5145045e-02   2.8700314e-02   3.1217504e-02   3.5171042e-02   9.7589708e-01   1.3000000e+01
   5.0000000e+00   5.4839729e+02   6.3751946e-01   8.4463632e+01   1.4800000e+02   2.0300000e+02   5.3915455e+01   5.8053577e+03   5.5702746e+00   1.4691461e+00   6.1805249e+00   2.3044725e+00   1.1337786e+01   2.9343078e+02   4.5595186e-02   5.6306388e-02   7.1035976e-02   8.3857941e-02   9.2494468e-01   7.0000000e+00
   5.0000000e+00   3.4403795e+02   6.8337267e-01   9.0998531e+01   1.0600000e+02   3.1000000e+02   1.6606837e+02   2.3872415e+04   5.7805451e+00   1.4313884e+00   6.0643902e+00   2.0945942e+00   2.2611156e+01   5.4911472e+02   2.1411837e-02   2.5697867e-02   3.1038984e-02   3.6007155e-02   9.8242819e-01   8.0000000e+00
   5.0000000e+00   1.5268767e+02   9.2114109e-01   9.7117432e+01   2.4100000e+02   3.4500000e+02   1.4456502e+01   7.3959330e+03   5.5591862e+00   1.3347488e+00   5.7467037e+00   1.4490167e+00   4.8435479e+00   9.4879151e+01   1.3373662e-02   1.4866626e-02   1.4468074e-02   1.6018768e-02   9.9313671e-01   9.0000000e+00
   5.0000000e+00  -1.6065631e+02   1.2885942e+00   1.0713739e+02   1.2700000e+02   3.6600000e+02   7.4861708e+01   1.2406402e+04   6.1981679e+00   1.7604050e+00   6.3653491e+00   1.3661438e+00   9.4208719e+00   2.0507474e+02   2.0747711e-02   2.3442092e-02   1.6241393e-02   1.8635385e-02   9.8972371e-01   1.0000000e+01
   5.0000000e+00   2.4547886e+02   8.1891798e-01   9.4150203e+01   1.8400000e+02   3.7200000e+02   3.8056606e+01   1.1896629e+04   5.8489825e+00   1.4047079e+00   6.0599026e+00   1.7153219e+00   6.5309845e+00   1.4225401e+02   1.2025022e-02   1.3793562e-02   1.4584250e-02   1.6528642e-02   9.9462802e-01   1.1000000e+01
   5.0000000e+00  -3.0363567e+02   1.6050751e+00   1.1170951e+02   1.9600000e+02   4.0600000e+02   1.3935217e+02   1.9805911e+04   5.5609612e+00   2.1986269e+00   6.2784137e+00   1.3697969e+00   1.2250897e+01   2.9931347e+02   2.1715652e-02   2.5055094e-02   1.3660408e-02   1.6351436e-02   9.9215952e-01   1.2000000e+01
   6.0000000e+00  -1.2936453e+02   1.1224053e+00   9.8136753e+01   3.9000000e+02   1.0600000e+02   1.0066965e+02   1.9905205e+04   5.9004986e+00   1.4455709e+00   5.5602853e+00   1.2879223e+00   1.0877290e+01   2.0923223e+02   1.1973574e-02   1.3200492e-02   1.0722487e-02   1.1888682e-02   9.9531122e-01   3.0000000e+00
   6.0000000e+00  -2.1411801e+02   1.4234470e+00   1.0084696e+02   3.6400000e+02   3.0600000e+02   9.8244182e+01   2.2343898e+04   5.8874829e+00   1.8056518e+00   6.2277711e+00   1.2685065e+00   1.6503264e+01   3.5109925e+02   2.0706461e-02   2.3148705e-02   1.4734833e-02   1.6816487e-02   9.9040324e-01   7.0000000e+00
   6.0000000e+00   5.1147075e+02   6.9540815e-01   7.7644450e+01   3.1300000e+02   3.2500000e+02   2.3191346e+01   7.8374286e+03   5.7175933e+00   1.4043421e+00   5.9618419e+00   2.0194502e+00   8.4633370e+00   1.9988394e+02   2.3953625e-02   2.8385615e-02   3.4104370e-02   3.9243279e-02   9.7779150e-01   8.0000000e+00
   6.0000000e+00  -2.5321760e+02   1.3146373e+00   1.0209726e+02   3.9400000e+02   3.4400000e+02   2.3036987e+01   4.2823130e+03   5.6009149e+00   1.6857823e+00   5.9668310e+00   1.2823174e+00   4.8696268e+00   1.0070104e+02   2.9592200e-02   3.2948129e-02   2.2746547e-02   2.5716946e-02   9.7824900e-01   9.0000000e+00
   7.0000000e+00   2.2888693e+02   8.5913501e-01   8.4680771e+01   3.4100000e+02   1.8700000e+02   3.4795224e+01   1.4087465e+04   6.2105479e+00   1.3934436e+00   6.2535333e+00   1.6219145e+00   7.7140194e+00   1.6288013e+02   1.1855789e-02   1.3450464e-02   1.3723455e-02   1.5437833e-02   9.9480324e-01   1.0000000e+00
   7.0000000e+00   3.7034905e+02   6.5609995e-01   8.0157168e+01   6.5000000e+01   2.8500000e+02   1.7613921e+01   4.8364017e+03   6.1545005e+00   1.2493244e+00   5.5287498e+00   1.9041677e+00   4.5637408e+00   9.9028103e+01   1.8753378e-02   2.1522031e-02   2.8177796e-02   3.1514257e-02   9.8393147e-01   3.0000000e+00
   7.0000000e+00  -2.7294179e+02   1.4694428e+00   1.0072799e+02   2.9600000e+02   3.8400000e+02   6.6688921e+01   1.4073855e+04   6.0762156e+00   1.8587552e+00   5.6672880e+00   1.2649388e+00   1.1195605e+01   2.4130266e+02   2.3037520e-02   2.5794424e-02   1.5891938e-02   1.8213186e-02   9.8870633e-01   6.0000000e+00
   7.0000000e+00   5.9464398e+02   6.0030107e-01   7.2984779e+01   7.7000000e+01   3.9000000e+02   2.9751140e+01   1.9219465e+04   6.0416818e+00   1.4335739e+00   6.6317043e+00   2.3880915e+00   9.9910698e+00   2.6190445e+02   1.2099356e-02   1.4899995e-02   2.0116311e-02   2.3799185e-02   9.9406000e-01   8.0000000e+00
   7.0000000e+00   1.5814678e+02   8.5879538e-01   8.6942863e+01   1.5600000e+02   4.0900000e+02   1.6882379e+01   1.3864185e+04   6.2828532e+00   1.3363411e+00   5.5549656e+00   1.5560646e+00   6.5082879e+00   1.3202291e+02   9.6992135e-03   1.0884207e-02   1.1226212e-02   1.2493982e-02   9.9631696e-01   1.1000000e+01
   8.0000000e+00  -1.2132982e+02   1.2325947e+00   9.0879823e+01   8.3000000e+01   1.2900000e+02   6.7356824e+01   6.1159305e+03   5.4883060e+00   1.5764451e+00   5.9740173e+00   1.2789647e+00   6.1985210e+00   1.2391667e+02   2.4480332e-02   2.7103519e-02   2.0031151e-02   2.2432060e-02   9.8328553e-01   3.0000000e+00
   8.0000000e+00   2.3798315e+02   8.1253518e-01   7.9389897e+01   1.4600000e+02   1.7700000e+02   4.9952905e+01   1.5915569e+04   6.0126779e+00   1.3988298e+00   5.8272193e+00   1.7215621e+00   1.0424038e+01   2.2699827e+02   1.4296221e-02   1.6399197e-02   1.7470505e-02   1.9787602e-02   9.9236499e-01   4.0000000e+00
   8.0000000e+00  -3.1191162e+02   1.3736626e+00   9.6974150e+01   3.4400000e+02   1.9100000e+02   7.2839929e+01   1.1050852e+04   6.1446212e+00   1.8333997e+00   5.9548257e+00   1.3346798e+00   1.3572224e+01   2.9805081e+02   3.5045069e-02   3.9568777e-02   2.5786534e-02   2.9707176e-02   9.7321955e-01   5.0000000e+00
   8.0000000e+00   4.6205417e+02   6.1151797e-01   7.2224668e+01   1.3300000e+02   2.1200000e+02   4.5211679e+01   8.1518385e+03   5.5835012e+00   1.4409060e+00   5.8611910e+00   2.3562775e+00   8.3677302e+00   2.1723335e+02   2.3729007e-02   2.9271200e-02   3.8540860e-02   4.5379826e-02   9.7771371e-01   6.0000000e+00
   8.0000000e+00   2.4312053e+02   7.9349557e-01   7.9225616e+01   1.6100000e+02   3.2600000e+02   6.5135628e+01   2.1103775e+04   6.4129659e+00   1.3718948e+00   5.8093773e+00   1.7289256e+00   1.0074175e+01   2.1780268e+02   1.0235381e-02   1.1712871e-02   1.2795624e-02   1.4444581e-02   9.9594406e-01   9.0000000e+00
   8.0000000e+00   5.8496674e+02   6.7079811e-01   6.8294233e+01   2.3700000e+02   3.3100000e+02   6.0429706e+01   1.1781055e+04   6.4080976e+00   1.4576058e+00   5.9658807e+00   2.1729427e+00   1.0454952e+01   2.6110599e+02   2.0428315e-02   2.4834424e-02   3.0196925e-02   3.5325628e-02   9.8416840e-01   1.1000000e+01
   8.0000000e+00  -2.2662345e+02   1.4304747e+00   9.4246849e+01   1.4100000e+02   4.3900000e+02   1.2032338e+02   2.0916394e+04   5.6669742e+00   1.8374629e+00   5.9347720e+00   1.2845126e+00   1.5256392e+01   3.2940812e+02   2.0888522e-02   2.3417914e-02   1.4785893e-02   1.6942804e-02   9.9047760e-01   1.4000000e+01
   9.0000000e+00  -1.6055903e+02   1.1256080e+00   9.6134274e+01   1.5700000e+02   9.6000000e+01   5.4407881e+01   4.9903807e+03   5.8458334e+00   1.5228378e+00   5.8892385e+00   1.3529024e+00   5.6243309e+00   1.1357260e+02   2.6331840e-02   2.9324445e-02   2.3503420e-02   2.6332494e-02   9.7928707e-01   2.0000000e+00
   9.0000000e+00   5.5760995e+02   7.6902563e-01   7.3169035e+01   3.5200000e+02   1.7100000e+02   1.1817032e+02   1.6553693e+04   5.8400045e+00   1.6599421e+00   6.2053068e+00   2.1585004e+00   1.5929474e+01   4.2219228e+02   2.4048639e-02   3.0538424e-02   3.1148211e-02   3.8085865e-02   9.8185040e-01   5.0000000e+00
   9.0000000e+00  -2.8315909e+02   1.6823012e+00   1.0005472e+02   2.5000000e+02   2.6200000e+02   2.0637220e+02   9.0415042e+03   5.4652330e+00   2.0067349e+00   6.4567481e+00   1.1928512e+00   2.1474855e+01   4.6848157e+02   7.5462792e-02   8.4131685e-02   4.5629954e-02   5.2460799e-02   9.0451117e-01   1.0000000e+01
   9.0000000e+00  -2.8971646e+02   1.5689275e+00   1.0026440e+02   3.1700000e+02   3.0900000e+02   2.1553630e+02   3.2957287e+04   6.3623921e+00   2.1149723e+00   6.1691786e+00   1.3480370e+00   3.0624116e+01   7.2695411e+02   3.1177816e-02   3.5688182e-02   2.0097546e-02   2.3802154e-02   9.8301231e-01   1.3000000e+01
   9.0000000e+00  -2.5388606e+00   9.9101503e-01   9.1081186e+01   9.4000000e+01   3.1800000e+02   1.2190917e+02   3.1801754e+04   5.6162579e+00   1.4472745e+00   5.9000712e+00   1.4603961e+00   1.8141069e+01   3.7078772e+02   1.2721667e-02   1.4253058e-02   1.2832668e-02   1.4374885e-02   9.9454566e-01   1.4000000e+01
   9.0000000e+00   2.2591888e+02   7.5608356e-01   8.3775682e+01   7.2000000e+01   3.8000000e+02   8.6987326e+01   1.9486954e+04   6.1293166e+00   1.3451757e+00   5.4736944e+00   1.7791363e+00   1.0875582e+01   2.3630434e+02   1.1806459e-02   1.3534297e-02   1.5468056e-02   1.7419146e-02   9.9439299e-01   1.7000000e+01
   1.0000000e+01   3.1542620e+01   9.0937998e-01   8.4991346e+01   2.3200000e+02   1.8300000e+02   5.6392833e+01   1.0723470e+04   5.9681682e+00   1.3150963e+00   5.8895757e+00   1.4461461e+00   5.1190640e+00   9.9472639e+01   9.5845493e-03   1.0643116e-02   1.0496607e-02   1.1600952e-02   9.9637694e-01   2.0000000e+00
   1.0000000e+01  -2.7184721e+02   1.3529380e+00   9.4692991e+01   2.6900000e+02   1.9900000e+02   1.3009716e+02   1.6519247e+04   6.3314956e+00   1.7911682e+00   5.8553136e+00   1.3239101e+00   1.2232584e+01   2.6458588e+02   2.0625395e-02   2.3197526e-02   1.5405187e-02   1.7650333e-02   9.9022609e-01   3.0000000e+00
   1.0000000e+01  -9.6398169e+01   1.0626698e+00   8.9082571e+01   4.0900000e+02   2.2800000e+02   1.3995806e+02   1.6394744e+04   5.9256859e+00   1.4174280e+00   5.7153424e+00   1.3338367e+00   1.0099982e+01   1.9569494e+02   1.3274627e-02   1.4675460e-02   1.2524881e-02   1.3887541e-02   9.9400102e-01   4.0000000e+00
   1.0000000e+01   1.7135669e+01   9.6463787e-01   8.5452044e+01   2.1000000e+02   2.6100000e+02   2.8546308e+01   1.3314627e+04   5.8873500e+00   1.3802777e+00   5.6538968e+00   1.4308766e+00   6.3171834e+00   1.2498474e+02   1.0031025e-02   1.1163544e-02   1.0383235e-02   1.1532854e-02   9.9634722e-01   5.0000000e+00
   1.0000000e+01  -2.7260001e+02   1.6531742e+00   9.4717064e+01   2.5600000e+02   2.9300000e+02   2.0639500e+02   2.8675723e+04   5.9595316e+00   2.1526599e+00   5.6006753e+00   1.3021374e+00   2.0996763e+01   4.9443598e+02   2.5105301e-02   2.8561899e-02   1.5391273e-02   1.8166640e-02   9.8936123e-01   7.0000000e+00
   1.0000000e+01   5.9691812e+01   9.8382192e-01   8.4091206e+01   3.9500000e+02   2.9400000e+02   1.0497876e+02   1.7840143e+04   5.7478147e+00   1.4247775e+00   5.5530454e+00   1.4482067e+00   7.6023414e+00   1.5360218e+02   9.3411259e-03   1.0438943e-02   9.4885356e-03   1.0591975e-02   9.9698249e-01   8.0000000e+00
   1.0000000e+01  -3.4353920e+02   1.5186316e+00   9.6985521e+01   4.0300000e+02   3.0400000e+02   1.0362512e+02   8.2950597e+03   5.5670114e+00   2.3757185e+00   6.4708127e+00   1.5643811e+00   9.4995402e+00   2.5821328e+02   4.2498480e-02   5.1464117e-02   2.8027596e-02   3.5607192e-02   9.7236610e-01   1.0000000e+01
   1.0000000e+01   4.9993677e+02   6.8152428e-01   7.0013278e+01   1.5400000e+02   4.0000000e+02   9.9482740e+01   2.9001377e+04   5.5347440e+00   1.4929855e+00   6.2929197e+00   2.1906564e+00   2.0125582e+01   5.1096171e+02   1.6305348e-02   1.9978988e-02   2.3757947e-02   2.8010698e-02   9.9017258e-01   1.3000000e+01
   1.1000000e+01   2.7547910e+02   7.5466918e-01   8.8190870e+01   2.6800000e+02   2.2000000e+02   7.1413305e+01   9.3840355e+03   5.9750374e+00   1.3289953e+00   6.5240965e+00   1.7610303e+00   6.1774594e+00   1.3277553e+02   1.3745287e-02   1.5704920e-02   1.8036439e-02   2.0251885e-02   9.9229382e-01   4.0000000e+00
   1.1000000e+01  -2.1420207e+02   1.4895046e+00   1.0384964e+02   1.8000000e+02   3.2600000e+02   1.7482139e+02   1.3200869e+04   6.5090448e+00   1.9560107e+00   6.3298267e+00   1.3131955e+00   2.0357721e+01   4.5869130e+02   4.7524632e-02   5.3726077e-02   3.2287585e-02   3.7481039e-02   9.5679688e-01   7.0000000e+00
   1.1000000e+01  -1.8401486e+02   1.2924235e+00   1.0288433e+02   2.6100000e+02   3.3000000e+02   1.5359425e+02   1.8277089e+04   5.8760440e+00   1.6778226e+00   6.0245583e+00   1.2981987e+00   1.3444405e+01   2.7898437e+02   1.9034505e-02   2.1240898e-02   1.4872213e-02   1.6828956e-02   9.9077842e-01   8.0000000e+00
   1.1000000e+01   2.1643499e+02   8.7333515e-01   9.0078953e+01   3.1200000e+02   3.9900000e+02   6.9229163e+01   5.9717434e+03   6.0137379e+00   1.3797778e+00   6.1177190e+00   1.5798950e+00   5.1656083e+00   1.0718138e+02   1.8487909e-02   2.0866709e-02   2.1061332e-02   2.3601715e-02   9.8735476e-01   1.2000000e+01
   1.2000000e+01   1.1097705e+02   9.3444151e-01   9.2451233e+01   2.9700000e+02   8.1000000e+01   6.0402692e+01   9.4284739e+03   6.3440812e+00   1.4259495e+00   6.1373443e+00   1.5259912e+00   6.1186816e+00   1.2682921e+02   1.4307169e-02   1.6113718e-02   1.5271611e-02   1.7142455e-02   9.9285456e-01   1.0000000e+00
   1.2000000e+01  -2.5048814e+02   1.3609984e+00   1.0400998e+02   1.8300000e+02   9.2000000e+01   5.4335844e+01   7.4725471e+03   6.0197302e+00   1.8492924e+00   6.3732347e+00   1.3587763e+00   8.2137242e+00   1.8270460e+02   3.1646426e-02   3.5882645e-02   2.3487442e-02   2.7172594e-02   9.7822244e-01   2.0000000e+00
   1.2000000e+01  -3.3195799e+01   1.0252714e+00   9.7061518e+01   2.5000000e+02   1.4100000e+02   6.4107242e+01   3.9929237e+03   6.1889054e+00   1.3573892e+00   5.8966645e+00   1.3239317e+00   5.1515910e+00   9.7421740e+01   2.6446117e-02   2.9132012e-02   2.5824076e-02   2.8482962e-02   9.7493435e-01   3.0000000e+00
   1.2000000e+01   2.7156761e+02   7.3073184e-01   8.7315950e+01   1.2000000e+02   2.6100000e+02   1.6256646e+01   5.8062325e+03   5.5606919e+00   1.2975246e+00   6.2545964e+00   1.7756509e+00   4.3669138e+00   9.3151203e+01   1.5319657e-02   1.7481336e-02   2.0730731e-02   2.3225968e-02   9.9004880e-01   7.0000000e+00
   1.2000000e+01  -1.8908960e+02   1.3864752e+00   1.0204661e+02   3.1800000e+02   3.2600000e+02   4.5188018e+01   5.9932752e+03   6.1147815e+00   1.6476711e+00   6.3853474e+00   1.1883885e+00   6.6752849e+00   1.3167754e+02   2.7987885e-02   3.0821366e-02   2.0468939e-02   2.2935377e-02   9.8015403e-01   9.0000000e+00
   1.2000000e+01  -2.5553088e+02   1.6683224e+00   1.0417124e+02   1.0000000e+02   3.3600000e+02   7.9562432e+01   2.0124717e+04   6.2385402e+00   2.1019826e+00   6.2818615e+00   1.2599379e+00   1.5039880e+01   3.4446467e+02   2.4989198e-02   2.8200626e-02   1.5203770e-02   1.7759722e-02   9.8917956e-01   1.0000000e+01
   1.3000000e+01  -1.5033895e+02   1.0627975e+00   1.0280746e+02   4.1600000e+02   9.7000000e+01   7.0108022e+01   5.2176315e+03   5.4729421e+00   1.4097654e+00   5.8785697e+00   1.3264667e+00   5.3850551e+00   1.0379544e+02   2.2097514e-02   2.4393050e-02   2.0846987e-02   2.3091045e-02   9.8342766e-01   3.0000000e+00
   1.3000000e+01   4.0540239e+02   7.5792629e-01   8.5036250e+01   2.1700000e+02   2.5800000e+02   1.0834449e+02   8.6413827e+03   5.9675411e+00   1.4683844e+00   5.7686577e+00   1.9373710e+00   9.1969821e+00   2.1734594e+02   2.4427240e-02   2.8974840e-02   3.1986047e-02   3.7060956e-02   9.7873084e-01   1.2000000e+01
   1.3000000e+01  -6.5936096e+01   1.1441302e+00   1.0010847e+02   8.1000000e+01   3.1400000e+02   9.0655780e+01   1.9327756e+04   6.0160741e+00   1.6042543e+00   5.8600353e+00   1.4021606e+00   1.1923834e+01   2.5117222e+02   1.5280247e-02   1.7194552e-02   1.3421436e-02   1.5213015e-02   9.9343682e-01   1.4000000e+01
   1.3000000e+01   3.9719360e+02   6.7516217e-01   8.5298747e+01   1.2300000e+02   3.4600000e+02   8.3338674e+01   1.5947355e+04   6.3194442e+00   1.4081316e+00   5.7293426e+00   2.0856199e+00   1.2198645e+01   2.9340965e+02   1.7093818e-02   2.0396349e-02   2.5073202e-02   2.8949872e-02   9.8847870e-01   1.6000000e+01
   1.4000000e+01  -1.5743963e+02   1.1341904e+00   9.3034524e+01   2.9300000e+02   6.8000000e+01   6.1019175e+01   5.3029650e+03   6.3813186e+00   1.4281881e+00   5.7772166e+00   1.2592138e+00   4.4533763e+00   8.4256968e+01   1.8085763e-02   1.9870059e-02   1.6037567e-02   1.7735658e-02   9.8920668e-01   1.0000000e+00
   1.4000000e+01   4.3110190e+02   8.8463570e-01   7.4214444e+01   3.4000000e+02   1.0700000e+02   9.9221019e+01   1.0011875e+04   6.2616565e+00   1.4443075e+00   6.1360957e+00   1.6326580e+00   8.4577205e+00   1.8225723e+02   1.8956007e-02   2.1629392e-02   2.1336932e-02   2.4176604e-02   9.8752165e-01   4.0000000e+00
   1.4000000e+01   5.8529337e+02   7.4794882e-01   6.9283789e+01   4.1700000e+02   1.6700000e+02   1.1512844e+02   9.2274014e+03   6.0208795e+00   1.7009546e+00   5.9936790e+00   2.2741591e+00   1.2501733e+01   3.4465865e+02   3.4133980e-02   4.4671922e-02   4.5515255e-02   5.6727350e-02   9.6431282e-01   6.0000000e+00
   1.4000000e+01   5.1924093e+01   9.0845623e-01   8.6339598e+01   1.5400000e+02   2.8200000e+02   2.8867278e+02   1.8692689e+04   5.5663401e+00   1.5288725e+00   5.9710563e+00   1.6829347e+00   3.5752414e+01   8.0375138e+02   4.5372309e-02   5.2501542e-02   4.9790257e-02   5.7283064e-02   9.3736265e-01   9.0000000e+00
   1.4000000e+01  -2.7202564e+02   1.5087883e+00   9.6698697e+01   3.1200000e+02   3.0200000e+02   1.4679036e+02   2.0662826e+04   6.0641859e+00   1.9516452e+00   5.6131698e+00   1.2935182e+00   1.7980112e+01   4.0131689e+02   2.6630405e-02   3.0033979e-02   1.7886352e-02   2.0728758e-02   9.8600728e-01   1.2000000e+01
   1.4000000e+01  -2.0965777e+02   1.5892332e+00   9.4704329e+01   1.2700000e+02   3.4400000e+02   8.2217542e+01   7.3442778e+03   5.7740638e+00   1.8756343e+00   6.0463191e+00   1.1802134e+00   7.1177702e+00   1.4914914e+02   2.8286059e-02   3.1348510e-02   1.8112293e-02   2.0618621e-02   9.8366943e-01   1.3000000e+01
   1.5000000e+01   2.2166876e+02   9.3328456e-01   7.8911590e+01   4.0600000e+02   2.2800000e+02   6.8062915e+01   7.7570885e+03   6.0506741e+00   1.4237073e+00   5.8081440e+00   1.5254804e+00   6.5888384e+00   1.3645004e+02   1.8690324e-02   2.1051410e-02   1.9974300e-02   2.2414926e-02   9.8783706e-01   3.0000000e+00
   1.5000000e+01  -3.0589303e+02   1.4615219e+00   9.5781691e+01   3.4800000e+02   2.9600000e+02   1.0779441e+02   9.6193373e+03   5.4386987e+00   1.8575951e+00   5.6928134e+00   1.2710005e+00   9.5985263e+00   2.0743545e+02   2.9014216e-02   3.2470016e-02   2.0110475e-02   2.3034416e-02   9.8218895e-01   6.0000000e+00
   1.5000000e+01   2.4077572e+02   8.0561607e-01   7.8300597e+01   3.8900000e+02   3.1100000e+02   1.4130920e+02   1.9353840e+04   6.4196276e+00   1.3809703e+00   6.2870694e+00   1.7141792e+00   1.1857402e+01   2.5609900e+02   1.3217943e-02   1.5114664e-02   1.6284364e-02   1.8384177e-02   9.9334258e-01   7.0000000e+00
   1.5000000e+01   5.2755398e+02   7.5248198e-01   6.9130149e+01   3.0800000e+02   3.5500000e+02   1.1242893e+02   1.4635937e+04   6.1883388e+00   1.6377516e+00   6.2953210e+00   2.1764662e+00   1.1642446e+01   3.0801281e+02   1.9760260e-02   2.5010095e-02   2.6155577e-02   3.1834689e-02   9.8740139e-01   8.0000000e+00
   1.5000000e+01  -1.3555761e+02   1.1800739e+00   9.0334792e+01   4.4100000e+02   3.8700000e+02   1.1664533e+02   7.6415172e+03   5.7629770e+00   1.6153561e+00   6.4787341e+00   1.3688601e+00   5.9949577e+00   1.2525930e+02   1.9564981e-02   2.1935857e-02   1.6681786e-02   1.8867815e-02   9.8948114e-01   9.0000000e+00
   1.6000000e+01   5.3001472e+02   7.6016453e-01   7.0051461e+01   6.5000000e+01   5.9000000e+01   1.0195445e+02   7.5494294e+03   6.1332723e+00   1.5504890e+00   5.9454481e+00   2.0396756e+00   9.4776416e+00   2.3594145e+02   3.0040638e-02   3.6638431e-02   3.9269043e-02   4.6500642e-02   9.6996026e-01   1.0000000e+00
   1.6000000e+01   5.6450223e+02   7.6639849e-01   6.8948637e+01   3.0300000e+02   9.1000000e+01   1.6711113e+02   1.2022867e+04   5.7099488e+00   1.6468295e+00   6.2514728e+00   2.1487901e+00   1.1187020e+01   2.9471150e+02   2.3198513e-02   2.9286144e-02   3.0144629e-02   3.6696110e-02   9.8294890e-01   4.0000000e+00
   1.6000000e+01  -3.7213809e+02   1.5783741e+00   9.8900041e+01   2.5500000e+02   1.5400000e+02   1.8011398e+02   1.6065571e+04   5.9357160e+00   2.2903339e+00   5.8463715e+00   1.4510716e+00   1.8000466e+01   4.6145088e+02   4.0516281e-02   4.7628938e-02   2.5866124e-02   3.1813423e-02   9.7416460e-01   7.0000000e+00
   1.6000000e+01   5.2537154e+02   7.0699560e-01   7.0199938e+01   1.9000000e+02   2.7200000e+02   4.8200317e+01   1.4488972e+04   5.9599909e+00   1.5314148e+00   5.9484985e+00   2.1660881e+00   1.2903059e+01   3.2941904e+02   2.1171957e-02   2.6153405e-02   2.9745668e-02   3.5327390e-02   9.8417997e-01   1.0000000e+01
   1.6000000e+01   3.6970122e+02   7.3295456e-01   7.5177884e+01   2.7500000e+02   3.0600000e+02   8.2436490e+01   1.2859758e+04   6.4745820e+00   1.4181708e+00   5.9987009e+00   1.9348687e+00   1.0817626e+01   2.5119739e+02   1.8753912e-02   2.2056637e-02   2.5355181e-02   2.9127671e-02   9.8668055e-01   1.2000000e+01
   1.6000000e+01  -2.2844682e+00   1.0088903e+00   8.7073052e+01   1.3800000e+02   3.1800000e+02   1.4064523e+02   3.2414413e+04   6.0148631e+00   1.4450467e+00   6.3807684e+00   1.4323130e+00   1.6122787e+01   3.2623282e+02   1.1051357e-02   1.2349110e-02   1.0958089e-02   1.2247039e-02   9.9589012e-01   1.3000000e+01
   1.6000000e+01  -4.7435506e+01   1.0923662e+00   8.8516868e+01   1.8100000e+02   3.3700000e+02   6.7938664e+01   1.0503505e+04   6.0805493e+00   1.4159526e+00   5.7394371e+00   1.2962252e+00   5.8966756e+00   1.1265070e+02   1.2027994e-02   1.3252958e-02   1.1054592e-02   1.2233979e-02   9.9509481e-01   1.4000000e+01
   1.6000000e+01  -3.0957933e+02   1.5573874e+00   9.6899569e+01   3.7200000e+02   3.6000000e+02   2.1545598e+02   2.3299573e+04   5.5578394e+00   2.0753938e+00   6.2646504e+00   1.3326124e+00   2.0206470e+01   4.7252026e+02   2.8547211e-02   3.2541152e-02   1.8544273e-02   2.1821375e-02   9.8535200e-01   1.5000000e+01
   1.6000000e+01  -1.0868428e+02   1.1531399e+00   9.0475450e+01   2.2300000e+02   3.8400000e+02   3.7419797e+01   6.1232833e+03   6.3201251e+00   1.4776871e+00   5.7968643e+00   1.2814465e+00   6.4518440e+00   1.2512359e+02   2.3652286e-02   2.6092901e-02   2.0638351e-02   2.2934848e-02   9.8261353e-01   1.6000000e+01
   1.6000000e+01  -2.5643671e+02   1.4461876e+00   9.5200202e+01   2.8700000e+02   4.3500000e+02   7.8640761e+01   4.7969457e+03   6.1844952e+00   1.7353514e+00   6.4034302e+00   1.1999490e+00   6.8756791e+00   1.3974118e+02   3.8274935e-02   4.2328662e-02   2.6860465e-02   3.0314098e-02   9.6637402e-01   1.8000000e+01
   1.7000000e+01  -2.7430760e+02   1.3134796e+00   1.0477167e+02   4.2600000e+02   6.2000000e+01   5.8144127e+01   3.3063486e+03   5.7615040e+00   1.5633540e+00   5.9842061e+00   1.1902385e+00   7.0047794e+00   1.3479045e+02   5.0139715e-02   5.5046426e-02   3.8636938e-02   4.3020136e-02   9.3367973e-01   1.0000000e+00
   1.7000000e+01  -4.2871248e+00   1.0031824e+00   9.6137091e+01   2.9400000e+02   1.0900000e+02   3.7120165e+01   6.0906436e+03   5.7429733e+00   1.3822182e+00   6.2972095e+00   1.3778334e+00   5.4436660e+00   1.0584116e+02   1.8822700e-02   2.0850892e-02   1.8765328e-02   2.0790127e-02   9.8740508e-01   2.0000000e+00
   1.7000000e+01  -2.9244469e+02   1.8685743e+00   1.0535165e+02   1.2700000e+02   2.4300000e+02   3.2460340e+01   6.4527872e+03   6.2527831e+00   2.2097831e+00   5.6094746e+00   1.1826038e+00   6.1826301e+00   1.4115223e+02   3.4152840e-02   3.8307822e-02   1.8606521e-02   2.1681943e-02   9.8199431e-01   5.0000000e+00
   1.7000000e+01  -2.4009065e+01   1.0496515e+00   9.6767750e+01   7.5000000e+01   4.0500000e+02   5.2147170e+01   1.5420961e+04   6.4520031e+00   1.4626602e+00   6.1856488e+00   1.3934722e+00   1.0113765e+01   2.0313951e+02   1.4722816e-02   1.6398207e-02   1.4055110e-02   1.5698220e-02   9.9292411e-01   9.0000000e+00
   1.7000000e+01   1.6800155e+02   8.5097467e-01   9.0627732e+01   9.7000000e+01   4.2400000e+02   3.4112388e+01   1.8813328e+04   6.3029981e+00   1.3457484e+00   6.5395906e+00   1.5814200e+00   8.2047417e+00   1.6831300e+02   9.1017521e-03   1.0242494e-02   1.0629468e-02   1.1852181e-02   9.9677786e-01   1.0000000e+01
   1.8000000e+01  -2.2037236e+02   1.3518470e+00   1.0104695e+02   2.3000000e+02   2.3800000e+02   1.4035750e+02   1.1297877e+04   6.2841471e+00   1.7077827e+00   6.3415428e+00   1.2632959e+00   1.1155504e+01   2.3050297e+02   2.6023099e-02   2.8949473e-02   1.9474468e-02   2.2028298e-02   9.8351740e-01   2.0000000e+00
   1.8000000e+01  -1.6149473e+02   1.3345411e+00   9.9164196e+01   1.1100000e+02   3.3200000e+02   5.2781627e+01   6.8889660e+03   5.8839685e+00   1.6226127e+00   5.6226484e+00   1.2158581e+00   6.5783606e+00   1.3019431e+02   2.3648392e-02   2.6090764e-02   1.7937572e-02   2.0090849e-02   9.8529808e-01   5.0000000e+00
   1.9000000e+01   1.5832451e+02   9.0533568e-01   8.9937180e+01   2.4900000e+02   2.3400000e+02  -9.7734551e+00   1.6235985e+04   5.7086585e+00   1.4306517e+00   5.9409342e+00   1.5802445e+00   6.5187056e+00   1.3764116e+02   8.9050060e-03   1.0091003e-02   9.8006256e-03   1.1047975e-02   9.9720537e-01   5.0000000e+00
   1.9000000e+01   4.8528924e+00   9.7903240e-01   9.4844817e+01   1.2800000e+02   2.5300000e+02  -3.7653563e+00   1.2032666e+04   6.0321067e+00   1.3811531e+00   6.5292642e+00   1.4107328e+00   5.9875325e+00   1.1769741e+02   1.0510464e-02   1.1676152e-02   1.0726195e-02   1.1898307e-02   9.9601003e-01   6.0000000e+00
   1.9000000e+01  -2.2071041e+02   1.4681031e+00   1.0205776e+02   1.1000000e+02   2.8600000e+02   1.2269075e+02   3.7337081e+04   6.4973253e+00   2.0340036e+00   5.5629761e+00   1.3854637e+00   1.9324106e+01   4.5567418e+02   1.6608640e-02   1.9051309e-02   1.1423763e-02   1.3489626e-02   9.9474877e-01   8.0000000e+00
   1.9000000e+01  -1.4695141e+02   1.2613301e+00   9.9699137e+01   6.1000000e+01   2.9000000e+02   2.7849654e+01   9.9044281e+03   5.7480521e+00   1.5634112e+00   5.5563887e+00   1.2394940e+00   6.7236485e+00   1.3189150e+02   1.6163115e-02   1.7828052e-02   1.2942556e-02   1.4447981e-02   9.9259974e-01   9.0000000e+00
   2.0000000e+01   1.4481001e+01   9.6923832e-01   9.0536934e+01   2.7000000e+02   1.3500000e+02   4.8784383e+01   1.9405729e+04   5.5966290e+00   1.3627672e+00   6.2996434e+00   1.4060187e+00   7.0827175e+00   1.3810821e+02   7.5912571e-03   8.4202083e-03   7.8216357e-03   8.6627854e-03   9.9786949e-01   1.0000000e+00
   2.0000000e+01  -2.8607114e+02   1.8362509e+00   1.0014784e+02   1.0100000e+02   1.6500000e+02   6.9950220e+01   1.9282831e+04   6.1073330e+00   2.3852086e+00   5.7771536e+00   1.2989557e+00   1.6378276e+01   4.0754757e+02   3.3108246e-02   3.8101877e-02   1.8227269e-02   2.1887079e-02   9.8456022e-01   2.0000000e+00
   2.0000000e+01   9.4028744e+00   1.0029658e+00   9.0699320e+01   1.2400000e+02   2.5900000e+02  -1.2414217e+01   1.1655889e+04   5.9223072e+00   1.3341155e+00   6.0221117e+00   1.3301705e+00   5.5373943e+00   1.0409160e+02   9.5565007e-03   1.0522489e-02   9.5295933e-03   1.0494454e-02   9.9655217e-01   4.0000000e+00
   2.0000000e+01   4.3851294e+02   6.9760194e-01   7.6977458e+01   2.0300000e+02   3.1200000e+02   3.6193097e+00   4.0554585e+03   5.7847138e+00   1.1993463e+00   6.3965434e+00   1.7192416e+00   4.6322542e+00   9.3705927e+01   2.1381710e-02   2.4092733e-02   3.0209544e-02   3.3369801e-02   9.7846701e-01   6.0000000e+00
   2.0000000e+01   4.4227742e+02   7.8611808e-01   7.6857079e+01   4.1700000e+02   3.6800000e+02   4.5492017e+01   6.0682400e+03   5.7174141e+00   1.4412634e+00   4.7980252e+00   1.8333930e+00   7.9053691e+00   1.8087291e+02   3.0029858e-02   3.4806094e-02   3.8020067e-02   4.3325273e-02   9.6811728e-01   8.0000000e+00
   2.1000000e+01   3.4098534e+01   9.8481304e-01   9.5909615e+01   4.4800000e+02   2.0600000e+02   3.1361019e+02   2.2532356e+04   6.0246748e+00   1.4450604e+00   6.2002388e+00   1.4673449e+00   1.0285302e+01   2.1054685e+02   1.0164607e-02   1.1398732e-02   1.0315145e-02   1.1557560e-02   9.9649758e-01   5.0000000e+00
   2.1000000e+01   1.9919749e+02   7.8482112e-01   9.0630165e+01   7.5000000e+01   2.3100000e+02   2.8915287e+02   1.4159190e+04   5.9822163e+00   1.3792511e+00   6.3126435e+00   1.7574082e+00   8.8618594e+00   1.9364460e+02   1.3512529e-02   1.5522660e-02   1.7077275e-02   1.9319951e-02   9.9297501e-01   7.0000000e+00
   2.1000000e+01   4.3967802e+02   6.8730618e-01   8.2940202e+01   2.8200000e+02   2.8400000e+02   3.2330007e+02   1.1524806e+04   6.3708819e+00   1.5645641e+00   6.4029963e+00   2.2763714e+00   9.7377303e+00   2.5838091e+02   2.0554237e-02   2.5848148e-02   2.9796250e-02   3.5859343e-02   9.8522108e-01   9.0000000e+00
   2.1000000e+01   5.9891860e+01   9.9879824e-01   9.5084809e+01   3.7900000e+02   3.3400000e+02   2.3949240e+02   9.0055053e+03   5.9026521e+00   1.4849150e+00   5.8072908e+00   1.4867017e+00   5.7412833e+00   1.1983740e+02   1.4622078e-02   1.6477130e-02   1.4639189e-02   1.6494164e-02   9.9306507e-01   1.2000000e+01
   2.1000000e+01  -8.6214644e+01   1.1494091e+00   9.9756928e+01   6.0000000e+01   3.7100000e+02   3.3449406e+02   2.2379734e+04   6.1430529e+00   1.6140426e+00   6.3533767e+00   1.4042368e+00   1.6247517e+01   3.4349509e+02   1.8105525e-02   2.0387706e-02   1.5833058e-02   1.7962578e-02   9.9089506e-01   1.3000000e+01
   2.1000000e+01   2.3381653e+02   8.1024226e-01   8.9523135e+01   2.0400000e+02   3.7900000e+02   2.3399797e+02   6.8815384e+03   6.4653593e+00   1.4501871e+00   6.4583561e+00   1.7898191e+00   6.0070878e+00   1.3570595e+02   1.9820684e-02   2.3008039e-02   2.4304650e-02   2.7798098e-02   9.8604545e-01   1.4000000e+01
   2.1000000e+01   2.7017907e+01   9.6387238e-01   9.6136035e+01   1.9000000e+02   3.8700000e+02   2.3027500e+02   8.5644394e+03   5.7265993e+00   1.4265814e+00   5.8198602e+00   1.4800522e+00   6.0088803e+00   1.2275722e+02   1.5428661e-02   1.7299181e-02   1.5984079e-02   1.7889655e-02   9.9177783e-01   1.5000000e+01
   2.1000000e+01  -6.2924501e+01   1.0034034e+00   9.9012167e+01   4.0600000e+02   4.0100000e+02   2.2977195e+02   4.1380759e+03   6.3491660e+00   1.3690499e+00   6.1170259e+00   1.3644063e+00   4.3162931e+00   8.3139652e+01   2.1699905e-02   2.3993337e-02   2.1629510e-02   2.3922205e-02   9.8310298e-01   1.6000000e+01
   2.2000000e+01   3.4786507e+02   7.1446837e-01   9.2876149e+01   9.4000000e+01   1.7100000e+02   4.1242456e+02   3.7862840e+04   5.7696738e+00   1.4871207e+00   6.2738754e+00   2.0814367e+00   2.5845187e+01   6.3748837e+02   1.5899085e-02   1.9239942e-02   2.2085484e-02   2.5869520e-02   9.9079137e-01   4.0000000e+00
   2.2000000e+01  -1.9972730e+02   1.3252043e+00   1.1038678e+02   3.3800000e+02   3.0300000e+02   3.4409678e+02   2.5110719e+04   6.3761468e+00   1.7038213e+00   6.2425376e+00   1.2857046e+00   1.5222126e+01   3.1682052e+02   1.5964362e-02   1.7797323e-02   1.2175548e-02   1.3790726e-02   9.9367714e-01   6.0000000e+00
   2.2000000e+01   1.7013864e+02   8.5770462e-01   9.8559394e+01   1.2800000e+02   3.3600000e+02   4.0215661e+02   2.3732979e+04   6.2943537e+00   1.4522074e+00   5.6057609e+00   1.6931323e+00   1.7470439e+01   3.8423643e+02   1.6663578e-02   1.9149818e-02   1.9328936e-02   2.1991433e-02   9.9030054e-01   7.0000000e+00
   2.2000000e+01   1.4599030e+02   8.2240867e-01   9.9331597e+01   9.5000000e+01   3.7100000e+02   2.3548933e+02   1.2520682e+04   5.5357668e+00   1.4790591e+00   5.4811223e+00   1.7984479e+00   9.3187036e+00   2.1304194e+02   1.7223908e-02   2.0077064e-02   2.0823222e-02   2.3920310e-02   9.8972506e-01   8.0000000e+00
   2.3000000e+01   3.9987745e+02   8.5409975e-01   7.8212924e+01   2.9500000e+02   1.0500000e+02   1.7337398e+02   1.0523518e+04   6.3850885e+00   1.5473619e+00   6.2415952e+00   1.8116876e+00   1.2315127e+01   2.8867566e+02   2.8058078e-02   3.3096800e-02   3.2702935e-02   3.8090822e-02   9.7485722e-01   2.0000000e+00
   2.3000000e+01   3.2986009e+02   7.2354675e-01   8.0451903e+01   6.5000000e+01   1.1100000e+02   1.3472684e+02   1.6573572e+04   6.2121200e+00   1.5014506e+00   5.8078233e+00   2.0751258e+00   1.6638740e+01   4.1156621e+02   2.3519050e-02   2.8529216e-02   3.2266632e-02   3.7894933e-02   9.8035880e-01   3.0000000e+00
   2.3000000e+01   1.1141679e+02   9.0128112e-01   8.7437171e+01   2.8900000e+02   1.7900000e+02   8.8651087e+01   1.3371286e+04   5.8207378e+00   1.4235493e+00   5.8247153e+00   1.5794732e+00   8.3199870e+00   1.7521387e+02   1.3731129e-02   1.5550983e-02   1.5177525e-02   1.7092189e-02   9.9332879e-01   6.0000000e+00
   2.3000000e+01   5.3564041e+01   9.5040424e-01   8.9287157e+01   1.6100000e+02   1.8200000e+02   1.3529093e+02   2.0724188e+04   5.6998387e+00   1.4202722e+00   6.2865760e+00   1.4943875e+00   1.1079293e+01   2.2691355e+02   1.1715763e-02   1.3148150e-02   1.2302966e-02   1.3770819e-02   9.9519506e-01   7.0000000e+00
   2.3000000e+01   6.8911594e+01   9.8018797e-01   8.8796380e+01   3.7000000e+02   1.9700000e+02   9.1846998e+01   1.5939344e+04   6.1467385e+00   1.4772001e+00   6.3853403e+00   1.5070579e+00   8.5310520e+00   1.7878181e+02   1.2229077e-02   1.3800677e-02   1.2467055e-02   1.4049083e-02   9.9507805e-01   8.0000000e+00
   2.3000000e+01  -3.6739890e+00   1.0100593e+00   9.1117485e+01   2.6400000e+02   2.4400000e+02   1.5180917e+02   2.8289571e+04   6.1532479e+00   1.4749055e+00   6.0647144e+00   1.4602168e+00   9.6249294e+00   1.9850685e+02   7.7372068e-03   8.6876012e-03   7.6628940e-03   8.6089870e-03   9.9803713e-01   1.0000000e+01
   2.3000000e+01  -7.6345474e+01   1.1019050e+00   9.3441336e+01   4.3800000e+02   2.4400000e+02   1.0839267e+02   1.5609068e+04   5.5733561e+00   1.5170124e+00   5.7020238e+00   1.3767179e+00   7.2799304e+00   1.4796092e+02   1.0879990e-02   1.2135070e-02   9.9114854e-03   1.1113406e-02   9.9636199e-01   1.1000000e+01
   2.3000000e+01   5.4946759e+02   7.5331317e-01   7.3429407e+01   2.3000000e+02   2.6100000e+02   9.2268169e+01   8.6334163e+03   6.0179164e+00   1.6767166e+00   6.1736519e+00   2.2257896e+00   9.7875786e+00   2.6495290e+02   2.8419989e-02   3.6652618e-02   3.7604602e-02   4.6403055e-02   9.7479304e-01   1.2000000e+01
   2.3000000e+01  -3.3354456e+02   1.6923828e+00   1.0166592e+02   2.8900000e+02   2.6600000e+02   1.7568085e+02   1.7667538e+04   5.9153690e+00   2.2262824e+00   5.6622530e+00   1.3154721e+00   1.6933468e+01   4.0795347e+02   3.4189269e-02   3.9105095e-02   2.0455833e-02   2.4342568e-02   9.8142420e-01   1.3000000e+01
   2.3000000e+01   2.5369287e+02   6.6519393e-01   8.2887539e+01   6.7000000e+01   3.1400000e+02   8.0097803e+01   5.7206550e+03   5.9324977e+00   1.3050442e+00   5.9008214e+00   1.9619004e+00   7.3074356e+00   1.6421515e+02   2.6489914e-02   3.0774763e-02   3.9311835e-02   4.4426961e-02   9.7015984e-01   1.7000000e+01
   2.3000000e+01  -1.6787325e+02   1.2695586e+00   9.6368165e+01   1.6400000e+02   3.2500000e+02   1.6527079e+02   1.7577956e+04   6.4786585e+00   1.7122001e+00   6.2299609e+00   1.3486578e+00   1.2867290e+01   2.7465734e+02   1.9447364e-02   2.1843550e-02   1.5448969e-02   1.7605093e-02   9.9058790e-01   1.8000000e+01
   2.3000000e+01   4.3336292e+02   7.8469065e-01   7.7142143e+01   3.3300000e+02   3.7100000e+02   1.1748223e+02   7.8116381e+03   6.2934209e+00   1.6474458e+00   5.6297011e+00   2.0994844e+00   9.9067171e+00   2.5798604e+02   3.1730524e-02   3.9715944e-02   4.0277405e-02   4.8840792e-02   9.6893853e-01   2.1000000e+01
   2.3000000e+01  -1.4803629e+02   1.4829616e+00   9.5733829e+01   6.3000000e+01   4.0600000e+02   2.6103420e+02   1.2041148e+04   6.2244854e+00   1.9717739e+00   6.3760844e+00   1.3296190e+00   1.6834698e+01   3.8277798e+02   4.3277034e-02   4.9098604e-02   2.9533763e-02   3.4439892e-02   9.6413617e-01   2.2000000e+01
   2.4000000e+01  -2.8435092e+02   1.5144742e+00   9.9092828e+01   2.6400000e+02   2.1000000e+02   3.7214203e+02   3.2357259e+04   6.0560441e+00   2.1101924e+00   6.4038104e+00   1.3933498e+00   2.2401116e+01   5.3915005e+02   2.2995890e-02   2.6511249e-02   1.5343196e-02   1.8312077e-02   9.9050498e-01   9.0000000e+00
   2.4000000e+01  -1.2295897e+02   1.1432158e+00   9.3931919e+01   4.4800000e+02   2.6100000e+02   1.1941803e+02   1.1539110e+04   6.2864620e+00   1.4917421e+00   6.2757035e+00   1.3048649e+00   8.6454337e+00   1.6989006e+02   1.7041458e-02   1.8854124e-02   1.4991190e-02   1.6699068e-02   9.9099986e-01   1.0000000e+01
   2.4000000e+01  -1.7639653e+02   1.3676121e+00   9.5640718e+01   1.5800000e+02   3.4200000e+02   1.1430904e+02   4.2643597e+03   6.1271680e+00   1.7139114e+00   5.7388092e+00   1.2532145e+00   7.5994586e+00   1.5669178e+02   4.7095543e-02   5.2361681e-02   3.4856540e-02   3.9422543e-02   9.4836338e-01   1.7000000e+01
   2.5000000e+01  -3.8732971e+02   1.4123367e+00   1.0338583e+02   1.6900000e+02   1.2600000e+02   1.6494257e+02   5.4931300e+03   5.7544869e+00   2.2995779e+00   6.2799797e+00   1.6282080e+00   8.4043587e+00   2.2838061e+02   5.3372231e-02   6.5316960e-02   3.7907842e-02   4.8705200e-02   9.5365205e-01   2.0000000e+00
   2.5000000e+01   2.4397384e+02   9.1091910e-01   8.3198329e+01   3.4300000e+02   1.6600000e+02   1.5874248e+02   4.0699212e+03   6.2772843e+00   1.5295188e+00   6.3696525e+00   1.6790940e+00   8.0200193e+00   1.8013005e+02   4.6806120e-02   5.4147336e-02   5.1228186e-02   5.8868264e-02   9.3370452e-01   4.0000000e+00
   2.5000000e+01  -2.3865226e+02   1.4501455e+00   9.8631500e+01   1.5900000e+02   2.5700000e+02   2.1210860e+02   1.5354109e+04   5.8759526e+00   1.8964979e+00   5.5108285e+00   1.3077984e+00   1.2658716e+01   2.7998608e+02   2.4433716e-02   2.7554082e-02   1.7057218e-02   1.9700513e-02   9.8758807e-01   5.0000000e+00
   2.5000000e+01  -1.6882521e+02   1.3773063e+00   9.6398606e+01   1.6900000e+02   3.1800000e+02   1.8200144e+02   1.0818274e+04   5.6872261e+00   1.8060827e+00   5.4747416e+00   1.3113152e+00   9.7346659e+00   2.1045786e+02   2.5294500e-02   2.8420226e-02   1.8570469e-02   2.1272545e-02   9.8561051e-01   6.0000000e+00
   2.6000000e+01   4.6765857e+02   7.0363998e-01   7.9045454e+01   2.7100000e+02   2.3200000e+02   7.6667045e+01   1.2911065e+04   5.6975442e+00   1.5310442e+00   6.2856953e+00   2.1758914e+00   1.1956933e+01   3.0612926e+02   2.2092298e-02   2.7271829e-02   3.1200872e-02   3.7056844e-02   9.8277348e-01   3.0000000e+00
   2.6000000e+01   5.2597137e+02   6.3550756e-01   7.7180757e+01   1.9600000e+02   2.6500000e+02   9.1215473e+00   6.1758879e+03   6.3648378e+00   1.3609619e+00   5.3335138e+00   2.1415353e+00   6.1040883e+00   1.4686044e+02   2.1735908e-02   2.5793622e-02   3.3896597e-02   3.8974047e-02   9.8041985e-01   4.0000000e+00
   2.6000000e+01   1.3451690e+02   8.3028079e-01   8.9698487e+01   3.5700000e+02   2.8700000e+02   5.4419672e+00   7.6022302e+03   5.6021528e+00   1.2586611e+00   5.8084416e+00   1.5159463e+00   5.9160446e+00   1.1517360e+02   1.5007009e-02   1.6708082e-02   1.7930233e-02   1.9775405e-02   9.9039504e-01   5.0000000e+00
   2.6000000e+01   7.1107235e+01   9.2629952e-01   9.1726169e+01   3.5800000e+02   3.8500000e+02   5.3512236e+01   1.1515342e+04   5.5574905e+00   1.4255809e+00   5.7192051e+00   1.5390064e+00   7.8585891e+00   1.6354691e+02   1.5061117e-02   1.6980367e-02   1.6212763e-02   1.8208177e-02   9.9206541e-01   7.0000000e+00
   2.7000000e+01   2.9903924e+02   8.2124415e-01   8.5437476e+01   1.3600000e+02   7.1000000e+01   8.5123427e+01   2.4877156e+04   5.6603187e+00   1.5524723e+00   5.8419212e+00   1.8903908e+00   1.4251619e+01   3.4170851e+02   1.3749103e-02   1.6414801e-02   1.6653296e-02   1.9532991e-02   9.9376989e-01   1.0000000e+00
   2.7000000e+01  -8.4452987e+01   1.1059142e+00   9.7700594e+01   2.7000000e+02   7.5000000e+01   1.0509594e+02   3.1755016e+04   6.1459930e+00   1.5339827e+00   5.7520578e+00   1.3870721e+00   1.0753227e+01   2.2051611e+02   7.9939172e-03   8.9401363e-03   7.2564567e-03   8.1571144e-03   9.9806419e-01   2.0000000e+00
   2.7000000e+01  -1.8584491e+02   1.6113955e+00   1.0094285e+02   1.0500000e+02   2.2400000e+02   1.2740952e+02   8.4337601e+03   5.5385795e+00   2.1179476e+00   6.4448833e+00   1.3143562e+00   1.0179115e+01   2.3904869e+02   4.0765603e-02   4.6431683e-02   2.5605817e-02   3.0148282e-02   9.7168520e-01   8.0000000e+00
   2.7000000e+01   3.9563794e+02   7.0487912e-01   8.2348493e+01   2.0700000e+02   3.3700000e+02   5.2566483e+01   7.5266612e+03   6.4023263e+00   1.4083000e+00   5.6719306e+00   1.9979312e+00   5.9755907e+00   1.4061721e+02   1.7678345e-02   2.0893368e-02   2.4844111e-02   2.8564920e-02   9.8788638e-01   1.0000000e+01
   2.7000000e+01   2.2814333e+02   8.9385610e-01   8.7704549e+01   2.8800000e+02   3.6700000e+02   6.2286961e+01   4.4927109e+03   6.1555738e+00   1.3707377e+00   5.3776423e+00   1.5335105e+00   5.8010815e+00   1.1828241e+02   2.7376826e-02   3.0727689e-02   3.0493977e-02   3.3995163e-02   9.7263430e-01   1.1000000e+01
   2.7000000e+01   2.8163871e+02   7.9984557e-01   8.5993902e+01   3.8500000e+02   4.4700000e+02   1.1249234e+02   7.8118358e+03   6.4220023e+00   1.3937235e+00   6.0761502e+00   1.7424907e+00   7.2943293e+00   1.5950692e+02   2.0333511e-02   2.3354990e-02   2.5229826e-02   2.8592124e-02   9.8452737e-01   1.2000000e+01
   2.8000000e+01  -1.3664760e+02   1.2146455e+00   1.0736965e+02   7.2000000e+01   7.4000000e+01   1.1510383e+02   1.1632148e+04   5.6347888e+00   1.5876779e+00   5.6253766e+00   1.3071121e+00   9.4984186e+00   1.9251240e+02   1.9914052e-02   2.2134981e-02   1.6523107e-02   1.8556406e-02   9.8893936e-01   2.0000000e+00
   2.8000000e+01   4.2407427e+02   7.5869181e-01   8.9439170e+01   2.8900000e+02   1.3200000e+02   8.3866100e+01   6.4686323e+03   6.3908376e+00   1.5563752e+00   6.4409148e+00   2.0513932e+00   8.5071979e+00   2.1301990e+02   3.1769365e-02   3.8724905e-02   4.1644612e-02   4.9321991e-02   9.6666871e-01   3.0000000e+00
   2.8000000e+01   1.9248403e+02   6.8618922e-01   9.6844844e+01   6.1000000e+01   1.7800000e+02   6.4866987e+01   6.0135983e+03   6.1108873e+00   1.3714018e+00   5.8075662e+00   1.9985767e+00   8.7060317e+00   2.0225180e+02   3.1460694e-02   3.7011141e-02   4.5356031e-02   5.1855311e-02   9.6112006e-01   4.0000000e+00
   2.8000000e+01   2.3764473e+02   8.1468101e-01   9.5400719e+01   2.2700000e+02   2.6000000e+02   8.4870139e+01   2.2927444e+04   5.9308720e+00   1.4990309e+00   6.1463682e+00   1.8400219e+00   1.2253559e+01   2.8501904e+02   1.2452221e-02   1.4662684e-02   1.5193102e-02   1.7599321e-02   9.9466296e-01   6.0000000e+00
   2.8000000e+01   3.1685065e+02   7.6469763e-01   9.2867912e+01   2.1400000e+02   2.6200000e+02   4.4104421e+01   1.1540541e+04   5.8762679e+00   1.5074177e+00   6.1260138e+00   1.9712598e+00   7.1464449e+00   1.7251042e+02   1.4508917e-02   1.7397360e-02   1.8843999e-02   2.2036393e-02   9.9263133e-01   7.0000000e+00
   2.8000000e+01   3.7602939e+02   7.6712600e-01   9.0975525e+01   4.1700000e+02   3.5700000e+02   1.2802352e+02   1.4915372e+04   6.0845646e+00   1.5921200e+00   6.2346839e+00   2.0754348e+00   1.1174482e+01   2.8438178e+02   1.8275639e-02   2.2579719e-02   2.3697144e-02   2.8363635e-02   9.8900936e-01   1.0000000e+01
   2.8000000e+01  -1.0192375e+02   1.2706957e+00   1.0625927e+02   8.7000000e+01   4.2800000e+02   7.8998850e+01   6.1809427e+03   5.6616092e+00   1.7277939e+00   5.4774591e+00   1.3597228e+00   6.6571998e+00   1.4326675e+02   2.8878853e-02   3.2527489e-02   2.2918922e-02   2.6181075e-02   9.7971520e-01   1.1000000e+01
   2.9000000e+01   1.7575758e+02   8.1581586e-01   8.7379714e+01   2.1800000e+02   1.8400000e+02   1.9336781e+01   2.1108820e+04   6.1129076e+00   1.3935601e+00   5.9329612e+00   1.7081797e+00   1.1088196e+01   2.4010654e+02   1.1414811e-02   1.3068929e-02   1.3893612e-02   1.5715823e-02   9.9510220e-01   2.0000000e+00
   2.9000000e+01  -1.2087605e+02   1.0730574e+00   9.6865312e+01   4.2600000e+02   2.4000000e+02   1.3319778e+01   5.9565789e+03   6.0391642e+00   1.4383818e+00   5.7838398e+00   1.3404518e+00   4.9288923e+00   9.6404749e+01   1.8136339e-02   2.0083378e-02   1.6952418e-02   1.8837195e-02   9.8911389e-01   4.0000000e+00
   2.9000000e+01  -2.4577485e+02   1.4710549e+00   1.0085926e+02   1.7000000e+02   2.5400000e+02   4.2516125e+01   9.3193559e+03   5.5135382e+00   1.7496683e+00   5.6826508e+00   1.1893970e+00   7.5288967e+00   1.5303535e+02   2.1802729e-02   2.4074875e-02   1.5050820e-02   1.6984607e-02   9.8901957e-01   6.0000000e+00
   2.9000000e+01  -1.2968989e+02   1.1406026e+00   9.7147157e+01   3.9500000e+02   3.3800000e+02   6.1206430e+01   2.4498680e+04   6.2646284e+00   1.5464639e+00   6.0724008e+00   1.3558306e+00   8.8711321e+00   1.8065545e+02   8.6065558e-03   9.5984669e-03   7.5846001e-03   8.5173578e-03   9.9780070e-01   1.0000000e+01
   2.9000000e+01  -2.0984734e+01   1.0312491e+00   9.3671039e+01   2.7600000e+02   3.6400000e+02   7.5239169e+01   2.9881852e+04   5.4717725e+00   1.4884001e+00   5.6760542e+00   1.4432983e+00   1.1791839e+01   2.4291212e+02   9.0638902e-03   1.0158820e-02   8.7996194e-03   9.8831063e-03   9.9735720e-01   1.1000000e+01
   3.0000000e+01   6.2588687e+01   8.9914522e-01   8.5998571e+01   4.4100000e+02   6.7000000e+01   5.4292568e+01   5.7350833e+03   5.4766862e+00   1.4180790e+00   6.3399001e+00   1.5771412e+00   8.0657469e+00   1.6941923e+02   3.0952619e-02   3.5003313e-02   3.4288272e-02   3.8560277e-02   9.6681932e-01   1.0000000e+00
   3.0000000e+01   1.6393476e+02   8.0016872e-01   8.2757778e+01   1.5100000e+02   1.2100000e+02   5.8703070e+01   1.2431616e+04   6.2048320e+00   1.3985585e+00   5.7926160e+00   1.7478295e+00   9.7785953e+00   2.1450808e+02   1.7190427e-02   1.9770685e-02   2.1323224e-02   2.4183556e-02   9.8894081e-01   3.0000000e+00
   3.0000000e+01  -3.7476674e+01   1.0587848e+00   8.9198410e+01   8.5000000e+01   1.7900000e+02   9.1795175e+01   2.7455406e+04   6.1470598e+00   1.5034669e+00   5.5796402e+00   1.4199929e+00   1.0703753e+01   2.1984075e+02   9.0295662e-03   1.0114006e-02   8.5470676e-03   9.5989901e-03   9.9743171e-01   7.0000000e+00
   3.0000000e+01   2.8406106e+02   8.9845684e-01   7.8916441e+01   3.5200000e+02   1.8400000e+02   6.3103291e+01   6.1834777e+03   5.5333736e+00   1.4839478e+00   5.1519746e+00   1.6516629e+00   7.9993873e+00   1.7570670e+02   3.0058086e-02   3.4417024e-02   3.3342772e-02   3.7844398e-02   9.7039064e-01   8.0000000e+00
   3.0000000e+01  -2.5686551e+02   1.4204461e+00   9.6213914e+01   1.1800000e+02   1.9200000e+02   5.2811982e+01   5.5748330e+03   5.6859374e+00   1.7110480e+00   5.8251686e+00   1.2045850e+00   6.0833856e+00   1.2301396e+02   2.8698972e-02   3.1718224e-02   2.0493667e-02   2.3087688e-02   9.8034388e-01   9.0000000e+00
   3.0000000e+01  -2.1577665e+02   1.4124761e+00   9.4899995e+01   2.0200000e+02   2.0800000e+02   2.5468599e+01   6.1931350e+03   5.7794044e+00   1.6105446e+00   6.1761522e+00   1.1402279e+00   5.6296066e+00   1.0770389e+02   2.2115456e-02   2.4206064e-02   1.5905458e-02   1.7729661e-02   9.8715863e-01   1.0000000e+01
   3.0000000e+01   3.2625584e+02   7.0178296e-01   7.7567158e+01   1.6800000e+02   2.2900000e+02   8.2360889e+01   1.6937077e+04   6.2656500e+00   1.4428152e+00   6.4096036e+00   2.0559280e+00   1.2591003e+01   3.0428070e+02   1.6944167e-02   2.0262923e-02   2.3942502e-02   2.7769642e-02   9.8914163e-01   1.2000000e+01
   3.0000000e+01   1.7481709e+02   8.2245268e-01   8.2409789e+01   2.1200000e+02   2.7400000e+02   1.1175747e+02   2.1218927e+04   6.2318380e+00   1.3786207e+00   6.3571341e+00   1.6762310e+00   1.3513573e+01   2.8846435e+02   1.3691758e-02   1.5595408e-02   1.6531608e-02   1.8614217e-02   9.9289131e-01   1.3000000e+01
   3.0000000e+01   1.5105077e+02   8.2225312e-01   8.3169776e+01   2.4000000e+02   2.9400000e+02   1.1724335e+02   2.8193742e+04   6.4577790e+00   1.3663309e+00   5.9666902e+00   1.6616914e+00   1.4594923e+01   3.0888816e+02   1.1012104e-02   1.2510913e-02   1.3297333e-02   1.4948223e-02   9.9533563e-01   1.4000000e+01
   3.0000000e+01   9.0446109e+01   9.3659468e-01   8.5107761e+01   3.8100000e+02   3.6300000e+02   5.8842560e+01   5.6997584e+03   5.4873599e+00   1.3351877e+00   5.5026977e+00   1.4255769e+00   5.6223412e+00   1.0929067e+02   2.0111724e-02   2.2309643e-02   2.1412020e-02   2.3671330e-02   9.8468275e-01   1.5000000e+01
   3.0000000e+01   4.5741139e+02   6.5252661e-01   7.3373133e+01   8.6000000e+01   3.7100000e+02   7.5097425e+01   8.2969477e+03   6.0358587e+00   1.4726734e+00   5.7352879e+00   2.2568787e+00   9.1098988e+00   2.3346229e+02   2.5586142e-02   3.1497754e-02   3.8939166e-02   4.5907750e-02   9.7538174e-01   1.6000000e+01
   3.1000000e+01  -4.4315197e+02   1.5435028e+00   1.0517089e+02   2.2600000e+02   9.5000000e+01   1.9106823e+02   1.8253789e+04   5.8110733e+00   2.3475984e+00   6.0312235e+00   1.5209551e+00   1.7752106e+01   4.7200520e+02   3.5669378e-02   4.2697426e-02   2.3217715e-02   2.9213251e-02   9.8019263e-01   1.0000000e+00
   3.1000000e+01  -3.0000923e+02   1.3271417e+00   1.0059354e+02   3.2200000e+02   1.2000000e+02   1.0439002e+02   9.5800611e+03   5.5475921e+00   1.7045014e+00   6.1135994e+00   1.2843402e+00   8.8622556e+00   1.8440240e+02   2.4385368e-02   2.7172825e-02   1.8571442e-02   2.1031507e-02   9.8538675e-01   5.0000000e+00
   3.2000000e+01  -3.6189454e+02   1.8774679e+00   1.0857248e+02   1.2500000e+02   2.4800000e+02   7.3672936e+00   1.1124541e+04   5.7672046e+00   2.0976541e+00   6.4182972e+00   1.1172783e+00   9.5452988e+00   2.0639620e+02   2.8586888e-02   3.1657163e-02   1.5563862e-02   1.7896016e-02   9.8639252e-01   5.0000000e+00
   3.3000000e+01  -1.3518019e+02   1.1298276e+00   9.9322723e+01   3.4800000e+02   1.2700000e+02   2.2940122e+01   1.0709823e+04   5.5531585e+00   1.4865803e+00   5.8234761e+00   1.3157585e+00   4.8014632e+00   9.4571508e+01   1.0173272e-02   1.1260564e-02   9.0504546e-03   1.0082934e-02   9.9674865e-01   1.0000000e+00
   3.3000000e+01   3.0692113e+02   7.7154973e-01   8.5185433e+01   2.6200000e+02   1.6800000e+02   4.1168989e+01   1.1221943e+04   5.7872958e+00   1.3609261e+00   6.0947098e+00   1.7638864e+00   8.1960983e+00   1.7825432e+02   1.5557909e-02   1.7852502e-02   1.9985765e-02   2.2574986e-02   9.9049885e-01   2.0000000e+00
   3.3000000e+01  -2.6081477e+02   1.6513397e+00   1.0334020e+02   1.2400000e+02   2.6600000e+02   6.4698014e+01   1.8521102e+04   6.3808750e+00   2.0728584e+00   5.6447843e+00   1.2552586e+00   1.5036945e+01   3.4147150e+02   2.6752865e-02   3.0143619e-02   1.6442135e-02   1.9141472e-02   9.8735994e-01   5.0000000e+00
   3.3000000e+01   2.0910271e+02   7.6870726e-01   8.8313421e+01   2.6700000e+02   3.0900000e+02   3.2784836e+01   5.5071093e+03   5.8400688e+00   1.2717861e+00   6.3088279e+00   1.6544479e+00   5.8223628e+00   1.1883188e+02   2.0901678e-02   2.3552191e-02   2.6909761e-02   2.9894389e-02   9.8142400e-01   7.0000000e+00
   3.3000000e+01  -3.0370494e+02   1.4501784e+00   1.0471172e+02   4.1200000e+02   3.8200000e+02   8.6786536e+01   7.4255900e+03   6.3049344e+00   1.9736849e+00   5.7347477e+00   1.3609946e+00   6.5308511e+00   1.5024571e+02   2.7230217e-02   3.1040652e-02   1.8981938e-02   2.2231966e-02   9.8538857e-01   9.0000000e+00
   3.4000000e+01   3.7257648e+02   7.1620603e-01   8.9085940e+01   2.4900000e+02   1.5700000e+02   4.0635081e+01   7.9767593e+03   6.0406537e+00   1.5074059e+00   6.1721687e+00   2.1047099e+00   7.2477102e+00   1.8092304e+02   2.1352106e-02   2.6035402e-02   2.9595017e-02   3.4857008e-02   9.8375207e-01   2.0000000e+00
   3.4000000e+01  -3.4431593e+02   1.5852290e+00   1.1201036e+02   1.8800000e+02   1.7600000e+02   2.7073177e+01   5.3605612e+03   6.4152935e+00   2.0232254e+00   6.0833106e+00   1.2762985e+00   5.9452699e+00   1.3438872e+02   3.5509943e-02   4.0050347e-02   2.2711048e-02   2.6403974e-02   9.7692413e-01   3.0000000e+00
   3.4000000e+01   2.3622654e+02   8.4406579e-01   9.3446069e+01   2.2200000e+02   2.4400000e+02   3.1200209e+01   1.0063204e+04   5.5965331e+00   1.3965380e+00   6.6659660e+00   1.6545370e+00   6.4826691e+00   1.3839295e+02   1.4056203e-02   1.5986610e-02   1.6554687e-02   1.8623222e-02   9.9269580e-01   4.0000000e+00
   3.4000000e+01   7.9143730e-01   9.6548706e-01   1.0097469e+02   6.3000000e+01   2.4700000e+02   1.7729243e+01   3.8191275e+03   5.9734685e+00   1.3651588e+00   6.2468312e+00   1.4139587e+00   4.0727728e+00   7.9700368e+01   2.2235410e-02   2.4689195e-02   2.2995345e-02   2.5486638e-02   9.8203885e-01   5.0000000e+00
   3.4000000e+01   3.4885327e+02   9.4160285e-01   8.9844549e+01   3.4500000e+02   2.8000000e+02   1.7027089e+01   4.7927077e+03   5.6439340e+00   1.4407736e+00   6.0560674e+00   1.5301287e+00   4.0891761e+00   8.5296246e+01   1.9015719e-02   2.1449558e-02   2.0149769e-02   2.2662945e-02   9.8764328e-01   6.0000000e+00
   3.4000000e+01  -2.0974101e+02   1.3778130e+00   1.0770699e+02   1.7400000e+02   3.8900000e+02   3.1868334e+01   1.0376465e+04   5.8404862e+00   1.7095904e+00   5.8298858e+00   1.2408000e+00   5.0782570e+00   1.0409168e+02   1.2887245e-02   1.4304918e-02   9.4715158e-03   1.0698223e-02   9.9593442e-01   1.1000000e+01
