   1.7852769e+00  -4.4315197e+02
   1.7847260e+00  -4.4265197e+02
   1.7841733e+00  -4.4215197e+02
   1.7836189e+00  -4.4165197e+02
   1.7830626e+00  -4.4115197e+02
   1.7825047e+00  -4.4065197e+02
   1.7819449e+00  -4.4015197e+02
   1.7813834e+00  -4.3965197e+02
   1.7808201e+00  -4.3915197e+02
   1.7802551e+00  -4.3865197e+02
   1.7796883e+00  -4.3815197e+02
   1.7791198e+00  -4.3765197e+02
   1.7785495e+00  -4.3715197e+02
   1.7779774e+00  -4.3665197e+02
   1.7774036e+00  -4.3615197e+02
   1.7768280e+00  -4.3565197e+02
   1.7762507e+00  -4.3515197e+02
   1.7756716e+00  -4.3465197e+02
   1.7750908e+00  -4.3415197e+02
   1.7745082e+00  -4.3365197e+02
   1.7739239e+00  -4.3315197e+02
   1.7733378e+00  -4.3265197e+02
   1.7727499e+00  -4.3215197e+02
   1.7721603e+00  -4.3165197e+02
   1.7715690e+00  -4.3115197e+02
   1.7709759e+00  -4.3065197e+02
   1.7703811e+00  -4.3015197e+02
   1.7697845e+00  -4.2965197e+02
   1.7691862e+00  -4.2915197e+02
   1.7685862e+00  -4.2865197e+02
   1.7679844e+00  -4.2815197e+02
   1.7673809e+00  -4.2765197e+02
   1.7667756e+00  -4.2715197e+02
   1.7661686e+00  -4.2665197e+02
   1.7655598e+00  -4.2615197e+02
   1.7649494e+00  -4.2565197e+02
   1.7643371e+00  -4.2515197e+02
   1.7637232e+00  -4.2465197e+02
   1.7631075e+00  -4.2415197e+02
   1.7624901e+00  -4.2365197e+02
   1.7618710e+00  -4.2315197e+02
   1.7612501e+00  -4.2265197e+02
   1.7606275e+00  -4.2215197e+02
   1.7600032e+00  -4.2165197e+02
   1.7593772e+00  -4.2115197e+02
   1.7587494e+00  -4.2065197e+02
   1.7581199e+00  -4.2015197e+02
   1.7574887e+00  -4.1965197e+02
   1.7568558e+00  -4.1915197e+02
   1.7562212e+00  -4.1865197e+02
   1.7555848e+00  -4.1815197e+02
   1.7549468e+00  -4.1765197e+02
   1.7543070e+00  -4.1715197e+02
   1.7536655e+00  -4.1665197e+02
   1.7530223e+00  -4.1615197e+02
   1.7523774e+00  -4.1565197e+02
   1.7517308e+00  -4.1515197e+02
   1.7510825e+00  -4.1465197e+02
   1.7504325e+00  -4.1415197e+02
   1.7497807e+00  -4.1365197e+02
   1.7491273e+00  -4.1315197e+02
   1.7484722e+00  -4.1265197e+02
   1.7478154e+00  -4.1215197e+02
   1.7471569e+00  -4.1165197e+02
   1.7464967e+00  -4.1115197e+02
   1.7458348e+00  -4.1065197e+02
   1.7451713e+00  -4.1015197e+02
   1.7445060e+00  -4.0965197e+02
   1.7438391e+00  -4.0915197e+02
   1.7431704e+00  -4.0865197e+02
   1.7425001e+00  -4.0815197e+02
   1.7418281e+00  -4.0765197e+02
   1.7411545e+00  -4.0715197e+02
   1.7404791e+00  -4.0665197e+02
   1.7398021e+00  -4.0615197e+02
   1.7391234e+00  -4.0565197e+02
   1.7384431e+00  -4.0515197e+02
   1.7377610e+00  -4.0465197e+02
   1.7370773e+00  -4.0415197e+02
   1.7363920e+00  -4.0365197e+02
   1.7357050e+00  -4.0315197e+02
   1.7350163e+00  -4.0265197e+02
   1.7343260e+00  -4.0215197e+02
   1.7336340e+00  -4.0165197e+02
   1.7329403e+00  -4.0115197e+02
   1.7322450e+00  -4.0065197e+02
   1.7315481e+00  -4.0015197e+02
   1.7308495e+00  -3.9965197e+02
   1.7301492e+00  -3.9915197e+02
   1.7294474e+00  -3.9865197e+02
   1.7287438e+00  -3.9815197e+02
   1.7280387e+00  -3.9765197e+02
   1.7273319e+00  -3.9715197e+02
   1.7266235e+00  -3.9665197e+02
   1.7259134e+00  -3.9615197e+02
   1.7252017e+00  -3.9565197e+02
   1.7244884e+00  -3.9515197e+02
   1.7237735e+00  -3.9465197e+02
   1.7230569e+00  -3.9415197e+02
   1.7223387e+00  -3.9365197e+02
   1.7216189e+00  -3.9315197e+02
   1.7208975e+00  -3.9265197e+02
   1.7201745e+00  -3.9215197e+02
   1.7194498e+00  -3.9165197e+02
   1.7187236e+00  -3.9115197e+02
   1.7179957e+00  -3.9065197e+02
   1.7172663e+00  -3.9015197e+02
   1.7165352e+00  -3.8965197e+02
   1.7158026e+00  -3.8915197e+02
   1.7150684e+00  -3.8865197e+02
   1.7143325e+00  -3.8815197e+02
   1.7135951e+00  -3.8765197e+02
   1.7128561e+00  -3.8715197e+02
   1.7121155e+00  -3.8665197e+02
   1.7113733e+00  -3.8615197e+02
   1.7106296e+00  -3.8565197e+02
   1.7098842e+00  -3.8515197e+02
   1.7091373e+00  -3.8465197e+02
   1.7083889e+00  -3.8415197e+02
   1.7076388e+00  -3.8365197e+02
   1.7068872e+00  -3.8315197e+02
   1.7061340e+00  -3.8265197e+02
   1.7053793e+00  -3.8215197e+02
   1.7046230e+00  -3.8165197e+02
   1.7038652e+00  -3.8115197e+02
   1.7031058e+00  -3.8065197e+02
   1.7023449e+00  -3.8015197e+02
   1.7015824e+00  -3.7965197e+02
   1.7008184e+00  -3.7915197e+02
   1.7000528e+00  -3.7865197e+02
   1.6992857e+00  -3.7815197e+02
   1.6985171e+00  -3.7765197e+02
   1.6977469e+00  -3.7715197e+02
   1.6969752e+00  -3.7665197e+02
   1.6962020e+00  -3.7615197e+02
   1.6954273e+00  -3.7565197e+02
   1.6946510e+00  -3.7515197e+02
   1.6938732e+00  -3.7465197e+02
   1.6930939e+00  -3.7415197e+02
   1.6923132e+00  -3.7365197e+02
   1.6915309e+00  -3.7315197e+02
   1.6907471e+00  -3.7265197e+02
   1.6899618e+00  -3.7215197e+02
   1.6891750e+00  -3.7165197e+02
   1.6883867e+00  -3.7115197e+02
   1.6875969e+00  -3.7065197e+02
   1.6868056e+00  -3.7015197e+02
   1.6860129e+00  -3.6965197e+02
   1.6852187e+00  -3.6915197e+02
   1.6844230e+00  -3.6865197e+02
   1.6836258e+00  -3.6815197e+02
   1.6828272e+00  -3.6765197e+02
   1.6820270e+00  -3.6715197e+02
   1.6812255e+00  -3.6665197e+02
   1.6804224e+00  -3.6615197e+02
   1.6796179e+00  -3.6565197e+02
   1.6788120e+00  -3.6515197e+02
   1.6780046e+00  -3.6465197e+02
   1.6771958e+00  -3.6415197e+02
   1.6763855e+00  -3.6365197e+02
   1.6755738e+00  -3.6315197e+02
   1.6747606e+00  -3.6265197e+02
   1.6739460e+00  -3.6215197e+02
   1.6731300e+00  -3.6165197e+02
   1.6723125e+00  -3.6115197e+02
   1.6714937e+00  -3.6065197e+02
   1.6706734e+00  -3.6015197e+02
   1.6698517e+00  -3.5965197e+02
   1.6690286e+00  -3.5915197e+02
   1.6682041e+00  -3.5865197e+02
   1.6673781e+00  -3.5815197e+02
   1.6665508e+00  -3.5765197e+02
   1.6657221e+00  -3.5715197e+02
   1.6648920e+00  -3.5665197e+02
   1.6640605e+00  -3.5615197e+02
   1.6632276e+00  -3.5565197e+02
   1.6623934e+00  -3.5515197e+02
   1.6615577e+00  -3.5465197e+02
   1.6607207e+00  -3.5415197e+02
   1.6598823e+00  -3.5365197e+02
   1.6590426e+00  -3.5315197e+02
   1.6582014e+00  -3.5265197e+02
   1.6573590e+00  -3.5215197e+02
   1.6565151e+00  -3.5165197e+02
   1.6556700e+00  -3.5115197e+02
   1.6548234e+00  -3.5065197e+02
   1.6539756e+00  -3.5015197e+02
   1.6531264e+00  -3.4965197e+02
   1.6522758e+00  -3.4915197e+02
   1.6514239e+00  -3.4865197e+02
   1.6505707e+00  -3.4815197e+02
   1.6497162e+00  -3.4765197e+02
   1.6488604e+00  -3.4715197e+02
   1.6480032e+00  -3.4665197e+02
   1.6471447e+00  -3.4615197e+02
   1.6462850e+00  -3.4565197e+02
   1.6454239e+00  -3.4515197e+02
   1.6445615e+00  -3.4465197e+02
   1.6436978e+00  -3.4415197e+02
   1.6428328e+00  -3.4365197e+02
   1.6419666e+00  -3.4315197e+02
   1.6410991e+00  -3.4265197e+02
   1.6402302e+00  -3.4215197e+02
   1.6393601e+00  -3.4165197e+02
   1.6384888e+00  -3.4115197e+02
   1.6376162e+00  -3.4065197e+02
   1.6367423e+00  -3.4015197e+02
   1.6358671e+00  -3.3965197e+02
   1.6349907e+00  -3.3915197e+02
   1.6341131e+00  -3.3865197e+02
   1.6332342e+00  -3.3815197e+02
   1.6323540e+00  -3.3765197e+02
   1.6314727e+00  -3.3715197e+02
   1.6305901e+00  -3.3665197e+02
   1.6297062e+00  -3.3615197e+02
   1.6288212e+00  -3.3565197e+02
   1.6279349e+00  -3.3515197e+02
   1.6270474e+00  -3.3465197e+02
   1.6261587e+00  -3.3415197e+02
   1.6252688e+00  -3.3365197e+02
   1.6243777e+00  -3.3315197e+02
   1.6234854e+00  -3.3265197e+02
   1.6225919e+00  -3.3215197e+02
   1.6216972e+00  -3.3165197e+02
   1.6208013e+00  -3.3115197e+02
   1.6199042e+00  -3.3065197e+02
   1.6190060e+00  -3.3015197e+02
   1.6181066e+00  -3.2965197e+02
   1.6172060e+00  -3.2915197e+02
   1.6163043e+00  -3.2865197e+02
   1.6154014e+00  -3.2815197e+02
   1.6144974e+00  -3.2765197e+02
   1.6135922e+00  -3.2715197e+02
   1.6126858e+00  -3.2665197e+02
   1.6117784e+00  -3.2615197e+02
   1.6108698e+00  -3.2565197e+02
   1.6099600e+00  -3.2515197e+02
   1.6090492e+00  -3.2465197e+02
   1.6081372e+00  -3.2415197e+02
   1.6072241e+00  -3.2365197e+02
   1.6063099e+00  -3.2315197e+02
   1.6053945e+00  -3.2265197e+02
   1.6044781e+00  -3.2215197e+02
   1.6035606e+00  -3.2165197e+02
   1.6026420e+00  -3.2115197e+02
   1.6017223e+00  -3.2065197e+02
   1.6008015e+00  -3.2015197e+02
   1.5998796e+00  -3.1965197e+02
   1.5989567e+00  -3.1915197e+02
   1.5980327e+00  -3.1865197e+02
   1.5971076e+00  -3.1815197e+02
   1.5961815e+00  -3.1765197e+02
   1.5952543e+00  -3.1715197e+02
   1.5943261e+00  -3.1665197e+02
   1.5933968e+00  -3.1615197e+02
   1.5924665e+00  -3.1565197e+02
   1.5915351e+00  -3.1515197e+02
   1.5906027e+00  -3.1465197e+02
   1.5896693e+00  -3.1415197e+02
   1.5887348e+00  -3.1365197e+02
   1.5877994e+00  -3.1315197e+02
   1.5868629e+00  -3.1265197e+02
   1.5859254e+00  -3.1215197e+02
   1.5849870e+00  -3.1165197e+02
   1.5840475e+00  -3.1115197e+02
   1.5831070e+00  -3.1065197e+02
   1.5821656e+00  -3.1015197e+02
   1.5812231e+00  -3.0965197e+02
   1.5802797e+00  -3.0915197e+02
   1.5793353e+00  -3.0865197e+02
   1.5783900e+00  -3.0815197e+02
   1.5774436e+00  -3.0765197e+02
   1.5764964e+00  -3.0715197e+02
   1.5755481e+00  -3.0665197e+02
   1.5745989e+00  -3.0615197e+02
   1.5736488e+00  -3.0565197e+02
   1.5726978e+00  -3.0515197e+02
   1.5717458e+00  -3.0465197e+02
   1.5707928e+00  -3.0415197e+02
   1.5698390e+00  -3.0365197e+02
   1.5688842e+00  -3.0315197e+02
   1.5679286e+00  -3.0265197e+02
   1.5669720e+00  -3.0215197e+02
   1.5660145e+00  -3.0165197e+02
   1.5650561e+00  -3.0115197e+02
   1.5640968e+00  -3.0065197e+02
   1.5631367e+00  -3.0015197e+02
   1.5621756e+00  -2.9965197e+02
   1.5612137e+00  -2.9915197e+02
   1.5602509e+00  -2.9865197e+02
   1.5592872e+00  -2.9815197e+02
   1.5583227e+00  -2.9765197e+02
   1.5573573e+00  -2.9715197e+02
   1.5563911e+00  -2.9665197e+02
   1.5554240e+00  -2.9615197e+02
   1.5544561e+00  -2.9565197e+02
   1.5534873e+00  -2.9515197e+02
   1.5525177e+00  -2.9465197e+02
   1.5515473e+00  -2.9415197e+02
   1.5505761e+00  -2.9365197e+02
   1.5496040e+00  -2.9315197e+02
   1.5486312e+00  -2.9265197e+02
   1.5476575e+00  -2.9215197e+02
   1.5466830e+00  -2.9165197e+02
   1.5457078e+00  -2.9115197e+02
   1.5447317e+00  -2.9065197e+02
   1.5437549e+00  -2.9015197e+02
   1.5427773e+00  -2.8965197e+02
   1.5417989e+00  -2.8915197e+02
   1.5408197e+00  -2.8865197e+02
   1.5398398e+00  -2.8815197e+02
   1.5388591e+00  -2.8765197e+02
   1.5378777e+00  -2.8715197e+02
   1.5368955e+00  -2.8665197e+02
   1.5359125e+00  -2.8615197e+02
   1.5349289e+00  -2.8565197e+02
   1.5339445e+00  -2.8515197e+02
   1.5329594e+00  -2.8465197e+02
   1.5319735e+00  -2.8415197e+02
   1.5309870e+00  -2.8365197e+02
   1.5299997e+00  -2.8315197e+02
   1.5290117e+00  -2.8265197e+02
   1.5280230e+00  -2.8215197e+02
   1.5270337e+00  -2.8165197e+02
   1.5260436e+00  -2.8115197e+02
   1.5250529e+00  -2.8065197e+02
   1.5240614e+00  -2.8015197e+02
   1.5230693e+00  -2.7965197e+02
   1.5220766e+00  -2.7915197e+02
   1.5210831e+00  -2.7865197e+02
   1.5200890e+00  -2.7815197e+02
   1.5190943e+00  -2.7765197e+02
   1.5180989e+00  -2.7715197e+02
   1.5171029e+00  -2.7665197e+02
   1.5161062e+00  -2.7615197e+02
   1.5151089e+00  -2.7565197e+02
   1.5141110e+00  -2.7515197e+02
   1.5131125e+00  -2.7465197e+02
   1.5121133e+00  -2.7415197e+02
   1.5111135e+00  -2.7365197e+02
   1.5101132e+00  -2.7315197e+02
   1.5091122e+00  -2.7265197e+02
   1.5081106e+00  -2.7215197e+02
   1.5071085e+00  -2.7165197e+02
   1.5061057e+00  -2.7115197e+02
   1.5051024e+00  -2.7065197e+02
   1.5040985e+00  -2.7015197e+02
   1.5030941e+00  -2.6965197e+02
   1.5020891e+00  -2.6915197e+02
   1.5010835e+00  -2.6865197e+02
   1.5000774e+00  -2.6815197e+02
   1.4990707e+00  -2.6765197e+02
   1.4980635e+00  -2.6715197e+02
   1.4970558e+00  -2.6665197e+02
   1.4960475e+00  -2.6615197e+02
   1.4950387e+00  -2.6565197e+02
   1.4940294e+00  -2.6515197e+02
   1.4930196e+00  -2.6465197e+02
   1.4920093e+00  -2.6415197e+02
   1.4909984e+00  -2.6365197e+02
   1.4899871e+00  -2.6315197e+02
   1.4889753e+00  -2.6265197e+02
   1.4879630e+00  -2.6215197e+02
   1.4869502e+00  -2.6165197e+02
   1.4859369e+00  -2.6115197e+02
   1.4849232e+00  -2.6065197e+02
   1.4839090e+00  -2.6015197e+02
   1.4828944e+00  -2.5965197e+02
   1.4818793e+00  -2.5915197e+02
   1.4808637e+00  -2.5865197e+02
   1.4798477e+00  -2.5815197e+02
   1.4788313e+00  -2.5765197e+02
   1.4778144e+00  -2.5715197e+02
   1.4767972e+00  -2.5665197e+02
   1.4757795e+00  -2.5615197e+02
   1.4747613e+00  -2.5565197e+02
   1.4737428e+00  -2.5515197e+02
   1.4727239e+00  -2.5465197e+02
   1.4717045e+00  -2.5415197e+02
   1.4706848e+00  -2.5365197e+02
   1.4696647e+00  -2.5315197e+02
   1.4686442e+00  -2.5265197e+02
   1.4676233e+00  -2.5215197e+02
   1.4666021e+00  -2.5165197e+02
   1.4655804e+00  -2.5115197e+02
   1.4645585e+00  -2.5065197e+02
   1.4635361e+00  -2.5015197e+02
   1.4625135e+00  -2.4965197e+02
   1.4614904e+00  -2.4915197e+02
   1.4604671e+00  -2.4865197e+02
   1.4594434e+00  -2.4815197e+02
   1.4584193e+00  -2.4765197e+02
   1.4573950e+00  -2.4715197e+02
   1.4563703e+00  -2.4665197e+02
   1.4553453e+00  -2.4615197e+02
   1.4543200e+00  -2.4565197e+02
   1.4532944e+00  -2.4515197e+02
   1.4522685e+00  -2.4465197e+02
   1.4512424e+00  -2.4415197e+02
   1.4502159e+00  -2.4365197e+02
   1.4491892e+00  -2.4315197e+02
   1.4481621e+00  -2.4265197e+02
   1.4471348e+00  -2.4215197e+02
   1.4461073e+00  -2.4165197e+02
   1.4450795e+00  -2.4115197e+02
   1.4440514e+00  -2.4065197e+02
   1.4430231e+00  -2.4015197e+02
   1.4419945e+00  -2.3965197e+02
   1.4409658e+00  -2.3915197e+02
   1.4399367e+00  -2.3865197e+02
   1.4389075e+00  -2.3815197e+02
   1.4378780e+00  -2.3765197e+02
   1.4368483e+00  -2.3715197e+02
   1.4358184e+00  -2.3665197e+02
   1.4347883e+00  -2.3615197e+02
   1.4337580e+00  -2.3565197e+02
   1.4327275e+00  -2.3515197e+02
   1.4316968e+00  -2.3465197e+02
   1.4306659e+00  -2.3415197e+02
   1.4296349e+00  -2.3365197e+02
   1.4286037e+00  -2.3315197e+02
   1.4275723e+00  -2.3265197e+02
   1.4265407e+00  -2.3215197e+02
   1.4255090e+00  -2.3165197e+02
   1.4244771e+00  -2.3115197e+02
   1.4234451e+00  -2.3065197e+02
   1.4224130e+00  -2.3015197e+02
   1.4213807e+00  -2.2965197e+02
   1.4203483e+00  -2.2915197e+02
   1.4193157e+00  -2.2865197e+02
   1.4182831e+00  -2.2815197e+02
   1.4172503e+00  -2.2765197e+02
   1.4162174e+00  -2.2715197e+02
   1.4151844e+00  -2.2665197e+02
   1.4141513e+00  -2.2615197e+02
   1.4131181e+00  -2.2565197e+02
   1.4120848e+00  -2.2515197e+02
   1.4110515e+00  -2.2465197e+02
   1.4100180e+00  -2.2415197e+02
   1.4089845e+00  -2.2365197e+02
   1.4079509e+00  -2.2315197e+02
   1.4069173e+00  -2.2265197e+02
   1.4058836e+00  -2.2215197e+02
   1.4048498e+00  -2.2165197e+02
   1.4038160e+00  -2.2115197e+02
   1.4027822e+00  -2.2065197e+02
   1.4017483e+00  -2.2015197e+02
   1.4007144e+00  -2.1965197e+02
   1.3996805e+00  -2.1915197e+02
   1.3986465e+00  -2.1865197e+02
   1.3976125e+00  -2.1815197e+02
   1.3965785e+00  -2.1765197e+02
   1.3955445e+00  -2.1715197e+02
   1.3945106e+00  -2.1665197e+02
   1.3934766e+00  -2.1615197e+02
   1.3924426e+00  -2.1565197e+02
   1.3914086e+00  -2.1515197e+02
   1.3903747e+00  -2.1465197e+02
   1.3893408e+00  -2.1415197e+02
   1.3883069e+00  -2.1365197e+02
   1.3872730e+00  -2.1315197e+02
   1.3862392e+00  -2.1265197e+02
   1.3852054e+00  -2.1215197e+02
   1.3841717e+00  -2.1165197e+02
   1.3831380e+00  -2.1115197e+02
   1.3821044e+00  -2.1065197e+02
   1.3810709e+00  -2.1015197e+02
   1.3800374e+00  -2.0965197e+02
   1.3790040e+00  -2.0915197e+02
   1.3779707e+00  -2.0865197e+02
   1.3769375e+00  -2.0815197e+02
   1.3759043e+00  -2.0765197e+02
   1.3748713e+00  -2.0715197e+02
   1.3738384e+00  -2.0665197e+02
   1.3728055e+00  -2.0615197e+02
   1.3717728e+00  -2.0565197e+02
   1.3707402e+00  -2.0515197e+02
   1.3697077e+00  -2.0465197e+02
   1.3686753e+00  -2.0415197e+02
   1.3676431e+00  -2.0365197e+02
   1.3666110e+00  -2.0315197e+02
   1.3655790e+00  -2.0265197e+02
   1.3645472e+00  -2.0215197e+02
   1.3635155e+00  -2.0165197e+02
   1.3624840e+00  -2.0115197e+02
   1.3614527e+00  -2.0065197e+02
   1.3604215e+00  -2.0015197e+02
   1.3593905e+00  -1.9965197e+02
   1.3583596e+00  -1.9915197e+02
   1.3573289e+00  -1.9865197e+02
   1.3562985e+00  -1.9815197e+02
   1.3552682e+00  -1.9765197e+02
   1.3542381e+00  -1.9715197e+02
   1.3532082e+00  -1.9665197e+02
   1.3521785e+00  -1.9615197e+02
   1.3511490e+00  -1.9565197e+02
   1.3501197e+00  -1.9515197e+02
   1.3490906e+00  -1.9465197e+02
   1.3480618e+00  -1.9415197e+02
   1.3470332e+00  -1.9365197e+02
   1.3460048e+00  -1.9315197e+02
   1.3449766e+00  -1.9265197e+02
   1.3439487e+00  -1.9215197e+02
   1.3429211e+00  -1.9165197e+02
   1.3418937e+00  -1.9115197e+02
   1.3408665e+00  -1.9065197e+02
   1.3398396e+00  -1.9015197e+02
   1.3388130e+00  -1.8965197e+02
   1.3377866e+00  -1.8915197e+02
   1.3367605e+00  -1.8865197e+02
   1.3357347e+00  -1.8815197e+02
   1.3347092e+00  -1.8765197e+02
   1.3336840e+00  -1.8715197e+02
   1.3326590e+00  -1.8665197e+02
   1.3316344e+00  -1.8615197e+02
   1.3306100e+00  -1.8565197e+02
   1.3295860e+00  -1.8515197e+02
   1.3285623e+00  -1.8465197e+02
   1.3275388e+00  -1.8415197e+02
   1.3265157e+00  -1.8365197e+02
   1.3254930e+00  -1.8315197e+02
   1.3244705e+00  -1.8265197e+02
   1.3234484e+00  -1.8215197e+02
   1.3224267e+00  -1.8165197e+02
   1.3214052e+00  -1.8115197e+02
   1.3203841e+00  -1.8065197e+02
   1.3193634e+00  -1.8015197e+02
   1.3183430e+00  -1.7965197e+02
   1.3173230e+00  -1.7915197e+02
   1.3163034e+00  -1.7865197e+02
   1.3152841e+00  -1.7815197e+02
   1.3142652e+00  -1.7765197e+02
   1.3132467e+00  -1.7715197e+02
   1.3122285e+00  -1.7665197e+02
   1.3112107e+00  -1.7615197e+02
   1.3101934e+00  -1.7565197e+02
   1.3091764e+00  -1.7515197e+02
   1.3081598e+00  -1.7465197e+02
   1.3071437e+00  -1.7415197e+02
   1.3061279e+00  -1.7365197e+02
   1.3051125e+00  -1.7315197e+02
   1.3040976e+00  -1.7265197e+02
   1.3030831e+00  -1.7215197e+02
   1.3020690e+00  -1.7165197e+02
   1.3010554e+00  -1.7115197e+02
   1.3000421e+00  -1.7065197e+02
   1.2990293e+00  -1.7015197e+02
   1.2980170e+00  -1.6965197e+02
   1.2970051e+00  -1.6915197e+02
   1.2959937e+00  -1.6865197e+02
   1.2949827e+00  -1.6815197e+02
   1.2939721e+00  -1.6765197e+02
   1.2929621e+00  -1.6715197e+02
   1.2919525e+00  -1.6665197e+02
   1.2909433e+00  -1.6615197e+02
   1.2899347e+00  -1.6565197e+02
   1.2889265e+00  -1.6515197e+02
   1.2879188e+00  -1.6465197e+02
   1.2869116e+00  -1.6415197e+02
   1.2859049e+00  -1.6365197e+02
   1.2848987e+00  -1.6315197e+02
   1.2838930e+00  -1.6265197e+02
   1.2828878e+00  -1.6215197e+02
   1.2818831e+00  -1.6165197e+02
   1.2808789e+00  -1.6115197e+02
   1.2798752e+00  -1.6065197e+02
   1.2788721e+00  -1.6015197e+02
   1.2778695e+00  -1.5965197e+02
   1.2768674e+00  -1.5915197e+02
   1.2758658e+00  -1.5865197e+02
   1.2748648e+00  -1.5815197e+02
   1.2738643e+00  -1.5765197e+02
   1.2728644e+00  -1.5715197e+02
   1.2718650e+00  -1.5665197e+02
   1.2708661e+00  -1.5615197e+02
   1.2698678e+00  -1.5565197e+02
   1.2688701e+00  -1.5515197e+02
   1.2678729e+00  -1.5465197e+02
   1.2668764e+00  -1.5415197e+02
   1.2658803e+00  -1.5365197e+02
   1.2648849e+00  -1.5315197e+02
   1.2638900e+00  -1.5265197e+02
   1.2628957e+00  -1.5215197e+02
   1.2619020e+00  -1.5165197e+02
   1.2609089e+00  -1.5115197e+02
   1.2599164e+00  -1.5065197e+02
   1.2589245e+00  -1.5015197e+02
   1.2579331e+00  -1.4965197e+02
   1.2569424e+00  -1.4915197e+02
   1.2559523e+00  -1.4865197e+02
   1.2549628e+00  -1.4815197e+02
   1.2539740e+00  -1.4765197e+02
   1.2529857e+00  -1.4715197e+02
   1.2519981e+00  -1.4665197e+02
   1.2510111e+00  -1.4615197e+02
   1.2500247e+00  -1.4565197e+02
   1.2490389e+00  -1.4515197e+02
   1.2480538e+00  -1.4465197e+02
   1.2470694e+00  -1.4415197e+02
   1.2460856e+00  -1.4365197e+02
   1.2451024e+00  -1.4315197e+02
   1.2441199e+00  -1.4265197e+02
   1.2431380e+00  -1.4215197e+02
   1.2421568e+00  -1.4165197e+02
   1.2411763e+00  -1.4115197e+02
   1.2401964e+00  -1.4065197e+02
   1.2392172e+00  -1.4015197e+02
   1.2382387e+00  -1.3965197e+02
   1.2372608e+00  -1.3915197e+02
   1.2362836e+00  -1.3865197e+02
   1.2353071e+00  -1.3815197e+02
   1.2343313e+00  -1.3765197e+02
   1.2333562e+00  -1.3715197e+02
   1.2323818e+00  -1.3665197e+02
   1.2314081e+00  -1.3615197e+02
   1.2304350e+00  -1.3565197e+02
   1.2294627e+00  -1.3515197e+02
   1.2284911e+00  -1.3465197e+02
   1.2275202e+00  -1.3415197e+02
   1.2265500e+00  -1.3365197e+02
   1.2255805e+00  -1.3315197e+02
   1.2246118e+00  -1.3265197e+02
   1.2236438e+00  -1.3215197e+02
   1.2226764e+00  -1.3165197e+02
   1.2217099e+00  -1.3115197e+02
   1.2207440e+00  -1.3065197e+02
   1.2197789e+00  -1.3015197e+02
   1.2188145e+00  -1.2965197e+02
   1.2178509e+00  -1.2915197e+02
   1.2168880e+00  -1.2865197e+02
   1.2159259e+00  -1.2815197e+02
   1.2149645e+00  -1.2765197e+02
   1.2140039e+00  -1.2715197e+02
   1.2130440e+00  -1.2665197e+02
   1.2120849e+00  -1.2615197e+02
   1.2111266e+00  -1.2565197e+02
   1.2101690e+00  -1.2515197e+02
   1.2092122e+00  -1.2465197e+02
   1.2082562e+00  -1.2415197e+02
   1.2073009e+00  -1.2365197e+02
   1.2063464e+00  -1.2315197e+02
   1.2053928e+00  -1.2265197e+02
   1.2044398e+00  -1.2215197e+02
   1.2034877e+00  -1.2165197e+02
   1.2025364e+00  -1.2115197e+02
   1.2015859e+00  -1.2065197e+02
   1.2006361e+00  -1.2015197e+02
   1.1996872e+00  -1.1965197e+02
   1.1987390e+00  -1.1915197e+02
   1.1977917e+00  -1.1865197e+02
   1.1968452e+00  -1.1815197e+02
   1.1958995e+00  -1.1765197e+02
   1.1949546e+00  -1.1715197e+02
   1.1940105e+00  -1.1665197e+02
   1.1930672e+00  -1.1615197e+02
   1.1921248e+00  -1.1565197e+02
   1.1911832e+00  -1.1515197e+02
   1.1902424e+00  -1.1465197e+02
   1.1893024e+00  -1.1415197e+02
   1.1883633e+00  -1.1365197e+02
   1.1874250e+00  -1.1315197e+02
   1.1864876e+00  -1.1265197e+02
   1.1855510e+00  -1.1215197e+02
   1.1846152e+00  -1.1165197e+02
   1.1836803e+00  -1.1115197e+02
   1.1827463e+00  -1.1065197e+02
   1.1818130e+00  -1.1015197e+02
   1.1808807e+00  -1.0965197e+02
   1.1799492e+00  -1.0915197e+02
   1.1790186e+00  -1.0865197e+02
   1.1780888e+00  -1.0815197e+02
   1.1771599e+00  -1.0765197e+02
   1.1762318e+00  -1.0715197e+02
   1.1753047e+00  -1.0665197e+02
   1.1743784e+00  -1.0615197e+02
   1.1734529e+00  -1.0565197e+02
   1.1725284e+00  -1.0515197e+02
   1.1716047e+00  -1.0465197e+02
   1.1706819e+00  -1.0415197e+02
   1.1697600e+00  -1.0365197e+02
   1.1688390e+00  -1.0315197e+02
   1.1679189e+00  -1.0265197e+02
   1.1669997e+00  -1.0215197e+02
   1.1660813e+00  -1.0165197e+02
   1.1651639e+00  -1.0115197e+02
   1.1642474e+00  -1.0065197e+02
   1.1633317e+00  -1.0015197e+02
   1.1624170e+00  -9.9651970e+01
   1.1615032e+00  -9.9151970e+01
   1.1605903e+00  -9.8651970e+01
   1.1596783e+00  -9.8151970e+01
   1.1587672e+00  -9.7651970e+01
   1.1578570e+00  -9.7151970e+01
   1.1569478e+00  -9.6651970e+01
   1.1560394e+00  -9.6151970e+01
   1.1551320e+00  -9.5651970e+01
   1.1542255e+00  -9.5151970e+01
   1.1533200e+00  -9.4651970e+01
   1.1524153e+00  -9.4151970e+01
   1.1515117e+00  -9.3651970e+01
   1.1506089e+00  -9.3151970e+01
   1.1497071e+00  -9.2651970e+01
   1.1488062e+00  -9.2151970e+01
   1.1479062e+00  -9.1651970e+01
   1.1470072e+00  -9.1151970e+01
   1.1461091e+00  -9.0651970e+01
   1.1452120e+00  -9.0151970e+01
   1.1443159e+00  -8.9651970e+01
   1.1434206e+00  -8.9151970e+01
   1.1425264e+00  -8.8651970e+01
   1.1416331e+00  -8.8151970e+01
   1.1407407e+00  -8.7651970e+01
   1.1398493e+00  -8.7151970e+01
   1.1389589e+00  -8.6651970e+01
   1.1380694e+00  -8.6151970e+01
   1.1371809e+00  -8.5651970e+01
   1.1362934e+00  -8.5151970e+01
   1.1354068e+00  -8.4651970e+01
   1.1345212e+00  -8.4151970e+01
   1.1336366e+00  -8.3651970e+01
   1.1327529e+00  -8.3151970e+01
   1.1318702e+00  -8.2651970e+01
   1.1309885e+00  -8.2151970e+01
   1.1301078e+00  -8.1651970e+01
   1.1292280e+00  -8.1151970e+01
   1.1283493e+00  -8.0651970e+01
   1.1274715e+00  -8.0151970e+01
   1.1265947e+00  -7.9651970e+01
   1.1257189e+00  -7.9151970e+01
   1.1248441e+00  -7.8651970e+01
   1.1239703e+00  -7.8151970e+01
   1.1230975e+00  -7.7651970e+01
   1.1222257e+00  -7.7151970e+01
   1.1213549e+00  -7.6651970e+01
   1.1204850e+00  -7.6151970e+01
   1.1196162e+00  -7.5651970e+01
   1.1187484e+00  -7.5151970e+01
   1.1178816e+00  -7.4651970e+01
   1.1170157e+00  -7.4151970e+01
   1.1161509e+00  -7.3651970e+01
   1.1152872e+00  -7.3151970e+01
   1.1144244e+00  -7.2651970e+01
   1.1135626e+00  -7.2151970e+01
   1.1127018e+00  -7.1651970e+01
   1.1118421e+00  -7.1151970e+01
   1.1109834e+00  -7.0651970e+01
   1.1101257e+00  -7.0151970e+01
   1.1092690e+00  -6.9651970e+01
   1.1084133e+00  -6.9151970e+01
   1.1075587e+00  -6.8651970e+01
   1.1067051e+00  -6.8151970e+01
   1.1058525e+00  -6.7651970e+01
   1.1050009e+00  -6.7151970e+01
   1.1041504e+00  -6.6651970e+01
   1.1033009e+00  -6.6151970e+01
   1.1024524e+00  -6.5651970e+01
   1.1016050e+00  -6.5151970e+01
   1.1007586e+00  -6.4651970e+01
   1.0999132e+00  -6.4151970e+01
   1.0990689e+00  -6.3651970e+01
   1.0982256e+00  -6.3151970e+01
   1.0973834e+00  -6.2651970e+01
   1.0965422e+00  -6.2151970e+01
   1.0957020e+00  -6.1651970e+01
   1.0948629e+00  -6.1151970e+01
   1.0940249e+00  -6.0651970e+01
   1.0931878e+00  -6.0151970e+01
   1.0923519e+00  -5.9651970e+01
   1.0915170e+00  -5.9151970e+01
   1.0906831e+00  -5.8651970e+01
   1.0898503e+00  -5.8151970e+01
   1.0890185e+00  -5.7651970e+01
   1.0881878e+00  -5.7151970e+01
   1.0873582e+00  -5.6651970e+01
   1.0865296e+00  -5.6151970e+01
   1.0857020e+00  -5.5651970e+01
   1.0848756e+00  -5.5151970e+01
   1.0840502e+00  -5.4651970e+01
   1.0832258e+00  -5.4151970e+01
   1.0824025e+00  -5.3651970e+01
   1.0815803e+00  -5.3151970e+01
   1.0807591e+00  -5.2651970e+01
   1.0799390e+00  -5.2151970e+01
   1.0791200e+00  -5.1651970e+01
   1.0783021e+00  -5.1151970e+01
   1.0774852e+00  -5.0651970e+01
   1.0766694e+00  -5.0151970e+01
   1.0758546e+00  -4.9651970e+01
   1.0750410e+00  -4.9151970e+01
   1.0742284e+00  -4.8651970e+01
   1.0734169e+00  -4.8151970e+01
   1.0726064e+00  -4.7651970e+01
   1.0717971e+00  -4.7151970e+01
   1.0709888e+00  -4.6651970e+01
   1.0701816e+00  -4.6151970e+01
   1.0693754e+00  -4.5651970e+01
   1.0685704e+00  -4.5151970e+01
   1.0677664e+00  -4.4651970e+01
   1.0669635e+00  -4.4151970e+01
   1.0661618e+00  -4.3651970e+01
   1.0653610e+00  -4.3151970e+01
   1.0645614e+00  -4.2651970e+01
   1.0637629e+00  -4.2151970e+01
   1.0629654e+00  -4.1651970e+01
   1.0621691e+00  -4.1151970e+01
   1.0613738e+00  -4.0651970e+01
   1.0605796e+00  -4.0151970e+01
   1.0597865e+00  -3.9651970e+01
   1.0589945e+00  -3.9151970e+01
   1.0582036e+00  -3.8651970e+01
   1.0574138e+00  -3.8151970e+01
   1.0566251e+00  -3.7651970e+01
   1.0558374e+00  -3.7151970e+01
   1.0550509e+00  -3.6651970e+01
   1.0542655e+00  -3.6151970e+01
   1.0534811e+00  -3.5651970e+01
   1.0526979e+00  -3.5151970e+01
   1.0519158e+00  -3.4651970e+01
   1.0511347e+00  -3.4151970e+01
   1.0503548e+00  -3.3651970e+01
   1.0495759e+00  -3.3151970e+01
   1.0487982e+00  -3.2651970e+01
   1.0480216e+00  -3.2151970e+01
   1.0472460e+00  -3.1651970e+01
   1.0464716e+00  -3.1151970e+01
   1.0456983e+00  -3.0651970e+01
   1.0449260e+00  -3.0151970e+01
   1.0441549e+00  -2.9651970e+01
   1.0433849e+00  -2.9151970e+01
   1.0426160e+00  -2.8651970e+01
   1.0418482e+00  -2.8151970e+01
   1.0410815e+00  -2.7651970e+01
   1.0403159e+00  -2.7151970e+01
   1.0395515e+00  -2.6651970e+01
   1.0387881e+00  -2.6151970e+01
   1.0380258e+00  -2.5651970e+01
   1.0372647e+00  -2.5151970e+01
   1.0365047e+00  -2.4651970e+01
   1.0357457e+00  -2.4151970e+01
   1.0349879e+00  -2.3651970e+01
   1.0342312e+00  -2.3151970e+01
   1.0334756e+00  -2.2651970e+01
   1.0327212e+00  -2.2151970e+01
   1.0319678e+00  -2.1651970e+01
   1.0312156e+00  -2.1151970e+01
   1.0304644e+00  -2.0651970e+01
   1.0297144e+00  -2.0151970e+01
   1.0289655e+00  -1.9651970e+01
   1.0282177e+00  -1.9151970e+01
   1.0274711e+00  -1.8651970e+01
   1.0267255e+00  -1.8151970e+01
   1.0259811e+00  -1.7651970e+01
   1.0252377e+00  -1.7151970e+01
   1.0244955e+00  -1.6651970e+01
   1.0237545e+00  -1.6151970e+01
   1.0230145e+00  -1.5651970e+01
   1.0222756e+00  -1.5151970e+01
   1.0215379e+00  -1.4651970e+01
   1.0208013e+00  -1.4151970e+01
   1.0200658e+00  -1.3651970e+01
   1.0193314e+00  -1.3151970e+01
   1.0185982e+00  -1.2651970e+01
   1.0178661e+00  -1.2151970e+01
   1.0171351e+00  -1.1651970e+01
   1.0164052e+00  -1.1151970e+01
   1.0156764e+00  -1.0651970e+01
   1.0149488e+00  -1.0151970e+01
   1.0142222e+00  -9.6519700e+00
   1.0134968e+00  -9.1519700e+00
   1.0127725e+00  -8.6519700e+00
   1.0120494e+00  -8.1519700e+00
   1.0113273e+00  -7.6519700e+00
   1.0106064e+00  -7.1519700e+00
   1.0098866e+00  -6.6519700e+00
   1.0091680e+00  -6.1519700e+00
   1.0084504e+00  -5.6519700e+00
   1.0077340e+00  -5.1519700e+00
   1.0070187e+00  -4.6519700e+00
   1.0063045e+00  -4.1519700e+00
   1.0055915e+00  -3.6519700e+00
   1.0048795e+00  -3.1519700e+00
   1.0041687e+00  -2.6519700e+00
   1.0034590e+00  -2.1519700e+00
   1.0027505e+00  -1.6519700e+00
   1.0020430e+00  -1.1519700e+00
   1.0013367e+00  -6.5197000e-01
   1.0006315e+00  -1.5197000e-01
   9.9992747e-01   3.4803000e-01
   9.9922453e-01   8.4803000e-01
   9.9852272e-01   1.3480300e+00
   9.9782202e-01   1.8480300e+00
   9.9712246e-01   2.3480300e+00
   9.9642401e-01   2.8480300e+00
   9.9572669e-01   3.3480300e+00
   9.9503049e-01   3.8480300e+00
   9.9433542e-01   4.3480300e+00
   9.9364147e-01   4.8480300e+00
   9.9294865e-01   5.3480300e+00
   9.9225695e-01   5.8480300e+00
   9.9156637e-01   6.3480300e+00
   9.9087692e-01   6.8480300e+00
   9.9018859e-01   7.3480300e+00
   9.8950138e-01   7.8480300e+00
   9.8881530e-01   8.3480300e+00
   9.8813034e-01   8.8480300e+00
   9.8744650e-01   9.3480300e+00
   9.8676379e-01   9.8480300e+00
   9.8608220e-01   1.0348030e+01
   9.8540173e-01   1.0848030e+01
   9.8472239e-01   1.1348030e+01
   9.8404417e-01   1.1848030e+01
   9.8336707e-01   1.2348030e+01
   9.8269109e-01   1.2848030e+01
   9.8201624e-01   1.3348030e+01
   9.8134251e-01   1.3848030e+01
   9.8066990e-01   1.4348030e+01
   9.7999841e-01   1.4848030e+01
   9.7932804e-01   1.5348030e+01
   9.7865879e-01   1.5848030e+01
   9.7799067e-01   1.6348030e+01
   9.7732366e-01   1.6848030e+01
   9.7665778e-01   1.7348030e+01
   9.7599302e-01   1.7848030e+01
   9.7532937e-01   1.8348030e+01
   9.7466685e-01   1.8848030e+01
   9.7400544e-01   1.9348030e+01
   9.7334516e-01   1.9848030e+01
   9.7268599e-01   2.0348030e+01
   9.7202795e-01   2.0848030e+01
   9.7137102e-01   2.1348030e+01
   9.7071521e-01   2.1848030e+01
   9.7006052e-01   2.2348030e+01
   9.6940694e-01   2.2848030e+01
   9.6875448e-01   2.3348030e+01
   9.6810314e-01   2.3848030e+01
   9.6745292e-01   2.4348030e+01
   9.6680381e-01   2.4848030e+01
   9.6615582e-01   2.5348030e+01
   9.6550895e-01   2.5848030e+01
   9.6486318e-01   2.6348030e+01
   9.6421854e-01   2.6848030e+01
   9.6357501e-01   2.7348030e+01
   9.6293259e-01   2.7848030e+01
   9.6229129e-01   2.8348030e+01
   9.6165110e-01   2.8848030e+01
   9.6101202e-01   2.9348030e+01
   9.6037406e-01   2.9848030e+01
   9.5973720e-01   3.0348030e+01
   9.5910146e-01   3.0848030e+01
   9.5846684e-01   3.1348030e+01
   9.5783332e-01   3.1848030e+01
   9.5720091e-01   3.2348030e+01
   9.5656961e-01   3.2848030e+01
   9.5593943e-01   3.3348030e+01
   9.5531035e-01   3.3848030e+01
   9.5468238e-01   3.4348030e+01
   9.5405552e-01   3.4848030e+01
   9.5342976e-01   3.5348030e+01
   9.5280512e-01   3.5848030e+01
   9.5218158e-01   3.6348030e+01
   9.5155914e-01   3.6848030e+01
   9.5093781e-01   3.7348030e+01
   9.5031759e-01   3.7848030e+01
   9.4969848e-01   3.8348030e+01
   9.4908046e-01   3.8848030e+01
   9.4846355e-01   3.9348030e+01
   9.4784775e-01   3.9848030e+01
   9.4723304e-01   4.0348030e+01
   9.4661944e-01   4.0848030e+01
   9.4600694e-01   4.1348030e+01
   9.4539555e-01   4.1848030e+01
   9.4478525e-01   4.2348030e+01
   9.4417605e-01   4.2848030e+01
   9.4356795e-01   4.3348030e+01
   9.4296095e-01   4.3848030e+01
   9.4235505e-01   4.4348030e+01
   9.4175025e-01   4.4848030e+01
   9.4114654e-01   4.5348030e+01
   9.4054394e-01   4.5848030e+01
   9.3994242e-01   4.6348030e+01
   9.3934200e-01   4.6848030e+01
   9.3874268e-01   4.7348030e+01
   9.3814445e-01   4.7848030e+01
   9.3754731e-01   4.8348030e+01
   9.3695127e-01   4.8848030e+01
   9.3635632e-01   4.9348030e+01
   9.3576246e-01   4.9848030e+01
   9.3516969e-01   5.0348030e+01
   9.3457802e-01   5.0848030e+01
   9.3398743e-01   5.1348030e+01
   9.3339793e-01   5.1848030e+01
   9.3280952e-01   5.2348030e+01
   9.3222220e-01   5.2848030e+01
   9.3163596e-01   5.3348030e+01
   9.3105081e-01   5.3848030e+01
   9.3046675e-01   5.4348030e+01
   9.2988377e-01   5.4848030e+01
   9.2930187e-01   5.5348030e+01
   9.2872106e-01   5.5848030e+01
   9.2814133e-01   5.6348030e+01
   9.2756269e-01   5.6848030e+01
   9.2698512e-01   5.7348030e+01
   9.2640864e-01   5.7848030e+01
   9.2583323e-01   5.8348030e+01
   9.2525891e-01   5.8848030e+01
   9.2468566e-01   5.9348030e+01
   9.2411349e-01   5.9848030e+01
   9.2354240e-01   6.0348030e+01
   9.2297239e-01   6.0848030e+01
   9.2240345e-01   6.1348030e+01
   9.2183558e-01   6.1848030e+01
   9.2126879e-01   6.2348030e+01
   9.2070308e-01   6.2848030e+01
   9.2013843e-01   6.3348030e+01
   9.1957486e-01   6.3848030e+01
   9.1901236e-01   6.4348030e+01
   9.1845093e-01   6.4848030e+01
   9.1789056e-01   6.5348030e+01
   9.1733127e-01   6.5848030e+01
   9.1677305e-01   6.6348030e+01
   9.1621589e-01   6.6848030e+01
   9.1565979e-01   6.7348030e+01
   9.1510477e-01   6.7848030e+01
   9.1455081e-01   6.8348030e+01
   9.1399791e-01   6.8848030e+01
   9.1344607e-01   6.9348030e+01
   9.1289530e-01   6.9848030e+01
   9.1234559e-01   7.0348030e+01
   9.1179694e-01   7.0848030e+01
   9.1124934e-01   7.1348030e+01
   9.1070281e-01   7.1848030e+01
   9.1015734e-01   7.2348030e+01
   9.0961292e-01   7.2848030e+01
   9.0906956e-01   7.3348030e+01
   9.0852725e-01   7.3848030e+01
   9.0798600e-01   7.4348030e+01
   9.0744580e-01   7.4848030e+01
   9.0690666e-01   7.5348030e+01
   9.0636857e-01   7.5848030e+01
   9.0583152e-01   7.6348030e+01
   9.0529553e-01   7.6848030e+01
   9.0476059e-01   7.7348030e+01
   9.0422670e-01   7.7848030e+01
   9.0369385e-01   7.8348030e+01
   9.0316205e-01   7.8848030e+01
   9.0263130e-01   7.9348030e+01
   9.0210159e-01   7.9848030e+01
   9.0157293e-01   8.0348030e+01
   9.0104530e-01   8.0848030e+01
   9.0051872e-01   8.1348030e+01
   8.9999319e-01   8.1848030e+01
   8.9946869e-01   8.2348030e+01
   8.9894523e-01   8.2848030e+01
   8.9842281e-01   8.3348030e+01
   8.9790143e-01   8.3848030e+01
   8.9738108e-01   8.4348030e+01
   8.9686177e-01   8.4848030e+01
   8.9634350e-01   8.5348030e+01
   8.9582625e-01   8.5848030e+01
   8.9531005e-01   8.6348030e+01
   8.9479487e-01   8.6848030e+01
   8.9428072e-01   8.7348030e+01
   8.9376761e-01   8.7848030e+01
   8.9325552e-01   8.8348030e+01
   8.9274446e-01   8.8848030e+01
   8.9223443e-01   8.9348030e+01
   8.9172543e-01   8.9848030e+01
   8.9121744e-01   9.0348030e+01
   8.9071049e-01   9.0848030e+01
   8.9020456e-01   9.1348030e+01
   8.8969965e-01   9.1848030e+01
   8.8919576e-01   9.2348030e+01
   8.8869289e-01   9.2848030e+01
   8.8819104e-01   9.3348030e+01
   8.8769021e-01   9.3848030e+01
   8.8719039e-01   9.4348030e+01
   8.8669160e-01   9.4848030e+01
   8.8619381e-01   9.5348030e+01
   8.8569704e-01   9.5848030e+01
   8.8520129e-01   9.6348030e+01
   8.8470655e-01   9.6848030e+01
   8.8421282e-01   9.7348030e+01
   8.8372010e-01   9.7848030e+01
   8.8322838e-01   9.8348030e+01
   8.8273768e-01   9.8848030e+01
   8.8224798e-01   9.9348030e+01
   8.8175929e-01   9.9848030e+01
   8.8127161e-01   1.0034803e+02
   8.8078493e-01   1.0084803e+02
   8.8029925e-01   1.0134803e+02
   8.7981458e-01   1.0184803e+02
   8.7933090e-01   1.0234803e+02
   8.7884823e-01   1.0284803e+02
   8.7836655e-01   1.0334803e+02
   8.7788588e-01   1.0384803e+02
   8.7740619e-01   1.0434803e+02
   8.7692751e-01   1.0484803e+02
   8.7644982e-01   1.0534803e+02
   8.7597312e-01   1.0584803e+02
   8.7549742e-01   1.0634803e+02
   8.7502271e-01   1.0684803e+02
   8.7454899e-01   1.0734803e+02
   8.7407625e-01   1.0784803e+02
   8.7360451e-01   1.0834803e+02
   8.7313375e-01   1.0884803e+02
   8.7266398e-01   1.0934803e+02
   8.7219520e-01   1.0984803e+02
   8.7172740e-01   1.1034803e+02
   8.7126058e-01   1.1084803e+02
   8.7079475e-01   1.1134803e+02
   8.7032989e-01   1.1184803e+02
   8.6986602e-01   1.1234803e+02
   8.6940312e-01   1.1284803e+02
   8.6894120e-01   1.1334803e+02
   8.6848026e-01   1.1384803e+02
   8.6802029e-01   1.1434803e+02
   8.6756130e-01   1.1484803e+02
   8.6710328e-01   1.1534803e+02
   8.6664624e-01   1.1584803e+02
   8.6619016e-01   1.1634803e+02
   8.6573505e-01   1.1684803e+02
   8.6528092e-01   1.1734803e+02
   8.6482775e-01   1.1784803e+02
   8.6437555e-01   1.1834803e+02
   8.6392431e-01   1.1884803e+02
   8.6347404e-01   1.1934803e+02
   8.6302473e-01   1.1984803e+02
   8.6257638e-01   1.2034803e+02
   8.6212900e-01   1.2084803e+02
   8.6168257e-01   1.2134803e+02
   8.6123710e-01   1.2184803e+02
   8.6079259e-01   1.2234803e+02
   8.6034904e-01   1.2284803e+02
   8.5990645e-01   1.2334803e+02
   8.5946480e-01   1.2384803e+02
   8.5902411e-01   1.2434803e+02
   8.5858438e-01   1.2484803e+02
   8.5814559e-01   1.2534803e+02
   8.5770776e-01   1.2584803e+02
   8.5727087e-01   1.2634803e+02
   8.5683493e-01   1.2684803e+02
   8.5639993e-01   1.2734803e+02
   8.5596589e-01   1.2784803e+02
   8.5553278e-01   1.2834803e+02
   8.5510062e-01   1.2884803e+02
   8.5466940e-01   1.2934803e+02
   8.5423913e-01   1.2984803e+02
   8.5380979e-01   1.3034803e+02
   8.5338139e-01   1.3084803e+02
   8.5295392e-01   1.3134803e+02
   8.5252740e-01   1.3184803e+02
   8.5210181e-01   1.3234803e+02
   8.5167715e-01   1.3284803e+02
   8.5125342e-01   1.3334803e+02
   8.5083063e-01   1.3384803e+02
   8.5040877e-01   1.3434803e+02
   8.4998783e-01   1.3484803e+02
   8.4956783e-01   1.3534803e+02
   8.4914875e-01   1.3584803e+02
   8.4873060e-01   1.3634803e+02
   8.4831337e-01   1.3684803e+02
   8.4789707e-01   1.3734803e+02
   8.4748168e-01   1.3784803e+02
   8.4706722e-01   1.3834803e+02
   8.4665368e-01   1.3884803e+02
   8.4624106e-01   1.3934803e+02
   8.4582936e-01   1.3984803e+02
   8.4541857e-01   1.4034803e+02
   8.4500869e-01   1.4084803e+02
   8.4459974e-01   1.4134803e+02
   8.4419169e-01   1.4184803e+02
   8.4378456e-01   1.4234803e+02
   8.4337833e-01   1.4284803e+02
   8.4297302e-01   1.4334803e+02
   8.4256861e-01   1.4384803e+02
   8.4216512e-01   1.4434803e+02
   8.4176252e-01   1.4484803e+02
   8.4136084e-01   1.4534803e+02
   8.4096005e-01   1.4584803e+02
   8.4056017e-01   1.4634803e+02
   8.4016119e-01   1.4684803e+02
   8.3976311e-01   1.4734803e+02
   8.3936593e-01   1.4784803e+02
   8.3896964e-01   1.4834803e+02
   8.3857426e-01   1.4884803e+02
   8.3817977e-01   1.4934803e+02
   8.3778617e-01   1.4984803e+02
   8.3739346e-01   1.5034803e+02
   8.3700165e-01   1.5084803e+02
   8.3661073e-01   1.5134803e+02
   8.3622069e-01   1.5184803e+02
   8.3583155e-01   1.5234803e+02
   8.3544329e-01   1.5284803e+02
   8.3505592e-01   1.5334803e+02
   8.3466943e-01   1.5384803e+02
   8.3428383e-01   1.5434803e+02
   8.3389910e-01   1.5484803e+02
   8.3351526e-01   1.5534803e+02
   8.3313230e-01   1.5584803e+02
   8.3275022e-01   1.5634803e+02
   8.3236902e-01   1.5684803e+02
   8.3198869e-01   1.5734803e+02
   8.3160923e-01   1.5784803e+02
   8.3123065e-01   1.5834803e+02
   8.3085295e-01   1.5884803e+02
   8.3047611e-01   1.5934803e+02
   8.3010015e-01   1.5984803e+02
   8.2972505e-01   1.6034803e+02
   8.2935082e-01   1.6084803e+02
   8.2897746e-01   1.6134803e+02
   8.2860496e-01   1.6184803e+02
   8.2823333e-01   1.6234803e+02
   8.2786256e-01   1.6284803e+02
   8.2749266e-01   1.6334803e+02
   8.2712361e-01   1.6384803e+02
   8.2675543e-01   1.6434803e+02
   8.2638810e-01   1.6484803e+02
   8.2602163e-01   1.6534803e+02
   8.2565601e-01   1.6584803e+02
   8.2529125e-01   1.6634803e+02
   8.2492735e-01   1.6684803e+02
   8.2456429e-01   1.6734803e+02
   8.2420209e-01   1.6784803e+02
   8.2384074e-01   1.6834803e+02
   8.2348023e-01   1.6884803e+02
   8.2312057e-01   1.6934803e+02
   8.2276176e-01   1.6984803e+02
   8.2240380e-01   1.7034803e+02
   8.2204668e-01   1.7084803e+02
   8.2169040e-01   1.7134803e+02
   8.2133496e-01   1.7184803e+02
   8.2098036e-01   1.7234803e+02
   8.2062660e-01   1.7284803e+02
   8.2027368e-01   1.7334803e+02
   8.1992160e-01   1.7384803e+02
   8.1957035e-01   1.7434803e+02
   8.1921994e-01   1.7484803e+02
   8.1887036e-01   1.7534803e+02
   8.1852161e-01   1.7584803e+02
   8.1817369e-01   1.7634803e+02
   8.1782660e-01   1.7684803e+02
   8.1748034e-01   1.7734803e+02
   8.1713491e-01   1.7784803e+02
   8.1679030e-01   1.7834803e+02
   8.1644652e-01   1.7884803e+02
   8.1610356e-01   1.7934803e+02
   8.1576142e-01   1.7984803e+02
   8.1542011e-01   1.8034803e+02
   8.1507961e-01   1.8084803e+02
   8.1473993e-01   1.8134803e+02
   8.1440108e-01   1.8184803e+02
   8.1406303e-01   1.8234803e+02
   8.1372580e-01   1.8284803e+02
   8.1338939e-01   1.8334803e+02
   8.1305379e-01   1.8384803e+02
   8.1271900e-01   1.8434803e+02
   8.1238501e-01   1.8484803e+02
   8.1205184e-01   1.8534803e+02
   8.1171948e-01   1.8584803e+02
   8.1138792e-01   1.8634803e+02
   8.1105717e-01   1.8684803e+02
   8.1072722e-01   1.8734803e+02
   8.1039808e-01   1.8784803e+02
   8.1006974e-01   1.8834803e+02
   8.0974220e-01   1.8884803e+02
   8.0941545e-01   1.8934803e+02
   8.0908951e-01   1.8984803e+02
   8.0876436e-01   1.9034803e+02
   8.0844001e-01   1.9084803e+02
   8.0811646e-01   1.9134803e+02
   8.0779369e-01   1.9184803e+02
   8.0747172e-01   1.9234803e+02
   8.0715054e-01   1.9284803e+02
   8.0683015e-01   1.9334803e+02
   8.0651055e-01   1.9384803e+02
   8.0619174e-01   1.9434803e+02
   8.0587371e-01   1.9484803e+02
   8.0555647e-01   1.9534803e+02
   8.0524001e-01   1.9584803e+02
   8.0492433e-01   1.9634803e+02
   8.0460944e-01   1.9684803e+02
   8.0429532e-01   1.9734803e+02
   8.0398199e-01   1.9784803e+02
   8.0366943e-01   1.9834803e+02
   8.0335765e-01   1.9884803e+02
   8.0304664e-01   1.9934803e+02
   8.0273641e-01   1.9984803e+02
   8.0242696e-01   2.0034803e+02
   8.0211827e-01   2.0084803e+02
   8.0181035e-01   2.0134803e+02
   8.0150321e-01   2.0184803e+02
   8.0119683e-01   2.0234803e+02
   8.0089122e-01   2.0284803e+02
   8.0058638e-01   2.0334803e+02
   8.0028230e-01   2.0384803e+02
   7.9997898e-01   2.0434803e+02
   7.9967643e-01   2.0484803e+02
   7.9937464e-01   2.0534803e+02
   7.9907361e-01   2.0584803e+02
   7.9877333e-01   2.0634803e+02
   7.9847382e-01   2.0684803e+02
   7.9817506e-01   2.0734803e+02
   7.9787706e-01   2.0784803e+02
   7.9757981e-01   2.0834803e+02
   7.9728331e-01   2.0884803e+02
   7.9698757e-01   2.0934803e+02
   7.9669257e-01   2.0984803e+02
   7.9639833e-01   2.1034803e+02
   7.9610483e-01   2.1084803e+02
   7.9581208e-01   2.1134803e+02
   7.9552008e-01   2.1184803e+02
   7.9522882e-01   2.1234803e+02
   7.9493831e-01   2.1284803e+02
   7.9464853e-01   2.1334803e+02
   7.9435950e-01   2.1384803e+02
   7.9407121e-01   2.1434803e+02
   7.9378366e-01   2.1484803e+02
   7.9349684e-01   2.1534803e+02
   7.9321076e-01   2.1584803e+02
   7.9292542e-01   2.1634803e+02
   7.9264081e-01   2.1684803e+02
   7.9235693e-01   2.1734803e+02
   7.9207379e-01   2.1784803e+02
   7.9179138e-01   2.1834803e+02
   7.9150969e-01   2.1884803e+02
   7.9122873e-01   2.1934803e+02
   7.9094851e-01   2.1984803e+02
   7.9066900e-01   2.2034803e+02
   7.9039022e-01   2.2084803e+02
   7.9011217e-01   2.2134803e+02
   7.8983484e-01   2.2184803e+02
   7.8955823e-01   2.2234803e+02
   7.8928234e-01   2.2284803e+02
   7.8900716e-01   2.2334803e+02
   7.8873271e-01   2.2384803e+02
   7.8845897e-01   2.2434803e+02
   7.8818595e-01   2.2484803e+02
   7.8791364e-01   2.2534803e+02
   7.8764205e-01   2.2584803e+02
   7.8737117e-01   2.2634803e+02
   7.8710099e-01   2.2684803e+02
   7.8683153e-01   2.2734803e+02
   7.8656278e-01   2.2784803e+02
   7.8629473e-01   2.2834803e+02
   7.8602739e-01   2.2884803e+02
   7.8576076e-01   2.2934803e+02
   7.8549483e-01   2.2984803e+02
   7.8522960e-01   2.3034803e+02
   7.8496507e-01   2.3084803e+02
   7.8470125e-01   2.3134803e+02
   7.8443812e-01   2.3184803e+02
   7.8417569e-01   2.3234803e+02
   7.8391396e-01   2.3284803e+02
   7.8365293e-01   2.3334803e+02
   7.8339259e-01   2.3384803e+02
   7.8313294e-01   2.3434803e+02
   7.8287399e-01   2.3484803e+02
   7.8261572e-01   2.3534803e+02
   7.8235815e-01   2.3584803e+02
   7.8210127e-01   2.3634803e+02
   7.8184507e-01   2.3684803e+02
   7.8158956e-01   2.3734803e+02
   7.8133474e-01   2.3784803e+02
   7.8108060e-01   2.3834803e+02
   7.8082715e-01   2.3884803e+02
   7.8057437e-01   2.3934803e+02
   7.8032228e-01   2.3984803e+02
   7.8007087e-01   2.4034803e+02
   7.7982014e-01   2.4084803e+02
   7.7957008e-01   2.4134803e+02
   7.7932071e-01   2.4184803e+02
   7.7907200e-01   2.4234803e+02
   7.7882397e-01   2.4284803e+02
   7.7857662e-01   2.4334803e+02
   7.7832994e-01   2.4384803e+02
   7.7808392e-01   2.4434803e+02
   7.7783858e-01   2.4484803e+02
   7.7759391e-01   2.4534803e+02
   7.7734990e-01   2.4584803e+02
   7.7710656e-01   2.4634803e+02
   7.7686389e-01   2.4684803e+02
   7.7662188e-01   2.4734803e+02
   7.7638054e-01   2.4784803e+02
   7.7613985e-01   2.4834803e+02
   7.7589983e-01   2.4884803e+02
   7.7566046e-01   2.4934803e+02
   7.7542176e-01   2.4984803e+02
   7.7518371e-01   2.5034803e+02
   7.7494632e-01   2.5084803e+02
   7.7470959e-01   2.5134803e+02
   7.7447351e-01   2.5184803e+02
   7.7423808e-01   2.5234803e+02
   7.7400331e-01   2.5284803e+02
   7.7376918e-01   2.5334803e+02
   7.7353571e-01   2.5384803e+02
   7.7330288e-01   2.5434803e+02
   7.7307071e-01   2.5484803e+02
   7.7283917e-01   2.5534803e+02
   7.7260829e-01   2.5584803e+02
   7.7237805e-01   2.5634803e+02
   7.7214845e-01   2.5684803e+02
   7.7191950e-01   2.5734803e+02
   7.7169118e-01   2.5784803e+02
   7.7146351e-01   2.5834803e+02
   7.7123647e-01   2.5884803e+02
   7.7101007e-01   2.5934803e+02
   7.7078431e-01   2.5984803e+02
   7.7055919e-01   2.6034803e+02
   7.7033470e-01   2.6084803e+02
   7.7011084e-01   2.6134803e+02
   7.6988762e-01   2.6184803e+02
   7.6966503e-01   2.6234803e+02
   7.6944306e-01   2.6284803e+02
   7.6922173e-01   2.6334803e+02
   7.6900103e-01   2.6384803e+02
   7.6878095e-01   2.6434803e+02
   7.6856150e-01   2.6484803e+02
   7.6834267e-01   2.6534803e+02
   7.6812447e-01   2.6584803e+02
   7.6790689e-01   2.6634803e+02
   7.6768993e-01   2.6684803e+02
   7.6747359e-01   2.6734803e+02
   7.6725787e-01   2.6784803e+02
   7.6704277e-01   2.6834803e+02
   7.6682829e-01   2.6884803e+02
   7.6661443e-01   2.6934803e+02
   7.6640118e-01   2.6984803e+02
   7.6618854e-01   2.7034803e+02
   7.6597652e-01   2.7084803e+02
   7.6576511e-01   2.7134803e+02
   7.6555431e-01   2.7184803e+02
   7.6534412e-01   2.7234803e+02
   7.6513454e-01   2.7284803e+02
   7.6492557e-01   2.7334803e+02
   7.6471720e-01   2.7384803e+02
   7.6450944e-01   2.7434803e+02
   7.6430229e-01   2.7484803e+02
   7.6409573e-01   2.7534803e+02
   7.6388979e-01   2.7584803e+02
   7.6368444e-01   2.7634803e+02
   7.6347969e-01   2.7684803e+02
   7.6327555e-01   2.7734803e+02
   7.6307200e-01   2.7784803e+02
   7.6286905e-01   2.7834803e+02
   7.6266669e-01   2.7884803e+02
   7.6246493e-01   2.7934803e+02
   7.6226377e-01   2.7984803e+02
   7.6206320e-01   2.8034803e+02
   7.6186322e-01   2.8084803e+02
   7.6166383e-01   2.8134803e+02
   7.6146504e-01   2.8184803e+02
   7.6126683e-01   2.8234803e+02
   7.6106921e-01   2.8284803e+02
   7.6087218e-01   2.8334803e+02
   7.6067573e-01   2.8384803e+02
   7.6047987e-01   2.8434803e+02
   7.6028459e-01   2.8484803e+02
   7.6008990e-01   2.8534803e+02
   7.5989579e-01   2.8584803e+02
   7.5970226e-01   2.8634803e+02
   7.5950930e-01   2.8684803e+02
   7.5931693e-01   2.8734803e+02
   7.5912514e-01   2.8784803e+02
   7.5893392e-01   2.8834803e+02
   7.5874328e-01   2.8884803e+02
   7.5855322e-01   2.8934803e+02
   7.5836372e-01   2.8984803e+02
   7.5817480e-01   2.9034803e+02
   7.5798646e-01   2.9084803e+02
   7.5779868e-01   2.9134803e+02
   7.5761147e-01   2.9184803e+02
   7.5742484e-01   2.9234803e+02
   7.5723877e-01   2.9284803e+02
   7.5705327e-01   2.9334803e+02
   7.5686833e-01   2.9384803e+02
   7.5668396e-01   2.9434803e+02
   7.5650015e-01   2.9484803e+02
   7.5631690e-01   2.9534803e+02
   7.5613422e-01   2.9584803e+02
   7.5595210e-01   2.9634803e+02
   7.5577054e-01   2.9684803e+02
   7.5558954e-01   2.9734803e+02
   7.5540909e-01   2.9784803e+02
   7.5522920e-01   2.9834803e+02
   7.5504987e-01   2.9884803e+02
   7.5487109e-01   2.9934803e+02
   7.5469287e-01   2.9984803e+02
   7.5451520e-01   3.0034803e+02
   7.5433808e-01   3.0084803e+02
   7.5416152e-01   3.0134803e+02
   7.5398550e-01   3.0184803e+02
   7.5381003e-01   3.0234803e+02
   7.5363512e-01   3.0284803e+02
   7.5346074e-01   3.0334803e+02
   7.5328692e-01   3.0384803e+02
   7.5311364e-01   3.0434803e+02
   7.5294090e-01   3.0484803e+02
   7.5276871e-01   3.0534803e+02
   7.5259706e-01   3.0584803e+02
   7.5242595e-01   3.0634803e+02
   7.5225538e-01   3.0684803e+02
   7.5208535e-01   3.0734803e+02
   7.5191586e-01   3.0784803e+02
   7.5174691e-01   3.0834803e+02
   7.5157850e-01   3.0884803e+02
   7.5141062e-01   3.0934803e+02
   7.5124327e-01   3.0984803e+02
   7.5107646e-01   3.1034803e+02
   7.5091018e-01   3.1084803e+02
   7.5074443e-01   3.1134803e+02
   7.5057922e-01   3.1184803e+02
   7.5041453e-01   3.1234803e+02
   7.5025037e-01   3.1284803e+02
   7.5008674e-01   3.1334803e+02
   7.4992364e-01   3.1384803e+02
   7.4976107e-01   3.1434803e+02
   7.4959902e-01   3.1484803e+02
   7.4943749e-01   3.1534803e+02
   7.4927649e-01   3.1584803e+02
   7.4911601e-01   3.1634803e+02
   7.4895605e-01   3.1684803e+02
   7.4879661e-01   3.1734803e+02
   7.4863769e-01   3.1784803e+02
   7.4847929e-01   3.1834803e+02
   7.4832141e-01   3.1884803e+02
   7.4816405e-01   3.1934803e+02
   7.4800720e-01   3.1984803e+02
   7.4785086e-01   3.2034803e+02
   7.4769504e-01   3.2084803e+02
   7.4753974e-01   3.2134803e+02
   7.4738494e-01   3.2184803e+02
   7.4723066e-01   3.2234803e+02
   7.4707689e-01   3.2284803e+02
   7.4692363e-01   3.2334803e+02
   7.4677087e-01   3.2384803e+02
   7.4661863e-01   3.2434803e+02
   7.4646689e-01   3.2484803e+02
   7.4631565e-01   3.2534803e+02
   7.4616492e-01   3.2584803e+02
   7.4601470e-01   3.2634803e+02
   7.4586498e-01   3.2684803e+02
   7.4571576e-01   3.2734803e+02
   7.4556704e-01   3.2784803e+02
   7.4541882e-01   3.2834803e+02
   7.4527110e-01   3.2884803e+02
   7.4512388e-01   3.2934803e+02
   7.4497716e-01   3.2984803e+02
   7.4483094e-01   3.3034803e+02
   7.4468521e-01   3.3084803e+02
   7.4453998e-01   3.3134803e+02
   7.4439524e-01   3.3184803e+02
   7.4425099e-01   3.3234803e+02
   7.4410724e-01   3.3284803e+02
   7.4396398e-01   3.3334803e+02
   7.4382120e-01   3.3384803e+02
   7.4367892e-01   3.3434803e+02
   7.4353713e-01   3.3484803e+02
   7.4339583e-01   3.3534803e+02
   7.4325501e-01   3.3584803e+02
   7.4311468e-01   3.3634803e+02
   7.4297483e-01   3.3684803e+02
   7.4283547e-01   3.3734803e+02
   7.4269659e-01   3.3784803e+02
   7.4255820e-01   3.3834803e+02
   7.4242029e-01   3.3884803e+02
   7.4228285e-01   3.3934803e+02
   7.4214590e-01   3.3984803e+02
   7.4200943e-01   3.4034803e+02
   7.4187344e-01   3.4084803e+02
   7.4173792e-01   3.4134803e+02
   7.4160288e-01   3.4184803e+02
   7.4146832e-01   3.4234803e+02
   7.4133423e-01   3.4284803e+02
   7.4120061e-01   3.4334803e+02
   7.4106747e-01   3.4384803e+02
   7.4093480e-01   3.4434803e+02
   7.4080261e-01   3.4484803e+02
   7.4067088e-01   3.4534803e+02
   7.4053962e-01   3.4584803e+02
   7.4040884e-01   3.4634803e+02
   7.4027852e-01   3.4684803e+02
   7.4014866e-01   3.4734803e+02
   7.4001928e-01   3.4784803e+02
   7.3989036e-01   3.4834803e+02
   7.3976190e-01   3.4884803e+02
   7.3963391e-01   3.4934803e+02
   7.3950638e-01   3.4984803e+02
   7.3937932e-01   3.5034803e+02
   7.3925272e-01   3.5084803e+02
   7.3912657e-01   3.5134803e+02
   7.3900089e-01   3.5184803e+02
   7.3887566e-01   3.5234803e+02
   7.3875090e-01   3.5284803e+02
   7.3862659e-01   3.5334803e+02
   7.3850274e-01   3.5384803e+02
   7.3837934e-01   3.5434803e+02
   7.3825640e-01   3.5484803e+02
   7.3813391e-01   3.5534803e+02
   7.3801187e-01   3.5584803e+02
   7.3789029e-01   3.5634803e+02
   7.3776916e-01   3.5684803e+02
   7.3764848e-01   3.5734803e+02
   7.3752825e-01   3.5784803e+02
   7.3740847e-01   3.5834803e+02
   7.3728914e-01   3.5884803e+02
   7.3717025e-01   3.5934803e+02
   7.3705181e-01   3.5984803e+02
   7.3693382e-01   3.6034803e+02
   7.3681627e-01   3.6084803e+02
   7.3669917e-01   3.6134803e+02
   7.3658251e-01   3.6184803e+02
   7.3646629e-01   3.6234803e+02
   7.3635052e-01   3.6284803e+02
   7.3623519e-01   3.6334803e+02
   7.3612029e-01   3.6384803e+02
   7.3600584e-01   3.6434803e+02
   7.3589182e-01   3.6484803e+02
   7.3577825e-01   3.6534803e+02
   7.3566511e-01   3.6584803e+02
   7.3555240e-01   3.6634803e+02
   7.3544013e-01   3.6684803e+02
   7.3532830e-01   3.6734803e+02
   7.3521690e-01   3.6784803e+02
   7.3510593e-01   3.6834803e+02
   7.3499540e-01   3.6884803e+02
   7.3488530e-01   3.6934803e+02
   7.3477563e-01   3.6984803e+02
   7.3466638e-01   3.7034803e+02
   7.3455757e-01   3.7084803e+02
   7.3444919e-01   3.7134803e+02
   7.3434123e-01   3.7184803e+02
   7.3423370e-01   3.7234803e+02
   7.3412660e-01   3.7284803e+02
   7.3401992e-01   3.7334803e+02
   7.3391367e-01   3.7384803e+02
   7.3380784e-01   3.7434803e+02
   7.3370244e-01   3.7484803e+02
   7.3359745e-01   3.7534803e+02
   7.3349289e-01   3.7584803e+02
   7.3338875e-01   3.7634803e+02
   7.3328503e-01   3.7684803e+02
   7.3318173e-01   3.7734803e+02
   7.3307885e-01   3.7784803e+02
   7.3297638e-01   3.7834803e+02
   7.3287434e-01   3.7884803e+02
   7.3277270e-01   3.7934803e+02
   7.3267149e-01   3.7984803e+02
   7.3257069e-01   3.8034803e+02
   7.3247030e-01   3.8084803e+02
   7.3237033e-01   3.8134803e+02
   7.3227077e-01   3.8184803e+02
   7.3217162e-01   3.8234803e+02
   7.3207288e-01   3.8284803e+02
   7.3197455e-01   3.8334803e+02
   7.3187663e-01   3.8384803e+02
   7.3177913e-01   3.8434803e+02
   7.3168202e-01   3.8484803e+02
   7.3158533e-01   3.8534803e+02
   7.3148904e-01   3.8584803e+02
   7.3139316e-01   3.8634803e+02
   7.3129769e-01   3.8684803e+02
   7.3120262e-01   3.8734803e+02
   7.3110795e-01   3.8784803e+02
   7.3101369e-01   3.8834803e+02
   7.3091982e-01   3.8884803e+02
   7.3082636e-01   3.8934803e+02
   7.3073330e-01   3.8984803e+02
   7.3064064e-01   3.9034803e+02
   7.3054838e-01   3.9084803e+02
   7.3045652e-01   3.9134803e+02
   7.3036506e-01   3.9184803e+02
   7.3027399e-01   3.9234803e+02
   7.3018332e-01   3.9284803e+02
   7.3009305e-01   3.9334803e+02
   7.3000317e-01   3.9384803e+02
   7.2991369e-01   3.9434803e+02
   7.2982460e-01   3.9484803e+02
   7.2973590e-01   3.9534803e+02
   7.2964760e-01   3.9584803e+02
   7.2955968e-01   3.9634803e+02
   7.2947216e-01   3.9684803e+02
   7.2938503e-01   3.9734803e+02
   7.2929829e-01   3.9784803e+02
   7.2921193e-01   3.9834803e+02
   7.2912597e-01   3.9884803e+02
   7.2904039e-01   3.9934803e+02
   7.2895520e-01   3.9984803e+02
   7.2887039e-01   4.0034803e+02
   7.2878597e-01   4.0084803e+02
   7.2870194e-01   4.0134803e+02
   7.2861828e-01   4.0184803e+02
   7.2853502e-01   4.0234803e+02
   7.2845213e-01   4.0284803e+02
   7.2836963e-01   4.0334803e+02
   7.2828750e-01   4.0384803e+02
   7.2820576e-01   4.0434803e+02
   7.2812440e-01   4.0484803e+02
   7.2804342e-01   4.0534803e+02
   7.2796281e-01   4.0584803e+02
   7.2788259e-01   4.0634803e+02
   7.2780274e-01   4.0684803e+02
   7.2772326e-01   4.0734803e+02
   7.2764417e-01   4.0784803e+02
   7.2756545e-01   4.0834803e+02
   7.2748710e-01   4.0884803e+02
   7.2740912e-01   4.0934803e+02
   7.2733152e-01   4.0984803e+02
   7.2725430e-01   4.1034803e+02
   7.2717744e-01   4.1084803e+02
   7.2710095e-01   4.1134803e+02
   7.2702484e-01   4.1184803e+02
   7.2694910e-01   4.1234803e+02
   7.2687372e-01   4.1284803e+02
   7.2679871e-01   4.1334803e+02
   7.2672407e-01   4.1384803e+02
   7.2664980e-01   4.1434803e+02
   7.2657590e-01   4.1484803e+02
   7.2650236e-01   4.1534803e+02
   7.2642918e-01   4.1584803e+02
   7.2635637e-01   4.1634803e+02
   7.2628393e-01   4.1684803e+02
   7.2621185e-01   4.1734803e+02
   7.2614013e-01   4.1784803e+02
   7.2606877e-01   4.1834803e+02
   7.2599777e-01   4.1884803e+02
   7.2592714e-01   4.1934803e+02
   7.2585686e-01   4.1984803e+02
   7.2578695e-01   4.2034803e+02
   7.2571739e-01   4.2084803e+02
   7.2564819e-01   4.2134803e+02
   7.2557935e-01   4.2184803e+02
   7.2551087e-01   4.2234803e+02
   7.2544274e-01   4.2284803e+02
   7.2537497e-01   4.2334803e+02
   7.2530755e-01   4.2384803e+02
   7.2524049e-01   4.2434803e+02
   7.2517378e-01   4.2484803e+02
   7.2510742e-01   4.2534803e+02
   7.2504142e-01   4.2584803e+02
   7.2497577e-01   4.2634803e+02
   7.2491047e-01   4.2684803e+02
   7.2484552e-01   4.2734803e+02
   7.2478092e-01   4.2784803e+02
   7.2471667e-01   4.2834803e+02
   7.2465277e-01   4.2884803e+02
   7.2458922e-01   4.2934803e+02
   7.2452602e-01   4.2984803e+02
   7.2446316e-01   4.3034803e+02
   7.2440065e-01   4.3084803e+02
   7.2433848e-01   4.3134803e+02
   7.2427666e-01   4.3184803e+02
   7.2421519e-01   4.3234803e+02
   7.2415405e-01   4.3284803e+02
   7.2409327e-01   4.3334803e+02
   7.2403282e-01   4.3384803e+02
   7.2397272e-01   4.3434803e+02
   7.2391296e-01   4.3484803e+02
   7.2385354e-01   4.3534803e+02
   7.2379446e-01   4.3584803e+02
   7.2373572e-01   4.3634803e+02
   7.2367731e-01   4.3684803e+02
   7.2361925e-01   4.3734803e+02
   7.2356153e-01   4.3784803e+02
   7.2350414e-01   4.3834803e+02
   7.2344709e-01   4.3884803e+02
   7.2339038e-01   4.3934803e+02
   7.2333400e-01   4.3984803e+02
   7.2327796e-01   4.4034803e+02
   7.2322225e-01   4.4084803e+02
   7.2316687e-01   4.4134803e+02
   7.2311183e-01   4.4184803e+02
   7.2305712e-01   4.4234803e+02
   7.2300275e-01   4.4284803e+02
   7.2294870e-01   4.4334803e+02
   7.2289499e-01   4.4384803e+02
   7.2284160e-01   4.4434803e+02
   7.2278855e-01   4.4484803e+02
   7.2273583e-01   4.4534803e+02
   7.2268343e-01   4.4584803e+02
   7.2263137e-01   4.4634803e+02
   7.2257963e-01   4.4684803e+02
   7.2252821e-01   4.4734803e+02
   7.2247713e-01   4.4784803e+02
   7.2242637e-01   4.4834803e+02
   7.2237593e-01   4.4884803e+02
   7.2232582e-01   4.4934803e+02
   7.2227604e-01   4.4984803e+02
   7.2222658e-01   4.5034803e+02
   7.2217744e-01   4.5084803e+02
   7.2212862e-01   4.5134803e+02
   7.2208013e-01   4.5184803e+02
   7.2203196e-01   4.5234803e+02
   7.2198411e-01   4.5284803e+02
   7.2193658e-01   4.5334803e+02
   7.2188936e-01   4.5384803e+02
   7.2184247e-01   4.5434803e+02
   7.2179590e-01   4.5484803e+02
   7.2174964e-01   4.5534803e+02
   7.2170371e-01   4.5584803e+02
   7.2165809e-01   4.5634803e+02
   7.2161278e-01   4.5684803e+02
   7.2156780e-01   4.5734803e+02
   7.2152312e-01   4.5784803e+02
   7.2147877e-01   4.5834803e+02
   7.2143473e-01   4.5884803e+02
   7.2139100e-01   4.5934803e+02
   7.2134758e-01   4.5984803e+02
   7.2130448e-01   4.6034803e+02
   7.2126169e-01   4.6084803e+02
   7.2121921e-01   4.6134803e+02
   7.2117704e-01   4.6184803e+02
   7.2113519e-01   4.6234803e+02
   7.2109364e-01   4.6284803e+02
   7.2105240e-01   4.6334803e+02
   7.2101148e-01   4.6384803e+02
   7.2097086e-01   4.6434803e+02
   7.2093055e-01   4.6484803e+02
   7.2089054e-01   4.6534803e+02
   7.2085085e-01   4.6584803e+02
   7.2081146e-01   4.6634803e+02
   7.2077237e-01   4.6684803e+02
   7.2073360e-01   4.6734803e+02
   7.2069512e-01   4.6784803e+02
   7.2065695e-01   4.6834803e+02
   7.2061909e-01   4.6884803e+02
   7.2058153e-01   4.6934803e+02
   7.2054427e-01   4.6984803e+02
   7.2050732e-01   4.7034803e+02
   7.2047066e-01   4.7084803e+02
   7.2043431e-01   4.7134803e+02
   7.2039826e-01   4.7184803e+02
   7.2036251e-01   4.7234803e+02
   7.2032706e-01   4.7284803e+02
   7.2029190e-01   4.7334803e+02
   7.2025705e-01   4.7384803e+02
   7.2022250e-01   4.7434803e+02
   7.2018824e-01   4.7484803e+02
   7.2015428e-01   4.7534803e+02
   7.2012062e-01   4.7584803e+02
   7.2008726e-01   4.7634803e+02
   7.2005419e-01   4.7684803e+02
   7.2002141e-01   4.7734803e+02
   7.1998893e-01   4.7784803e+02
   7.1995675e-01   4.7834803e+02
   7.1992486e-01   4.7884803e+02
   7.1989326e-01   4.7934803e+02
   7.1986196e-01   4.7984803e+02
   7.1983095e-01   4.8034803e+02
   7.1980023e-01   4.8084803e+02
   7.1976980e-01   4.8134803e+02
   7.1973966e-01   4.8184803e+02
   7.1970982e-01   4.8234803e+02
   7.1968026e-01   4.8284803e+02
   7.1965100e-01   4.8334803e+02
   7.1962202e-01   4.8384803e+02
   7.1959333e-01   4.8434803e+02
   7.1956493e-01   4.8484803e+02
   7.1953682e-01   4.8534803e+02
   7.1950900e-01   4.8584803e+02
   7.1948146e-01   4.8634803e+02
   7.1945421e-01   4.8684803e+02
   7.1942724e-01   4.8734803e+02
   7.1940056e-01   4.8784803e+02
   7.1937417e-01   4.8834803e+02
   7.1934806e-01   4.8884803e+02
   7.1932223e-01   4.8934803e+02
   7.1929669e-01   4.8984803e+02
   7.1927143e-01   4.9034803e+02
   7.1924646e-01   4.9084803e+02
   7.1922176e-01   4.9134803e+02
   7.1919735e-01   4.9184803e+02
   7.1917322e-01   4.9234803e+02
   7.1914937e-01   4.9284803e+02
   7.1912580e-01   4.9334803e+02
   7.1910251e-01   4.9384803e+02
   7.1907950e-01   4.9434803e+02
   7.1905677e-01   4.9484803e+02
   7.1903432e-01   4.9534803e+02
   7.1901214e-01   4.9584803e+02
   7.1899025e-01   4.9634803e+02
   7.1896863e-01   4.9684803e+02
   7.1894729e-01   4.9734803e+02
   7.1892622e-01   4.9784803e+02
   7.1890543e-01   4.9834803e+02
   7.1888492e-01   4.9884803e+02
   7.1886468e-01   4.9934803e+02
   7.1884471e-01   4.9984803e+02
   7.1882503e-01   5.0034803e+02
   7.1880561e-01   5.0084803e+02
   7.1878647e-01   5.0134803e+02
   7.1876760e-01   5.0184803e+02
   7.1874900e-01   5.0234803e+02
   7.1873068e-01   5.0284803e+02
   7.1871262e-01   5.0334803e+02
   7.1869484e-01   5.0384803e+02
   7.1867733e-01   5.0434803e+02
   7.1866009e-01   5.0484803e+02
   7.1864312e-01   5.0534803e+02
   7.1862642e-01   5.0584803e+02
   7.1860999e-01   5.0634803e+02
   7.1859382e-01   5.0684803e+02
   7.1857793e-01   5.0734803e+02
   7.1856230e-01   5.0784803e+02
   7.1854694e-01   5.0834803e+02
   7.1853185e-01   5.0884803e+02
   7.1851702e-01   5.0934803e+02
   7.1850246e-01   5.0984803e+02
   7.1848817e-01   5.1034803e+02
   7.1847414e-01   5.1084803e+02
   7.1846038e-01   5.1134803e+02
   7.1844688e-01   5.1184803e+02
   7.1843365e-01   5.1234803e+02
   7.1842068e-01   5.1284803e+02
   7.1840797e-01   5.1334803e+02
   7.1839552e-01   5.1384803e+02
   7.1838334e-01   5.1434803e+02
   7.1837142e-01   5.1484803e+02
   7.1835977e-01   5.1534803e+02
   7.1834837e-01   5.1584803e+02
   7.1833723e-01   5.1634803e+02
   7.1832636e-01   5.1684803e+02
   7.1831575e-01   5.1734803e+02
   7.1830539e-01   5.1784803e+02
   7.1829530e-01   5.1834803e+02
   7.1828546e-01   5.1884803e+02
   7.1827588e-01   5.1934803e+02
   7.1826656e-01   5.1984803e+02
   7.1825750e-01   5.2034803e+02
   7.1824870e-01   5.2084803e+02
   7.1824015e-01   5.2134803e+02
   7.1823186e-01   5.2184803e+02
   7.1822383e-01   5.2234803e+02
   7.1821605e-01   5.2284803e+02
   7.1820853e-01   5.2334803e+02
   7.1820126e-01   5.2384803e+02
   7.1819425e-01   5.2434803e+02
   7.1818749e-01   5.2484803e+02
   7.1818099e-01   5.2534803e+02
   7.1817474e-01   5.2584803e+02
   7.1816874e-01   5.2634803e+02
   7.1816299e-01   5.2684803e+02
   7.1815750e-01   5.2734803e+02
   7.1815226e-01   5.2784803e+02
   7.1814728e-01   5.2834803e+02
   7.1814254e-01   5.2884803e+02
   7.1813805e-01   5.2934803e+02
   7.1813382e-01   5.2984803e+02
   7.1812984e-01   5.3034803e+02
   7.1812610e-01   5.3084803e+02
   7.1812262e-01   5.3134803e+02
   7.1811938e-01   5.3184803e+02
   7.1811640e-01   5.3234803e+02
   7.1811366e-01   5.3284803e+02
   7.1811117e-01   5.3334803e+02
   7.1810893e-01   5.3384803e+02
   7.1810693e-01   5.3434803e+02
   7.1810519e-01   5.3484803e+02
   7.1810369e-01   5.3534803e+02
   7.1810243e-01   5.3584803e+02
   7.1810142e-01   5.3634803e+02
   7.1810066e-01   5.3684803e+02
   7.1810014e-01   5.3734803e+02
   7.1809987e-01   5.3784803e+02
   7.1809984e-01   5.3834803e+02
   7.1810006e-01   5.3884803e+02
   7.1810052e-01   5.3934803e+02
   7.1810123e-01   5.3984803e+02
   7.1810217e-01   5.4034803e+02
   7.1810336e-01   5.4084803e+02
   7.1810480e-01   5.4134803e+02
   7.1810647e-01   5.4184803e+02
   7.1810839e-01   5.4234803e+02
   7.1811055e-01   5.4284803e+02
   7.1811295e-01   5.4334803e+02
   7.1811559e-01   5.4384803e+02
   7.1811847e-01   5.4434803e+02
   7.1812159e-01   5.4484803e+02
   7.1812495e-01   5.4534803e+02
   7.1812856e-01   5.4584803e+02
   7.1813240e-01   5.4634803e+02
   7.1813648e-01   5.4684803e+02
   7.1814079e-01   5.4734803e+02
   7.1814535e-01   5.4784803e+02
   7.1815014e-01   5.4834803e+02
   7.1815517e-01   5.4884803e+02
   7.1816044e-01   5.4934803e+02
   7.1816595e-01   5.4984803e+02
   7.1817169e-01   5.5034803e+02
   7.1817767e-01   5.5084803e+02
   7.1818388e-01   5.5134803e+02
   7.1819034e-01   5.5184803e+02
   7.1819702e-01   5.5234803e+02
   7.1820394e-01   5.5284803e+02
   7.1821110e-01   5.5334803e+02
   7.1821849e-01   5.5384803e+02
   7.1822611e-01   5.5434803e+02
   7.1823397e-01   5.5484803e+02
   7.1824206e-01   5.5534803e+02
   7.1825038e-01   5.5584803e+02
   7.1825894e-01   5.5634803e+02
   7.1826773e-01   5.5684803e+02
   7.1827675e-01   5.5734803e+02
   7.1828601e-01   5.5784803e+02
   7.1829549e-01   5.5834803e+02
   7.1830521e-01   5.5884803e+02
   7.1831516e-01   5.5934803e+02
   7.1832533e-01   5.5984803e+02
   7.1833574e-01   5.6034803e+02
   7.1834638e-01   5.6084803e+02
   7.1835725e-01   5.6134803e+02
   7.1836835e-01   5.6184803e+02
   7.1837968e-01   5.6234803e+02
   7.1839123e-01   5.6284803e+02
   7.1840302e-01   5.6334803e+02
   7.1841503e-01   5.6384803e+02
   7.1842727e-01   5.6434803e+02
   7.1843974e-01   5.6484803e+02
   7.1845244e-01   5.6534803e+02
   7.1846536e-01   5.6584803e+02
   7.1847851e-01   5.6634803e+02
   7.1849189e-01   5.6684803e+02
   7.1850550e-01   5.6734803e+02
   7.1851932e-01   5.6784803e+02
   7.1853338e-01   5.6834803e+02
   7.1854766e-01   5.6884803e+02
   7.1856217e-01   5.6934803e+02
   7.1857690e-01   5.6984803e+02
   7.1859185e-01   5.7034803e+02
   7.1860703e-01   5.7084803e+02
   7.1862244e-01   5.7134803e+02
   7.1863807e-01   5.7184803e+02
   7.1865392e-01   5.7234803e+02
   7.1866999e-01   5.7284803e+02
   7.1868629e-01   5.7334803e+02
   7.1870281e-01   5.7384803e+02
   7.1871955e-01   5.7434803e+02
   7.1873652e-01   5.7484803e+02
   7.1875371e-01   5.7534803e+02
   7.1877112e-01   5.7584803e+02
   7.1878875e-01   5.7634803e+02
   7.1880660e-01   5.7684803e+02
   7.1882467e-01   5.7734803e+02
   7.1884296e-01   5.7784803e+02
   7.1886147e-01   5.7834803e+02
   7.1888021e-01   5.7884803e+02
   7.1889916e-01   5.7934803e+02
   7.1891833e-01   5.7984803e+02
   7.1893772e-01   5.8034803e+02
   7.1895734e-01   5.8084803e+02
   7.1897716e-01   5.8134803e+02
   7.1899721e-01   5.8184803e+02
   7.1901748e-01   5.8234803e+02
   7.1903796e-01   5.8284803e+02
   7.1905867e-01   5.8334803e+02
   7.1907958e-01   5.8384803e+02
   7.1910072e-01   5.8434803e+02
   7.1912208e-01   5.8484803e+02
   7.1914365e-01   5.8534803e+02
   7.1916543e-01   5.8584803e+02
   7.1918744e-01   5.8634803e+02
   7.1920966e-01   5.8684803e+02
   7.1923209e-01   5.8734803e+02
   7.1925474e-01   5.8784803e+02
   7.1927761e-01   5.8834803e+02
   7.1930069e-01   5.8884803e+02
   7.1932398e-01   5.8934803e+02
   7.1934750e-01   5.8984803e+02
   7.1937122e-01   5.9034803e+02
   7.1939516e-01   5.9084803e+02
   7.1941931e-01   5.9134803e+02
   7.1944368e-01   5.9184803e+02
   7.1946826e-01   5.9234803e+02
   7.1949305e-01   5.9284803e+02
   7.1951806e-01   5.9334803e+02
   7.1954328e-01   5.9384803e+02
   7.1956871e-01   5.9434803e+02
