   1.7628444e+00  -7.7600000e+02
   1.7634732e+00  -7.7550000e+02
   1.7641010e+00  -7.7500000e+02
   1.7647279e+00  -7.7450000e+02
   1.7653538e+00  -7.7400000e+02
   1.7659788e+00  -7.7350000e+02
   1.7666027e+00  -7.7300000e+02
   1.7672257e+00  -7.7250000e+02
   1.7678478e+00  -7.7200000e+02
   1.7684689e+00  -7.7150000e+02
   1.7690890e+00  -7.7100000e+02
   1.7697081e+00  -7.7050000e+02
   1.7703262e+00  -7.7000000e+02
   1.7709434e+00  -7.6950000e+02
   1.7715596e+00  -7.6900000e+02
   1.7721748e+00  -7.6850000e+02
   1.7727890e+00  -7.6800000e+02
   1.7734022e+00  -7.6750000e+02
   1.7740144e+00  -7.6700000e+02
   1.7746257e+00  -7.6650000e+02
   1.7752359e+00  -7.6600000e+02
   1.7758452e+00  -7.6550000e+02
   1.7764534e+00  -7.6500000e+02
   1.7770607e+00  -7.6450000e+02
   1.7776669e+00  -7.6400000e+02
   1.7782722e+00  -7.6350000e+02
   1.7788764e+00  -7.6300000e+02
   1.7794796e+00  -7.6250000e+02
   1.7800819e+00  -7.6200000e+02
   1.7806831e+00  -7.6150000e+02
   1.7812833e+00  -7.6100000e+02
   1.7818824e+00  -7.6050000e+02
   1.7824806e+00  -7.6000000e+02
   1.7830777e+00  -7.5950000e+02
   1.7836738e+00  -7.5900000e+02
   1.7842689e+00  -7.5850000e+02
   1.7848630e+00  -7.5800000e+02
   1.7854560e+00  -7.5750000e+02
   1.7860480e+00  -7.5700000e+02
   1.7866390e+00  -7.5650000e+02
   1.7872289e+00  -7.5600000e+02
   1.7878178e+00  -7.5550000e+02
   1.7884056e+00  -7.5500000e+02
   1.7889925e+00  -7.5450000e+02
   1.7895782e+00  -7.5400000e+02
   1.7901629e+00  -7.5350000e+02
   1.7907466e+00  -7.5300000e+02
   1.7913292e+00  -7.5250000e+02
   1.7919108e+00  -7.5200000e+02
   1.7924913e+00  -7.5150000e+02
   1.7930708e+00  -7.5100000e+02
   1.7936492e+00  -7.5050000e+02
   1.7942265e+00  -7.5000000e+02
   1.7948028e+00  -7.4950000e+02
   1.7953780e+00  -7.4900000e+02
   1.7959521e+00  -7.4850000e+02
   1.7965252e+00  -7.4800000e+02
   1.7970972e+00  -7.4750000e+02
   1.7976681e+00  -7.4700000e+02
   1.7982380e+00  -7.4650000e+02
   1.7988067e+00  -7.4600000e+02
   1.7993744e+00  -7.4550000e+02
   1.7999410e+00  -7.4500000e+02
   1.8005066e+00  -7.4450000e+02
   1.8010710e+00  -7.4400000e+02
   1.8016343e+00  -7.4350000e+02
   1.8021966e+00  -7.4300000e+02
   1.8027578e+00  -7.4250000e+02
   1.8033178e+00  -7.4200000e+02
   1.8038768e+00  -7.4150000e+02
   1.8044347e+00  -7.4100000e+02
   1.8049915e+00  -7.4050000e+02
   1.8055471e+00  -7.4000000e+02
   1.8061017e+00  -7.3950000e+02
   1.8066552e+00  -7.3900000e+02
   1.8072075e+00  -7.3850000e+02
   1.8077587e+00  -7.3800000e+02
   1.8083089e+00  -7.3750000e+02
   1.8088579e+00  -7.3700000e+02
   1.8094057e+00  -7.3650000e+02
   1.8099525e+00  -7.3600000e+02
   1.8104981e+00  -7.3550000e+02
   1.8110427e+00  -7.3500000e+02
   1.8115860e+00  -7.3450000e+02
   1.8121283e+00  -7.3400000e+02
   1.8126694e+00  -7.3350000e+02
   1.8132094e+00  -7.3300000e+02
   1.8137483e+00  -7.3250000e+02
   1.8142860e+00  -7.3200000e+02
   1.8148226e+00  -7.3150000e+02
   1.8153580e+00  -7.3100000e+02
   1.8158923e+00  -7.3050000e+02
   1.8164255e+00  -7.3000000e+02
   1.8169575e+00  -7.2950000e+02
   1.8174883e+00  -7.2900000e+02
   1.8180180e+00  -7.2850000e+02
   1.8185465e+00  -7.2800000e+02
   1.8190739e+00  -7.2750000e+02
   1.8196001e+00  -7.2700000e+02
   1.8201252e+00  -7.2650000e+02
   1.8206491e+00  -7.2600000e+02
   1.8211718e+00  -7.2550000e+02
   1.8216934e+00  -7.2500000e+02
   1.8222138e+00  -7.2450000e+02
   1.8227330e+00  -7.2400000e+02
   1.8232510e+00  -7.2350000e+02
   1.8237679e+00  -7.2300000e+02
   1.8242836e+00  -7.2250000e+02
   1.8247981e+00  -7.2200000e+02
   1.8253114e+00  -7.2150000e+02
   1.8258235e+00  -7.2100000e+02
   1.8263345e+00  -7.2050000e+02
   1.8268442e+00  -7.2000000e+02
   1.8273528e+00  -7.1950000e+02
   1.8278602e+00  -7.1900000e+02
   1.8283663e+00  -7.1850000e+02
   1.8288713e+00  -7.1800000e+02
   1.8293751e+00  -7.1750000e+02
   1.8298776e+00  -7.1700000e+02
   1.8303790e+00  -7.1650000e+02
   1.8308792e+00  -7.1600000e+02
   1.8313781e+00  -7.1550000e+02
   1.8318758e+00  -7.1500000e+02
   1.8323724e+00  -7.1450000e+02
   1.8328677e+00  -7.1400000e+02
   1.8333617e+00  -7.1350000e+02
   1.8338546e+00  -7.1300000e+02
   1.8343462e+00  -7.1250000e+02
   1.8348367e+00  -7.1200000e+02
   1.8353258e+00  -7.1150000e+02
   1.8358138e+00  -7.1100000e+02
   1.8363005e+00  -7.1050000e+02
   1.8367860e+00  -7.1000000e+02
   1.8372703e+00  -7.0950000e+02
   1.8377533e+00  -7.0900000e+02
   1.8382351e+00  -7.0850000e+02
   1.8387156e+00  -7.0800000e+02
   1.8391949e+00  -7.0750000e+02
   1.8396729e+00  -7.0700000e+02
   1.8401497e+00  -7.0650000e+02
   1.8406253e+00  -7.0600000e+02
   1.8410996e+00  -7.0550000e+02
   1.8415726e+00  -7.0500000e+02
   1.8420444e+00  -7.0450000e+02
   1.8425149e+00  -7.0400000e+02
   1.8429841e+00  -7.0350000e+02
   1.8434521e+00  -7.0300000e+02
   1.8439188e+00  -7.0250000e+02
   1.8443843e+00  -7.0200000e+02
   1.8448484e+00  -7.0150000e+02
   1.8453113e+00  -7.0100000e+02
   1.8457730e+00  -7.0050000e+02
   1.8462333e+00  -7.0000000e+02
   1.8466924e+00  -6.9950000e+02
   1.8471502e+00  -6.9900000e+02
   1.8476067e+00  -6.9850000e+02
   1.8480619e+00  -6.9800000e+02
   1.8485158e+00  -6.9750000e+02
   1.8489684e+00  -6.9700000e+02
   1.8494198e+00  -6.9650000e+02
   1.8498698e+00  -6.9600000e+02
   1.8503186e+00  -6.9550000e+02
   1.8507660e+00  -6.9500000e+02
   1.8512122e+00  -6.9450000e+02
   1.8516570e+00  -6.9400000e+02
   1.8521005e+00  -6.9350000e+02
   1.8525428e+00  -6.9300000e+02
   1.8529837e+00  -6.9250000e+02
   1.8534233e+00  -6.9200000e+02
   1.8538616e+00  -6.9150000e+02
   1.8542985e+00  -6.9100000e+02
   1.8547342e+00  -6.9050000e+02
   1.8551685e+00  -6.9000000e+02
   1.8556015e+00  -6.8950000e+02
   1.8560332e+00  -6.8900000e+02
   1.8564635e+00  -6.8850000e+02
   1.8568925e+00  -6.8800000e+02
   1.8573202e+00  -6.8750000e+02
   1.8577465e+00  -6.8700000e+02
   1.8581715e+00  -6.8650000e+02
   1.8585952e+00  -6.8600000e+02
   1.8590175e+00  -6.8550000e+02
   1.8594385e+00  -6.8500000e+02
   1.8598581e+00  -6.8450000e+02
   1.8602764e+00  -6.8400000e+02
   1.8606934e+00  -6.8350000e+02
   1.8611089e+00  -6.8300000e+02
   1.8615232e+00  -6.8250000e+02
   1.8619360e+00  -6.8200000e+02
   1.8623475e+00  -6.8150000e+02
   1.8627577e+00  -6.8100000e+02
   1.8631665e+00  -6.8050000e+02
   1.8635739e+00  -6.8000000e+02
   1.8639799e+00  -6.7950000e+02
   1.8643846e+00  -6.7900000e+02
   1.8647879e+00  -6.7850000e+02
   1.8651898e+00  -6.7800000e+02
   1.8655904e+00  -6.7750000e+02
   1.8659895e+00  -6.7700000e+02
   1.8663873e+00  -6.7650000e+02
   1.8667837e+00  -6.7600000e+02
   1.8671787e+00  -6.7550000e+02
   1.8675724e+00  -6.7500000e+02
   1.8679646e+00  -6.7450000e+02
   1.8683555e+00  -6.7400000e+02
   1.8687449e+00  -6.7350000e+02
   1.8691330e+00  -6.7300000e+02
   1.8695196e+00  -6.7250000e+02
   1.8699049e+00  -6.7200000e+02
   1.8702887e+00  -6.7150000e+02
   1.8706712e+00  -6.7100000e+02
   1.8710522e+00  -6.7050000e+02
   1.8714318e+00  -6.7000000e+02
   1.8718100e+00  -6.6950000e+02
   1.8721868e+00  -6.6900000e+02
   1.8725622e+00  -6.6850000e+02
   1.8729362e+00  -6.6800000e+02
   1.8733087e+00  -6.6750000e+02
   1.8736798e+00  -6.6700000e+02
   1.8740495e+00  -6.6650000e+02
   1.8744178e+00  -6.6600000e+02
   1.8747846e+00  -6.6550000e+02
   1.8751500e+00  -6.6500000e+02
   1.8755140e+00  -6.6450000e+02
   1.8758765e+00  -6.6400000e+02
   1.8762376e+00  -6.6350000e+02
   1.8765973e+00  -6.6300000e+02
   1.8769555e+00  -6.6250000e+02
   1.8773123e+00  -6.6200000e+02
   1.8776676e+00  -6.6150000e+02
   1.8780214e+00  -6.6100000e+02
   1.8783739e+00  -6.6050000e+02
   1.8787248e+00  -6.6000000e+02
   1.8790743e+00  -6.5950000e+02
   1.8794224e+00  -6.5900000e+02
   1.8797689e+00  -6.5850000e+02
   1.8801141e+00  -6.5800000e+02
   1.8804577e+00  -6.5750000e+02
   1.8807999e+00  -6.5700000e+02
   1.8811406e+00  -6.5650000e+02
   1.8814799e+00  -6.5600000e+02
   1.8818177e+00  -6.5550000e+02
   1.8821540e+00  -6.5500000e+02
   1.8824888e+00  -6.5450000e+02
   1.8828221e+00  -6.5400000e+02
   1.8831540e+00  -6.5350000e+02
   1.8834844e+00  -6.5300000e+02
   1.8838133e+00  -6.5250000e+02
   1.8841407e+00  -6.5200000e+02
   1.8844666e+00  -6.5150000e+02
   1.8847910e+00  -6.5100000e+02
   1.8851139e+00  -6.5050000e+02
   1.8854354e+00  -6.5000000e+02
   1.8857553e+00  -6.4950000e+02
   1.8860737e+00  -6.4900000e+02
   1.8863907e+00  -6.4850000e+02
   1.8867061e+00  -6.4800000e+02
   1.8870200e+00  -6.4750000e+02
   1.8873324e+00  -6.4700000e+02
   1.8876433e+00  -6.4650000e+02
   1.8879527e+00  -6.4600000e+02
   1.8882605e+00  -6.4550000e+02
   1.8885669e+00  -6.4500000e+02
   1.8888717e+00  -6.4450000e+02
   1.8891750e+00  -6.4400000e+02
   1.8894767e+00  -6.4350000e+02
   1.8897770e+00  -6.4300000e+02
   1.8900757e+00  -6.4250000e+02
   1.8903729e+00  -6.4200000e+02
   1.8906685e+00  -6.4150000e+02
   1.8909627e+00  -6.4100000e+02
   1.8912552e+00  -6.4050000e+02
   1.8915463e+00  -6.4000000e+02
   1.8918358e+00  -6.3950000e+02
   1.8921237e+00  -6.3900000e+02
   1.8924101e+00  -6.3850000e+02
   1.8926950e+00  -6.3800000e+02
   1.8929783e+00  -6.3750000e+02
   1.8932601e+00  -6.3700000e+02
   1.8935403e+00  -6.3650000e+02
   1.8938189e+00  -6.3600000e+02
   1.8940960e+00  -6.3550000e+02
   1.8943715e+00  -6.3500000e+02
   1.8946455e+00  -6.3450000e+02
   1.8949179e+00  -6.3400000e+02
   1.8951887e+00  -6.3350000e+02
   1.8954580e+00  -6.3300000e+02
   1.8957257e+00  -6.3250000e+02
   1.8959918e+00  -6.3200000e+02
   1.8962564e+00  -6.3150000e+02
   1.8965193e+00  -6.3100000e+02
   1.8967807e+00  -6.3050000e+02
   1.8970405e+00  -6.3000000e+02
   1.8972988e+00  -6.2950000e+02
   1.8975554e+00  -6.2900000e+02
   1.8978105e+00  -6.2850000e+02
   1.8980639e+00  -6.2800000e+02
   1.8983158e+00  -6.2750000e+02
   1.8985661e+00  -6.2700000e+02
   1.8988148e+00  -6.2650000e+02
   1.8990618e+00  -6.2600000e+02
   1.8993073e+00  -6.2550000e+02
   1.8995512e+00  -6.2500000e+02
   1.8997935e+00  -6.2450000e+02
   1.9000342e+00  -6.2400000e+02
   1.9002732e+00  -6.2350000e+02
   1.9005107e+00  -6.2300000e+02
   1.9007465e+00  -6.2250000e+02
   1.9009808e+00  -6.2200000e+02
   1.9012134e+00  -6.2150000e+02
   1.9014444e+00  -6.2100000e+02
   1.9016737e+00  -6.2050000e+02
   1.9019015e+00  -6.2000000e+02
   1.9021276e+00  -6.1950000e+02
   1.9023521e+00  -6.1900000e+02
   1.9025750e+00  -6.1850000e+02
   1.9027963e+00  -6.1800000e+02
   1.9030159e+00  -6.1750000e+02
   1.9032339e+00  -6.1700000e+02
   1.9034502e+00  -6.1650000e+02
   1.9036649e+00  -6.1600000e+02
   1.9038780e+00  -6.1550000e+02
   1.9040894e+00  -6.1500000e+02
   1.9042992e+00  -6.1450000e+02
   1.9045073e+00  -6.1400000e+02
   1.9047138e+00  -6.1350000e+02
   1.9049186e+00  -6.1300000e+02
   1.9051218e+00  -6.1250000e+02
   1.9053234e+00  -6.1200000e+02
   1.9055232e+00  -6.1150000e+02
   1.9057215e+00  -6.1100000e+02
   1.9059180e+00  -6.1050000e+02
   1.9061129e+00  -6.1000000e+02
   1.9063061e+00  -6.0950000e+02
   1.9064977e+00  -6.0900000e+02
   1.9066876e+00  -6.0850000e+02
   1.9068758e+00  -6.0800000e+02
   1.9070624e+00  -6.0750000e+02
   1.9072473e+00  -6.0700000e+02
   1.9074305e+00  -6.0650000e+02
   1.9076120e+00  -6.0600000e+02
   1.9077919e+00  -6.0550000e+02
   1.9079701e+00  -6.0500000e+02
   1.9081466e+00  -6.0450000e+02
   1.9083214e+00  -6.0400000e+02
   1.9084945e+00  -6.0350000e+02
   1.9086659e+00  -6.0300000e+02
   1.9088357e+00  -6.0250000e+02
   1.9090037e+00  -6.0200000e+02
   1.9091701e+00  -6.0150000e+02
   1.9093347e+00  -6.0100000e+02
   1.9094977e+00  -6.0050000e+02
   1.9096590e+00  -6.0000000e+02
   1.9098185e+00  -5.9950000e+02
   1.9099764e+00  -5.9900000e+02
   1.9101325e+00  -5.9850000e+02
   1.9102870e+00  -5.9800000e+02
   1.9104397e+00  -5.9750000e+02
   1.9105908e+00  -5.9700000e+02
   1.9107401e+00  -5.9650000e+02
   1.9108877e+00  -5.9600000e+02
   1.9110336e+00  -5.9550000e+02
   1.9111777e+00  -5.9500000e+02
   1.9113202e+00  -5.9450000e+02
   1.9114609e+00  -5.9400000e+02
   1.9115999e+00  -5.9350000e+02
   1.9117372e+00  -5.9300000e+02
   1.9118727e+00  -5.9250000e+02
   1.9120065e+00  -5.9200000e+02
   1.9121386e+00  -5.9150000e+02
   1.9122690e+00  -5.9100000e+02
   1.9123976e+00  -5.9050000e+02
   1.9125245e+00  -5.9000000e+02
   1.9126496e+00  -5.8950000e+02
   1.9127730e+00  -5.8900000e+02
   1.9128947e+00  -5.8850000e+02
   1.9130146e+00  -5.8800000e+02
   1.9131328e+00  -5.8750000e+02
   1.9132492e+00  -5.8700000e+02
   1.9133639e+00  -5.8650000e+02
   1.9134768e+00  -5.8600000e+02
   1.9135880e+00  -5.8550000e+02
   1.9136974e+00  -5.8500000e+02
   1.9138051e+00  -5.8450000e+02
   1.9139110e+00  -5.8400000e+02
   1.9140151e+00  -5.8350000e+02
   1.9141175e+00  -5.8300000e+02
   1.9142181e+00  -5.8250000e+02
   1.9143170e+00  -5.8200000e+02
   1.9144141e+00  -5.8150000e+02
   1.9145094e+00  -5.8100000e+02
   1.9146030e+00  -5.8050000e+02
   1.9146948e+00  -5.8000000e+02
   1.9147848e+00  -5.7950000e+02
   1.9148730e+00  -5.7900000e+02
   1.9149595e+00  -5.7850000e+02
   1.9150442e+00  -5.7800000e+02
   1.9151271e+00  -5.7750000e+02
   1.9152082e+00  -5.7700000e+02
   1.9152875e+00  -5.7650000e+02
   1.9153651e+00  -5.7600000e+02
   1.9154408e+00  -5.7550000e+02
   1.9155148e+00  -5.7500000e+02
   1.9155870e+00  -5.7450000e+02
   1.9156574e+00  -5.7400000e+02
   1.9157260e+00  -5.7350000e+02
   1.9157928e+00  -5.7300000e+02
   1.9158579e+00  -5.7250000e+02
   1.9159211e+00  -5.7200000e+02
   1.9159825e+00  -5.7150000e+02
   1.9160421e+00  -5.7100000e+02
   1.9160999e+00  -5.7050000e+02
   1.9161560e+00  -5.7000000e+02
   1.9162102e+00  -5.6950000e+02
   1.9162626e+00  -5.6900000e+02
   1.9163132e+00  -5.6850000e+02
   1.9163619e+00  -5.6800000e+02
   1.9164089e+00  -5.6750000e+02
   1.9164541e+00  -5.6700000e+02
   1.9164974e+00  -5.6650000e+02
   1.9165389e+00  -5.6600000e+02
   1.9165786e+00  -5.6550000e+02
   1.9166165e+00  -5.6500000e+02
   1.9166526e+00  -5.6450000e+02
   1.9166868e+00  -5.6400000e+02
   1.9167192e+00  -5.6350000e+02
   1.9167498e+00  -5.6300000e+02
   1.9167786e+00  -5.6250000e+02
   1.9168055e+00  -5.6200000e+02
   1.9168306e+00  -5.6150000e+02
   1.9168539e+00  -5.6100000e+02
   1.9168753e+00  -5.6050000e+02
   1.9168949e+00  -5.6000000e+02
   1.9169127e+00  -5.5950000e+02
   1.9169286e+00  -5.5900000e+02
   1.9169427e+00  -5.5850000e+02
   1.9169550e+00  -5.5800000e+02
   1.9169654e+00  -5.5750000e+02
   1.9169740e+00  -5.5700000e+02
   1.9169807e+00  -5.5650000e+02
   1.9169855e+00  -5.5600000e+02
   1.9169886e+00  -5.5550000e+02
   1.9169897e+00  -5.5500000e+02
   1.9169891e+00  -5.5450000e+02
   1.9169865e+00  -5.5400000e+02
   1.9169822e+00  -5.5350000e+02
   1.9169759e+00  -5.5300000e+02
   1.9169678e+00  -5.5250000e+02
   1.9169579e+00  -5.5200000e+02
   1.9169461e+00  -5.5150000e+02
   1.9169324e+00  -5.5100000e+02
   1.9169169e+00  -5.5050000e+02
   1.9168995e+00  -5.5000000e+02
   1.9168802e+00  -5.4950000e+02
   1.9168591e+00  -5.4900000e+02
   1.9168361e+00  -5.4850000e+02
   1.9168112e+00  -5.4800000e+02
   1.9167845e+00  -5.4750000e+02
   1.9167559e+00  -5.4700000e+02
   1.9167254e+00  -5.4650000e+02
   1.9166931e+00  -5.4600000e+02
   1.9166588e+00  -5.4550000e+02
   1.9166227e+00  -5.4500000e+02
   1.9165848e+00  -5.4450000e+02
   1.9165449e+00  -5.4400000e+02
   1.9165032e+00  -5.4350000e+02
   1.9164595e+00  -5.4300000e+02
   1.9164140e+00  -5.4250000e+02
   1.9163667e+00  -5.4200000e+02
   1.9163174e+00  -5.4150000e+02
   1.9162662e+00  -5.4100000e+02
   1.9162132e+00  -5.4050000e+02
   1.9161582e+00  -5.4000000e+02
   1.9161014e+00  -5.3950000e+02
   1.9160427e+00  -5.3900000e+02
   1.9159821e+00  -5.3850000e+02
   1.9159196e+00  -5.3800000e+02
   1.9158552e+00  -5.3750000e+02
   1.9157889e+00  -5.3700000e+02
   1.9157207e+00  -5.3650000e+02
   1.9156506e+00  -5.3600000e+02
   1.9155786e+00  -5.3550000e+02
   1.9155047e+00  -5.3500000e+02
   1.9154289e+00  -5.3450000e+02
   1.9153512e+00  -5.3400000e+02
   1.9152716e+00  -5.3350000e+02
   1.9151901e+00  -5.3300000e+02
   1.9151067e+00  -5.3250000e+02
   1.9150214e+00  -5.3200000e+02
   1.9149341e+00  -5.3150000e+02
   1.9148450e+00  -5.3100000e+02
   1.9147540e+00  -5.3050000e+02
   1.9146610e+00  -5.3000000e+02
   1.9145661e+00  -5.2950000e+02
   1.9144693e+00  -5.2900000e+02
   1.9143706e+00  -5.2850000e+02
   1.9142700e+00  -5.2800000e+02
   1.9141675e+00  -5.2750000e+02
   1.9140630e+00  -5.2700000e+02
   1.9139566e+00  -5.2650000e+02
   1.9138483e+00  -5.2600000e+02
   1.9137381e+00  -5.2550000e+02
   1.9136260e+00  -5.2500000e+02
   1.9135119e+00  -5.2450000e+02
   1.9133959e+00  -5.2400000e+02
   1.9132780e+00  -5.2350000e+02
   1.9131581e+00  -5.2300000e+02
   1.9130364e+00  -5.2250000e+02
   1.9129127e+00  -5.2200000e+02
   1.9127870e+00  -5.2150000e+02
   1.9126595e+00  -5.2100000e+02
   1.9125300e+00  -5.2050000e+02
   1.9123986e+00  -5.2000000e+02
   1.9122652e+00  -5.1950000e+02
   1.9121299e+00  -5.1900000e+02
   1.9119927e+00  -5.1850000e+02
   1.9118535e+00  -5.1800000e+02
   1.9117125e+00  -5.1750000e+02
   1.9115694e+00  -5.1700000e+02
   1.9114244e+00  -5.1650000e+02
   1.9112775e+00  -5.1600000e+02
   1.9111287e+00  -5.1550000e+02
   1.9109779e+00  -5.1500000e+02
   1.9108252e+00  -5.1450000e+02
   1.9106705e+00  -5.1400000e+02
   1.9105139e+00  -5.1350000e+02
   1.9103553e+00  -5.1300000e+02
   1.9101948e+00  -5.1250000e+02
   1.9100323e+00  -5.1200000e+02
   1.9098679e+00  -5.1150000e+02
   1.9097016e+00  -5.1100000e+02
   1.9095333e+00  -5.1050000e+02
   1.9093630e+00  -5.1000000e+02
   1.9091908e+00  -5.0950000e+02
   1.9090167e+00  -5.0900000e+02
   1.9088406e+00  -5.0850000e+02
   1.9086625e+00  -5.0800000e+02
   1.9084825e+00  -5.0750000e+02
   1.9083006e+00  -5.0700000e+02
   1.9081167e+00  -5.0650000e+02
   1.9079308e+00  -5.0600000e+02
   1.9077430e+00  -5.0550000e+02
   1.9075532e+00  -5.0500000e+02
   1.9073615e+00  -5.0450000e+02
   1.9071678e+00  -5.0400000e+02
   1.9069721e+00  -5.0350000e+02
   1.9067745e+00  -5.0300000e+02
   1.9065749e+00  -5.0250000e+02
   1.9063734e+00  -5.0200000e+02
   1.9061699e+00  -5.0150000e+02
   1.9059645e+00  -5.0100000e+02
   1.9057571e+00  -5.0050000e+02
   1.9055477e+00  -5.0000000e+02
   1.9053363e+00  -4.9950000e+02
   1.9051230e+00  -4.9900000e+02
   1.9049078e+00  -4.9850000e+02
   1.9046905e+00  -4.9800000e+02
   1.9044713e+00  -4.9750000e+02
   1.9042502e+00  -4.9700000e+02
   1.9040270e+00  -4.9650000e+02
   1.9038019e+00  -4.9600000e+02
   1.9035749e+00  -4.9550000e+02
   1.9033458e+00  -4.9500000e+02
   1.9031148e+00  -4.9450000e+02
   1.9028819e+00  -4.9400000e+02
   1.9026469e+00  -4.9350000e+02
   1.9024100e+00  -4.9300000e+02
   1.9021711e+00  -4.9250000e+02
   1.9019303e+00  -4.9200000e+02
   1.9016875e+00  -4.9150000e+02
   1.9014427e+00  -4.9100000e+02
   1.9011959e+00  -4.9050000e+02
   1.9009472e+00  -4.9000000e+02
   1.9006965e+00  -4.8950000e+02
   1.9004438e+00  -4.8900000e+02
   1.9001891e+00  -4.8850000e+02
   1.8999325e+00  -4.8800000e+02
   1.8996739e+00  -4.8750000e+02
   1.8994133e+00  -4.8700000e+02
   1.8991507e+00  -4.8650000e+02
   1.8988862e+00  -4.8600000e+02
   1.8986197e+00  -4.8550000e+02
   1.8983512e+00  -4.8500000e+02
   1.8980807e+00  -4.8450000e+02
   1.8978083e+00  -4.8400000e+02
   1.8975339e+00  -4.8350000e+02
   1.8972575e+00  -4.8300000e+02
   1.8969791e+00  -4.8250000e+02
   1.8966988e+00  -4.8200000e+02
   1.8964164e+00  -4.8150000e+02
   1.8961321e+00  -4.8100000e+02
   1.8958458e+00  -4.8050000e+02
   1.8955576e+00  -4.8000000e+02
   1.8952673e+00  -4.7950000e+02
   1.8949751e+00  -4.7900000e+02
   1.8946809e+00  -4.7850000e+02
   1.8943847e+00  -4.7800000e+02
   1.8940866e+00  -4.7750000e+02
   1.8937864e+00  -4.7700000e+02
   1.8934843e+00  -4.7650000e+02
   1.8931802e+00  -4.7600000e+02
   1.8928741e+00  -4.7550000e+02
   1.8925660e+00  -4.7500000e+02
   1.8922560e+00  -4.7450000e+02
   1.8919440e+00  -4.7400000e+02
   1.8916300e+00  -4.7350000e+02
   1.8913140e+00  -4.7300000e+02
   1.8909960e+00  -4.7250000e+02
   1.8906760e+00  -4.7200000e+02
   1.8903541e+00  -4.7150000e+02
   1.8900302e+00  -4.7100000e+02
   1.8897043e+00  -4.7050000e+02
   1.8893764e+00  -4.7000000e+02
   1.8890466e+00  -4.6950000e+02
   1.8887147e+00  -4.6900000e+02
   1.8883809e+00  -4.6850000e+02
   1.8880451e+00  -4.6800000e+02
   1.8877073e+00  -4.6750000e+02
   1.8873676e+00  -4.6700000e+02
   1.8870258e+00  -4.6650000e+02
   1.8866821e+00  -4.6600000e+02
   1.8863364e+00  -4.6550000e+02
   1.8859887e+00  -4.6500000e+02
   1.8856390e+00  -4.6450000e+02
   1.8852874e+00  -4.6400000e+02
   1.8849337e+00  -4.6350000e+02
   1.8845781e+00  -4.6300000e+02
   1.8842205e+00  -4.6250000e+02
   1.8838609e+00  -4.6200000e+02
   1.8834994e+00  -4.6150000e+02
   1.8831358e+00  -4.6100000e+02
   1.8827703e+00  -4.6050000e+02
   1.8824028e+00  -4.6000000e+02
   1.8820333e+00  -4.5950000e+02
   1.8816619e+00  -4.5900000e+02
   1.8812885e+00  -4.5850000e+02
   1.8809130e+00  -4.5800000e+02
   1.8805356e+00  -4.5750000e+02
   1.8801563e+00  -4.5700000e+02
   1.8797749e+00  -4.5650000e+02
   1.8793916e+00  -4.5600000e+02
   1.8790063e+00  -4.5550000e+02
   1.8786190e+00  -4.5500000e+02
   1.8782297e+00  -4.5450000e+02
   1.8778385e+00  -4.5400000e+02
   1.8774453e+00  -4.5350000e+02
   1.8770501e+00  -4.5300000e+02
   1.8766529e+00  -4.5250000e+02
   1.8762538e+00  -4.5200000e+02
   1.8758527e+00  -4.5150000e+02
   1.8754496e+00  -4.5100000e+02
   1.8750445e+00  -4.5050000e+02
   1.8746374e+00  -4.5000000e+02
   1.8742284e+00  -4.4950000e+02
   1.8738174e+00  -4.4900000e+02
   1.8734045e+00  -4.4850000e+02
   1.8729895e+00  -4.4800000e+02
   1.8725726e+00  -4.4750000e+02
   1.8721537e+00  -4.4700000e+02
   1.8717329e+00  -4.4650000e+02
   1.8713100e+00  -4.4600000e+02
   1.8708853e+00  -4.4550000e+02
   1.8704585e+00  -4.4500000e+02
   1.8700298e+00  -4.4450000e+02
   1.8695990e+00  -4.4400000e+02
   1.8691664e+00  -4.4350000e+02
   1.8687317e+00  -4.4300000e+02
   1.8682951e+00  -4.4250000e+02
   1.8678565e+00  -4.4200000e+02
   1.8674160e+00  -4.4150000e+02
   1.8669735e+00  -4.4100000e+02
   1.8665290e+00  -4.4050000e+02
   1.8660826e+00  -4.4000000e+02
   1.8656342e+00  -4.3950000e+02
   1.8651838e+00  -4.3900000e+02
   1.8647315e+00  -4.3850000e+02
   1.8642772e+00  -4.3800000e+02
   1.8638209e+00  -4.3750000e+02
   1.8633627e+00  -4.3700000e+02
   1.8629026e+00  -4.3650000e+02
   1.8624404e+00  -4.3600000e+02
   1.8619763e+00  -4.3550000e+02
   1.8615103e+00  -4.3500000e+02
   1.8610423e+00  -4.3450000e+02
   1.8605723e+00  -4.3400000e+02
   1.8601004e+00  -4.3350000e+02
   1.8596265e+00  -4.3300000e+02
   1.8591507e+00  -4.3250000e+02
   1.8586729e+00  -4.3200000e+02
   1.8581932e+00  -4.3150000e+02
   1.8577115e+00  -4.3100000e+02
   1.8572279e+00  -4.3050000e+02
   1.8567423e+00  -4.3000000e+02
   1.8562547e+00  -4.2950000e+02
   1.8557652e+00  -4.2900000e+02
   1.8552738e+00  -4.2850000e+02
   1.8547804e+00  -4.2800000e+02
   1.8542851e+00  -4.2750000e+02
   1.8537878e+00  -4.2700000e+02
   1.8532886e+00  -4.2650000e+02
   1.8527874e+00  -4.2600000e+02
   1.8522843e+00  -4.2550000e+02
   1.8517793e+00  -4.2500000e+02
   1.8512723e+00  -4.2450000e+02
   1.8507633e+00  -4.2400000e+02
   1.8502525e+00  -4.2350000e+02
   1.8497397e+00  -4.2300000e+02
   1.8492249e+00  -4.2250000e+02
   1.8487082e+00  -4.2200000e+02
   1.8481896e+00  -4.2150000e+02
   1.8476691e+00  -4.2100000e+02
   1.8471466e+00  -4.2050000e+02
   1.8466222e+00  -4.2000000e+02
   1.8460958e+00  -4.1950000e+02
   1.8455676e+00  -4.1900000e+02
   1.8450373e+00  -4.1850000e+02
   1.8445052e+00  -4.1800000e+02
   1.8439712e+00  -4.1750000e+02
   1.8434352e+00  -4.1700000e+02
   1.8428973e+00  -4.1650000e+02
   1.8423574e+00  -4.1600000e+02
   1.8418157e+00  -4.1550000e+02
   1.8412720e+00  -4.1500000e+02
   1.8407264e+00  -4.1450000e+02
   1.8401789e+00  -4.1400000e+02
   1.8396294e+00  -4.1350000e+02
   1.8390781e+00  -4.1300000e+02
   1.8385248e+00  -4.1250000e+02
   1.8379696e+00  -4.1200000e+02
   1.8374125e+00  -4.1150000e+02
   1.8368535e+00  -4.1100000e+02
   1.8362926e+00  -4.1050000e+02
   1.8357298e+00  -4.1000000e+02
   1.8351650e+00  -4.0950000e+02
   1.8345984e+00  -4.0900000e+02
   1.8340299e+00  -4.0850000e+02
   1.8334594e+00  -4.0800000e+02
   1.8328871e+00  -4.0750000e+02
   1.8323128e+00  -4.0700000e+02
   1.8317366e+00  -4.0650000e+02
   1.8311586e+00  -4.0600000e+02
   1.8305786e+00  -4.0550000e+02
   1.8299968e+00  -4.0500000e+02
   1.8294130e+00  -4.0450000e+02
   1.8288274e+00  -4.0400000e+02
   1.8282399e+00  -4.0350000e+02
   1.8276504e+00  -4.0300000e+02
   1.8270591e+00  -4.0250000e+02
   1.8264659e+00  -4.0200000e+02
   1.8258708e+00  -4.0150000e+02
   1.8252739e+00  -4.0100000e+02
   1.8246750e+00  -4.0050000e+02
   1.8240743e+00  -4.0000000e+02
   1.8234717e+00  -3.9950000e+02
   1.8228672e+00  -3.9900000e+02
   1.8222608e+00  -3.9850000e+02
   1.8216525e+00  -3.9800000e+02
   1.8210424e+00  -3.9750000e+02
   1.8204304e+00  -3.9700000e+02
   1.8198165e+00  -3.9650000e+02
   1.8192008e+00  -3.9600000e+02
   1.8185832e+00  -3.9550000e+02
   1.8179637e+00  -3.9500000e+02
   1.8173424e+00  -3.9450000e+02
   1.8167192e+00  -3.9400000e+02
   1.8160941e+00  -3.9350000e+02
   1.8154672e+00  -3.9300000e+02
   1.8148384e+00  -3.9250000e+02
   1.8142077e+00  -3.9200000e+02
   1.8135752e+00  -3.9150000e+02
   1.8129409e+00  -3.9100000e+02
   1.8123047e+00  -3.9050000e+02
   1.8116666e+00  -3.9000000e+02
   1.8110267e+00  -3.8950000e+02
   1.8103850e+00  -3.8900000e+02
   1.8097414e+00  -3.8850000e+02
   1.8090959e+00  -3.8800000e+02
   1.8084487e+00  -3.8750000e+02
   1.8077995e+00  -3.8700000e+02
   1.8071486e+00  -3.8650000e+02
   1.8064958e+00  -3.8600000e+02
   1.8058411e+00  -3.8550000e+02
   1.8051847e+00  -3.8500000e+02
   1.8045264e+00  -3.8450000e+02
   1.8038662e+00  -3.8400000e+02
   1.8032043e+00  -3.8350000e+02
   1.8025405e+00  -3.8300000e+02
   1.8018749e+00  -3.8250000e+02
   1.8012075e+00  -3.8200000e+02
   1.8005382e+00  -3.8150000e+02
   1.7998671e+00  -3.8100000e+02
   1.7991943e+00  -3.8050000e+02
   1.7985196e+00  -3.8000000e+02
   1.7978431e+00  -3.7950000e+02
   1.7971647e+00  -3.7900000e+02
   1.7964846e+00  -3.7850000e+02
   1.7958027e+00  -3.7800000e+02
   1.7951189e+00  -3.7750000e+02
   1.7944334e+00  -3.7700000e+02
   1.7937460e+00  -3.7650000e+02
   1.7930569e+00  -3.7600000e+02
   1.7923659e+00  -3.7550000e+02
   1.7916732e+00  -3.7500000e+02
   1.7909787e+00  -3.7450000e+02
   1.7902823e+00  -3.7400000e+02
   1.7895842e+00  -3.7350000e+02
   1.7888843e+00  -3.7300000e+02
   1.7881826e+00  -3.7250000e+02
   1.7874792e+00  -3.7200000e+02
   1.7867739e+00  -3.7150000e+02
   1.7860669e+00  -3.7100000e+02
   1.7853581e+00  -3.7050000e+02
   1.7846475e+00  -3.7000000e+02
   1.7839352e+00  -3.6950000e+02
   1.7832211e+00  -3.6900000e+02
   1.7825052e+00  -3.6850000e+02
   1.7817875e+00  -3.6800000e+02
   1.7810681e+00  -3.6750000e+02
   1.7803469e+00  -3.6700000e+02
   1.7796240e+00  -3.6650000e+02
   1.7788993e+00  -3.6600000e+02
   1.7781728e+00  -3.6550000e+02
   1.7774446e+00  -3.6500000e+02
   1.7767147e+00  -3.6450000e+02
   1.7759830e+00  -3.6400000e+02
   1.7752495e+00  -3.6350000e+02
   1.7745144e+00  -3.6300000e+02
   1.7737774e+00  -3.6250000e+02
   1.7730388e+00  -3.6200000e+02
   1.7722983e+00  -3.6150000e+02
   1.7715562e+00  -3.6100000e+02
   1.7708123e+00  -3.6050000e+02
   1.7700667e+00  -3.6000000e+02
   1.7693194e+00  -3.5950000e+02
   1.7685703e+00  -3.5900000e+02
   1.7678196e+00  -3.5850000e+02
   1.7670671e+00  -3.5800000e+02
   1.7663128e+00  -3.5750000e+02
   1.7655569e+00  -3.5700000e+02
   1.7647993e+00  -3.5650000e+02
   1.7640399e+00  -3.5600000e+02
   1.7632788e+00  -3.5550000e+02
   1.7625161e+00  -3.5500000e+02
   1.7617516e+00  -3.5450000e+02
   1.7609854e+00  -3.5400000e+02
   1.7602175e+00  -3.5350000e+02
   1.7594479e+00  -3.5300000e+02
   1.7586767e+00  -3.5250000e+02
   1.7579037e+00  -3.5200000e+02
   1.7571291e+00  -3.5150000e+02
   1.7563527e+00  -3.5100000e+02
   1.7555747e+00  -3.5050000e+02
   1.7547950e+00  -3.5000000e+02
   1.7540136e+00  -3.4950000e+02
   1.7532306e+00  -3.4900000e+02
   1.7524459e+00  -3.4850000e+02
   1.7516595e+00  -3.4800000e+02
   1.7508714e+00  -3.4750000e+02
   1.7500817e+00  -3.4700000e+02
   1.7492903e+00  -3.4650000e+02
   1.7484972e+00  -3.4600000e+02
   1.7477025e+00  -3.4550000e+02
   1.7469061e+00  -3.4500000e+02
   1.7461081e+00  -3.4450000e+02
   1.7453084e+00  -3.4400000e+02
   1.7445071e+00  -3.4350000e+02
   1.7437041e+00  -3.4300000e+02
   1.7428995e+00  -3.4250000e+02
   1.7420933e+00  -3.4200000e+02
   1.7412854e+00  -3.4150000e+02
   1.7404759e+00  -3.4100000e+02
   1.7396647e+00  -3.4050000e+02
   1.7388519e+00  -3.4000000e+02
   1.7380375e+00  -3.3950000e+02
   1.7372215e+00  -3.3900000e+02
   1.7364039e+00  -3.3850000e+02
   1.7355846e+00  -3.3800000e+02
   1.7347637e+00  -3.3750000e+02
   1.7339412e+00  -3.3700000e+02
   1.7331171e+00  -3.3650000e+02
   1.7322914e+00  -3.3600000e+02
   1.7314641e+00  -3.3550000e+02
   1.7306352e+00  -3.3500000e+02
   1.7298047e+00  -3.3450000e+02
   1.7289725e+00  -3.3400000e+02
   1.7281388e+00  -3.3350000e+02
   1.7273036e+00  -3.3300000e+02
   1.7264667e+00  -3.3250000e+02
   1.7256282e+00  -3.3200000e+02
   1.7247882e+00  -3.3150000e+02
   1.7239466e+00  -3.3100000e+02
   1.7231034e+00  -3.3050000e+02
   1.7222586e+00  -3.3000000e+02
   1.7214123e+00  -3.2950000e+02
   1.7205643e+00  -3.2900000e+02
   1.7197149e+00  -3.2850000e+02
   1.7188639e+00  -3.2800000e+02
   1.7180113e+00  -3.2750000e+02
   1.7171571e+00  -3.2700000e+02
   1.7163014e+00  -3.2650000e+02
   1.7154442e+00  -3.2600000e+02
   1.7145854e+00  -3.2550000e+02
   1.7137251e+00  -3.2500000e+02
   1.7128632e+00  -3.2450000e+02
   1.7119998e+00  -3.2400000e+02
   1.7111349e+00  -3.2350000e+02
   1.7102684e+00  -3.2300000e+02
   1.7094004e+00  -3.2250000e+02
   1.7085309e+00  -3.2200000e+02
   1.7076598e+00  -3.2150000e+02
   1.7067873e+00  -3.2100000e+02
   1.7059132e+00  -3.2050000e+02
   1.7050376e+00  -3.2000000e+02
   1.7041605e+00  -3.1950000e+02
   1.7032819e+00  -3.1900000e+02
   1.7024018e+00  -3.1850000e+02
   1.7015202e+00  -3.1800000e+02
   1.7006371e+00  -3.1750000e+02
   1.6997525e+00  -3.1700000e+02
   1.6988664e+00  -3.1650000e+02
   1.6979788e+00  -3.1600000e+02
   1.6970898e+00  -3.1550000e+02
   1.6961992e+00  -3.1500000e+02
   1.6953072e+00  -3.1450000e+02
   1.6944137e+00  -3.1400000e+02
   1.6935188e+00  -3.1350000e+02
   1.6926223e+00  -3.1300000e+02
   1.6917244e+00  -3.1250000e+02
   1.6908251e+00  -3.1200000e+02
   1.6899243e+00  -3.1150000e+02
   1.6890220e+00  -3.1100000e+02
   1.6881183e+00  -3.1050000e+02
   1.6872131e+00  -3.1000000e+02
   1.6863065e+00  -3.0950000e+02
   1.6853984e+00  -3.0900000e+02
   1.6844889e+00  -3.0850000e+02
   1.6835780e+00  -3.0800000e+02
   1.6826656e+00  -3.0750000e+02
   1.6817518e+00  -3.0700000e+02
   1.6808366e+00  -3.0650000e+02
   1.6799200e+00  -3.0600000e+02
   1.6790019e+00  -3.0550000e+02
   1.6780824e+00  -3.0500000e+02
   1.6771616e+00  -3.0450000e+02
   1.6762393e+00  -3.0400000e+02
   1.6753156e+00  -3.0350000e+02
   1.6743904e+00  -3.0300000e+02
   1.6734639e+00  -3.0250000e+02
   1.6725360e+00  -3.0200000e+02
   1.6716067e+00  -3.0150000e+02
   1.6706761e+00  -3.0100000e+02
   1.6697440e+00  -3.0050000e+02
   1.6688106e+00  -3.0000000e+02
   1.6678757e+00  -2.9950000e+02
   1.6669395e+00  -2.9900000e+02
   1.6660020e+00  -2.9850000e+02
   1.6650630e+00  -2.9800000e+02
   1.6641227e+00  -2.9750000e+02
   1.6631810e+00  -2.9700000e+02
   1.6622380e+00  -2.9650000e+02
   1.6612936e+00  -2.9600000e+02
   1.6603479e+00  -2.9550000e+02
   1.6594008e+00  -2.9500000e+02
   1.6584524e+00  -2.9450000e+02
   1.6575026e+00  -2.9400000e+02
   1.6565515e+00  -2.9350000e+02
   1.6555991e+00  -2.9300000e+02
   1.6546454e+00  -2.9250000e+02
   1.6536903e+00  -2.9200000e+02
   1.6527339e+00  -2.9150000e+02
   1.6517761e+00  -2.9100000e+02
   1.6508171e+00  -2.9050000e+02
   1.6498567e+00  -2.9000000e+02
   1.6488951e+00  -2.8950000e+02
   1.6479321e+00  -2.8900000e+02
   1.6469678e+00  -2.8850000e+02
   1.6460022e+00  -2.8800000e+02
   1.6450354e+00  -2.8750000e+02
   1.6440672e+00  -2.8700000e+02
   1.6430978e+00  -2.8650000e+02
   1.6421271e+00  -2.8600000e+02
   1.6411550e+00  -2.8550000e+02
   1.6401818e+00  -2.8500000e+02
   1.6392072e+00  -2.8450000e+02
   1.6382314e+00  -2.8400000e+02
   1.6372543e+00  -2.8350000e+02
   1.6362759e+00  -2.8300000e+02
   1.6352963e+00  -2.8250000e+02
   1.6343155e+00  -2.8200000e+02
   1.6333334e+00  -2.8150000e+02
   1.6323500e+00  -2.8100000e+02
   1.6313654e+00  -2.8050000e+02
   1.6303796e+00  -2.8000000e+02
   1.6293925e+00  -2.7950000e+02
   1.6284042e+00  -2.7900000e+02
   1.6274146e+00  -2.7850000e+02
   1.6264239e+00  -2.7800000e+02
   1.6254319e+00  -2.7750000e+02
   1.6244387e+00  -2.7700000e+02
   1.6234443e+00  -2.7650000e+02
   1.6224486e+00  -2.7600000e+02
   1.6214518e+00  -2.7550000e+02
   1.6204538e+00  -2.7500000e+02
   1.6194545e+00  -2.7450000e+02
   1.6184541e+00  -2.7400000e+02
   1.6174525e+00  -2.7350000e+02
   1.6164497e+00  -2.7300000e+02
   1.6154457e+00  -2.7250000e+02
   1.6144405e+00  -2.7200000e+02
   1.6134342e+00  -2.7150000e+02
   1.6124267e+00  -2.7100000e+02
   1.6114180e+00  -2.7050000e+02
   1.6104081e+00  -2.7000000e+02
   1.6093971e+00  -2.6950000e+02
   1.6083849e+00  -2.6900000e+02
   1.6073716e+00  -2.6850000e+02
   1.6063572e+00  -2.6800000e+02
   1.6053415e+00  -2.6750000e+02
   1.6043248e+00  -2.6700000e+02
   1.6033069e+00  -2.6650000e+02
   1.6022879e+00  -2.6600000e+02
   1.6012677e+00  -2.6550000e+02
   1.6002464e+00  -2.6500000e+02
   1.5992240e+00  -2.6450000e+02
   1.5982005e+00  -2.6400000e+02
   1.5971758e+00  -2.6350000e+02
   1.5961501e+00  -2.6300000e+02
   1.5951232e+00  -2.6250000e+02
   1.5940952e+00  -2.6200000e+02
   1.5930662e+00  -2.6150000e+02
   1.5920360e+00  -2.6100000e+02
   1.5910048e+00  -2.6050000e+02
   1.5899724e+00  -2.6000000e+02
   1.5889390e+00  -2.5950000e+02
   1.5879045e+00  -2.5900000e+02
   1.5868690e+00  -2.5850000e+02
   1.5858323e+00  -2.5800000e+02
   1.5847946e+00  -2.5750000e+02
   1.5837558e+00  -2.5700000e+02
   1.5827160e+00  -2.5650000e+02
   1.5816751e+00  -2.5600000e+02
   1.5806331e+00  -2.5550000e+02
   1.5795901e+00  -2.5500000e+02
   1.5785461e+00  -2.5450000e+02
   1.5775010e+00  -2.5400000e+02
   1.5764549e+00  -2.5350000e+02
   1.5754078e+00  -2.5300000e+02
   1.5743596e+00  -2.5250000e+02
   1.5733104e+00  -2.5200000e+02
   1.5722602e+00  -2.5150000e+02
   1.5712089e+00  -2.5100000e+02
   1.5701567e+00  -2.5050000e+02
   1.5691034e+00  -2.5000000e+02
   1.5680491e+00  -2.4950000e+02
   1.5669939e+00  -2.4900000e+02
   1.5659376e+00  -2.4850000e+02
   1.5648804e+00  -2.4800000e+02
   1.5638221e+00  -2.4750000e+02
   1.5627629e+00  -2.4700000e+02
   1.5617027e+00  -2.4650000e+02
   1.5606415e+00  -2.4600000e+02
   1.5595794e+00  -2.4550000e+02
   1.5585162e+00  -2.4500000e+02
   1.5574522e+00  -2.4450000e+02
   1.5563871e+00  -2.4400000e+02
   1.5553211e+00  -2.4350000e+02
   1.5542542e+00  -2.4300000e+02
   1.5531863e+00  -2.4250000e+02
   1.5521174e+00  -2.4200000e+02
   1.5510476e+00  -2.4150000e+02
   1.5499769e+00  -2.4100000e+02
   1.5489052e+00  -2.4050000e+02
   1.5478327e+00  -2.4000000e+02
   1.5467592e+00  -2.3950000e+02
   1.5456847e+00  -2.3900000e+02
   1.5446094e+00  -2.3850000e+02
   1.5435331e+00  -2.3800000e+02
   1.5424560e+00  -2.3750000e+02
   1.5413779e+00  -2.3700000e+02
   1.5402990e+00  -2.3650000e+02
   1.5392191e+00  -2.3600000e+02
   1.5381383e+00  -2.3550000e+02
   1.5370567e+00  -2.3500000e+02
   1.5359742e+00  -2.3450000e+02
   1.5348908e+00  -2.3400000e+02
   1.5338065e+00  -2.3350000e+02
   1.5327214e+00  -2.3300000e+02
   1.5316354e+00  -2.3250000e+02
   1.5305485e+00  -2.3200000e+02
   1.5294608e+00  -2.3150000e+02
   1.5283722e+00  -2.3100000e+02
   1.5272828e+00  -2.3050000e+02
   1.5261925e+00  -2.3000000e+02
   1.5251014e+00  -2.2950000e+02
   1.5240094e+00  -2.2900000e+02
   1.5229166e+00  -2.2850000e+02
   1.5218230e+00  -2.2800000e+02
   1.5207285e+00  -2.2750000e+02
   1.5196333e+00  -2.2700000e+02
   1.5185372e+00  -2.2650000e+02
   1.5174403e+00  -2.2600000e+02
   1.5163426e+00  -2.2550000e+02
   1.5152441e+00  -2.2500000e+02
   1.5141447e+00  -2.2450000e+02
   1.5130446e+00  -2.2400000e+02
   1.5119437e+00  -2.2350000e+02
   1.5108421e+00  -2.2300000e+02
   1.5097396e+00  -2.2250000e+02
   1.5086363e+00  -2.2200000e+02
   1.5075323e+00  -2.2150000e+02
   1.5064275e+00  -2.2100000e+02
   1.5053219e+00  -2.2050000e+02
   1.5042156e+00  -2.2000000e+02
   1.5031085e+00  -2.1950000e+02
   1.5020007e+00  -2.1900000e+02
   1.5008921e+00  -2.1850000e+02
   1.4997827e+00  -2.1800000e+02
   1.4986727e+00  -2.1750000e+02
   1.4975618e+00  -2.1700000e+02
   1.4964503e+00  -2.1650000e+02
   1.4953380e+00  -2.1600000e+02
   1.4942250e+00  -2.1550000e+02
   1.4931113e+00  -2.1500000e+02
   1.4919968e+00  -2.1450000e+02
   1.4908817e+00  -2.1400000e+02
   1.4897658e+00  -2.1350000e+02
   1.4886492e+00  -2.1300000e+02
   1.4875319e+00  -2.1250000e+02
   1.4864140e+00  -2.1200000e+02
   1.4852953e+00  -2.1150000e+02
   1.4841760e+00  -2.1100000e+02
   1.4830559e+00  -2.1050000e+02
   1.4819352e+00  -2.1000000e+02
   1.4808138e+00  -2.0950000e+02
   1.4796918e+00  -2.0900000e+02
   1.4785690e+00  -2.0850000e+02
   1.4774456e+00  -2.0800000e+02
   1.4763216e+00  -2.0750000e+02
   1.4751969e+00  -2.0700000e+02
   1.4740715e+00  -2.0650000e+02
   1.4729455e+00  -2.0600000e+02
   1.4718189e+00  -2.0550000e+02
   1.4706916e+00  -2.0500000e+02
   1.4695637e+00  -2.0450000e+02
   1.4684352e+00  -2.0400000e+02
   1.4673060e+00  -2.0350000e+02
   1.4661762e+00  -2.0300000e+02
   1.4650458e+00  -2.0250000e+02
   1.4639148e+00  -2.0200000e+02
   1.4627831e+00  -2.0150000e+02
   1.4616509e+00  -2.0100000e+02
   1.4605181e+00  -2.0050000e+02
   1.4593847e+00  -2.0000000e+02
   1.4582506e+00  -1.9950000e+02
   1.4571160e+00  -1.9900000e+02
   1.4559809e+00  -1.9850000e+02
   1.4548451e+00  -1.9800000e+02
   1.4537087e+00  -1.9750000e+02
   1.4525718e+00  -1.9700000e+02
   1.4514344e+00  -1.9650000e+02
   1.4502963e+00  -1.9600000e+02
   1.4491577e+00  -1.9550000e+02
   1.4480186e+00  -1.9500000e+02
   1.4468789e+00  -1.9450000e+02
   1.4457386e+00  -1.9400000e+02
   1.4445978e+00  -1.9350000e+02
   1.4434565e+00  -1.9300000e+02
   1.4423146e+00  -1.9250000e+02
   1.4411723e+00  -1.9200000e+02
   1.4400293e+00  -1.9150000e+02
   1.4388859e+00  -1.9100000e+02
   1.4377420e+00  -1.9050000e+02
   1.4365975e+00  -1.9000000e+02
   1.4354525e+00  -1.8950000e+02
   1.4343071e+00  -1.8900000e+02
   1.4331611e+00  -1.8850000e+02
   1.4320146e+00  -1.8800000e+02
   1.4308677e+00  -1.8750000e+02
   1.4297202e+00  -1.8700000e+02
   1.4285723e+00  -1.8650000e+02
   1.4274239e+00  -1.8600000e+02
   1.4262750e+00  -1.8550000e+02
   1.4251257e+00  -1.8500000e+02
   1.4239759e+00  -1.8450000e+02
   1.4228256e+00  -1.8400000e+02
   1.4216748e+00  -1.8350000e+02
   1.4205237e+00  -1.8300000e+02
   1.4193720e+00  -1.8250000e+02
   1.4182199e+00  -1.8200000e+02
   1.4170674e+00  -1.8150000e+02
   1.4159145e+00  -1.8100000e+02
   1.4147611e+00  -1.8050000e+02
   1.4136072e+00  -1.8000000e+02
   1.4124530e+00  -1.7950000e+02
   1.4112983e+00  -1.7900000e+02
   1.4101432e+00  -1.7850000e+02
   1.4089878e+00  -1.7800000e+02
   1.4078319e+00  -1.7750000e+02
   1.4066756e+00  -1.7700000e+02
   1.4055188e+00  -1.7650000e+02
   1.4043618e+00  -1.7600000e+02
   1.4032043e+00  -1.7550000e+02
   1.4020464e+00  -1.7500000e+02
   1.4008881e+00  -1.7450000e+02
   1.3997295e+00  -1.7400000e+02
   1.3985705e+00  -1.7350000e+02
   1.3974111e+00  -1.7300000e+02
   1.3962514e+00  -1.7250000e+02
   1.3950912e+00  -1.7200000e+02
   1.3939308e+00  -1.7150000e+02
   1.3927700e+00  -1.7100000e+02
   1.3916088e+00  -1.7050000e+02
   1.3904473e+00  -1.7000000e+02
   1.3892854e+00  -1.6950000e+02
   1.3881232e+00  -1.6900000e+02
   1.3869607e+00  -1.6850000e+02
   1.3857978e+00  -1.6800000e+02
   1.3846347e+00  -1.6750000e+02
   1.3834712e+00  -1.6700000e+02
   1.3823073e+00  -1.6650000e+02
   1.3811432e+00  -1.6600000e+02
   1.3799788e+00  -1.6550000e+02
   1.3788140e+00  -1.6500000e+02
   1.3776490e+00  -1.6450000e+02
   1.3764836e+00  -1.6400000e+02
   1.3753180e+00  -1.6350000e+02
   1.3741521e+00  -1.6300000e+02
   1.3729859e+00  -1.6250000e+02
   1.3718194e+00  -1.6200000e+02
   1.3706526e+00  -1.6150000e+02
   1.3694856e+00  -1.6100000e+02
   1.3683183e+00  -1.6050000e+02
   1.3671508e+00  -1.6000000e+02
   1.3659829e+00  -1.5950000e+02
   1.3648149e+00  -1.5900000e+02
   1.3636465e+00  -1.5850000e+02
   1.3624780e+00  -1.5800000e+02
   1.3613092e+00  -1.5750000e+02
   1.3601401e+00  -1.5700000e+02
   1.3589708e+00  -1.5650000e+02
   1.3578013e+00  -1.5600000e+02
   1.3566315e+00  -1.5550000e+02
   1.3554616e+00  -1.5500000e+02
   1.3542914e+00  -1.5450000e+02
   1.3531210e+00  -1.5400000e+02
   1.3519504e+00  -1.5350000e+02
   1.3507795e+00  -1.5300000e+02
   1.3496085e+00  -1.5250000e+02
   1.3484373e+00  -1.5200000e+02
   1.3472659e+00  -1.5150000e+02
   1.3460943e+00  -1.5100000e+02
   1.3449225e+00  -1.5050000e+02
   1.3437505e+00  -1.5000000e+02
   1.3425784e+00  -1.4950000e+02
   1.3414060e+00  -1.4900000e+02
   1.3402335e+00  -1.4850000e+02
   1.3390609e+00  -1.4800000e+02
   1.3378880e+00  -1.4750000e+02
   1.3367151e+00  -1.4700000e+02
   1.3355419e+00  -1.4650000e+02
   1.3343686e+00  -1.4600000e+02
   1.3331952e+00  -1.4550000e+02
   1.3320216e+00  -1.4500000e+02
   1.3308479e+00  -1.4450000e+02
   1.3296741e+00  -1.4400000e+02
   1.3285001e+00  -1.4350000e+02
   1.3273260e+00  -1.4300000e+02
   1.3261517e+00  -1.4250000e+02
   1.3249774e+00  -1.4200000e+02
   1.3238029e+00  -1.4150000e+02
   1.3226284e+00  -1.4100000e+02
   1.3214537e+00  -1.4050000e+02
   1.3202789e+00  -1.4000000e+02
   1.3191040e+00  -1.3950000e+02
   1.3179290e+00  -1.3900000e+02
   1.3167540e+00  -1.3850000e+02
   1.3155788e+00  -1.3800000e+02
   1.3144036e+00  -1.3750000e+02
   1.3132282e+00  -1.3700000e+02
   1.3120529e+00  -1.3650000e+02
   1.3108774e+00  -1.3600000e+02
   1.3097019e+00  -1.3550000e+02
   1.3085263e+00  -1.3500000e+02
   1.3073506e+00  -1.3450000e+02
   1.3061749e+00  -1.3400000e+02
   1.3049991e+00  -1.3350000e+02
   1.3038233e+00  -1.3300000e+02
   1.3026475e+00  -1.3250000e+02
   1.3014716e+00  -1.3200000e+02
   1.3002956e+00  -1.3150000e+02
   1.2991197e+00  -1.3100000e+02
   1.2979437e+00  -1.3050000e+02
   1.2967677e+00  -1.3000000e+02
   1.2955916e+00  -1.2950000e+02
   1.2944156e+00  -1.2900000e+02
   1.2932395e+00  -1.2850000e+02
   1.2920634e+00  -1.2800000e+02
   1.2908873e+00  -1.2750000e+02
   1.2897112e+00  -1.2700000e+02
   1.2885352e+00  -1.2650000e+02
   1.2873591e+00  -1.2600000e+02
   1.2861830e+00  -1.2550000e+02
   1.2850070e+00  -1.2500000e+02
   1.2838309e+00  -1.2450000e+02
   1.2826549e+00  -1.2400000e+02
   1.2814789e+00  -1.2350000e+02
   1.2803029e+00  -1.2300000e+02
   1.2791270e+00  -1.2250000e+02
   1.2779511e+00  -1.2200000e+02
   1.2767753e+00  -1.2150000e+02
   1.2755994e+00  -1.2100000e+02
   1.2744237e+00  -1.2050000e+02
   1.2732480e+00  -1.2000000e+02
   1.2720723e+00  -1.1950000e+02
   1.2708967e+00  -1.1900000e+02
   1.2697212e+00  -1.1850000e+02
   1.2685457e+00  -1.1800000e+02
   1.2673703e+00  -1.1750000e+02
   1.2661950e+00  -1.1700000e+02
   1.2650197e+00  -1.1650000e+02
   1.2638445e+00  -1.1600000e+02
   1.2626695e+00  -1.1550000e+02
   1.2614945e+00  -1.1500000e+02
   1.2603196e+00  -1.1450000e+02
   1.2591447e+00  -1.1400000e+02
   1.2579700e+00  -1.1350000e+02
   1.2567954e+00  -1.1300000e+02
   1.2556209e+00  -1.1250000e+02
   1.2544465e+00  -1.1200000e+02
   1.2532723e+00  -1.1150000e+02
   1.2520981e+00  -1.1100000e+02
   1.2509241e+00  -1.1050000e+02
   1.2497502e+00  -1.1000000e+02
   1.2485764e+00  -1.0950000e+02
   1.2474027e+00  -1.0900000e+02
   1.2462292e+00  -1.0850000e+02
   1.2450558e+00  -1.0800000e+02
   1.2438826e+00  -1.0750000e+02
   1.2427095e+00  -1.0700000e+02
   1.2415366e+00  -1.0650000e+02
   1.2403638e+00  -1.0600000e+02
   1.2391912e+00  -1.0550000e+02
   1.2380187e+00  -1.0500000e+02
   1.2368465e+00  -1.0450000e+02
   1.2356743e+00  -1.0400000e+02
   1.2345024e+00  -1.0350000e+02
   1.2333306e+00  -1.0300000e+02
   1.2321590e+00  -1.0250000e+02
   1.2309876e+00  -1.0200000e+02
   1.2298163e+00  -1.0150000e+02
   1.2286453e+00  -1.0100000e+02
   1.2274745e+00  -1.0050000e+02
   1.2263038e+00  -1.0000000e+02
   1.2251334e+00  -9.9500000e+01
   1.2239631e+00  -9.9000000e+01
   1.2227931e+00  -9.8500000e+01
   1.2216233e+00  -9.8000000e+01
   1.2204536e+00  -9.7500000e+01
   1.2192842e+00  -9.7000000e+01
   1.2181151e+00  -9.6500000e+01
   1.2169461e+00  -9.6000000e+01
   1.2157774e+00  -9.5500000e+01
   1.2146089e+00  -9.5000000e+01
   1.2134407e+00  -9.4500000e+01
   1.2122726e+00  -9.4000000e+01
   1.2111049e+00  -9.3500000e+01
   1.2099373e+00  -9.3000000e+01
   1.2087701e+00  -9.2500000e+01
   1.2076030e+00  -9.2000000e+01
   1.2064363e+00  -9.1500000e+01
   1.2052698e+00  -9.1000000e+01
   1.2041035e+00  -9.0500000e+01
   1.2029375e+00  -9.0000000e+01
   1.2017718e+00  -8.9500000e+01
   1.2006064e+00  -8.9000000e+01
   1.1994412e+00  -8.8500000e+01
   1.1982763e+00  -8.8000000e+01
   1.1971117e+00  -8.7500000e+01
   1.1959474e+00  -8.7000000e+01
   1.1947834e+00  -8.6500000e+01
   1.1936197e+00  -8.6000000e+01
   1.1924562e+00  -8.5500000e+01
   1.1912931e+00  -8.5000000e+01
   1.1901303e+00  -8.4500000e+01
   1.1889677e+00  -8.4000000e+01
   1.1878055e+00  -8.3500000e+01
   1.1866436e+00  -8.3000000e+01
   1.1854820e+00  -8.2500000e+01
   1.1843208e+00  -8.2000000e+01
   1.1831598e+00  -8.1500000e+01
   1.1819992e+00  -8.1000000e+01
   1.1808389e+00  -8.0500000e+01
   1.1796790e+00  -8.0000000e+01
   1.1785194e+00  -7.9500000e+01
   1.1773601e+00  -7.9000000e+01
   1.1762011e+00  -7.8500000e+01
   1.1750426e+00  -7.8000000e+01
   1.1738843e+00  -7.7500000e+01
   1.1727264e+00  -7.7000000e+01
   1.1715689e+00  -7.6500000e+01
   1.1704117e+00  -7.6000000e+01
   1.1692549e+00  -7.5500000e+01
   1.1680985e+00  -7.5000000e+01
   1.1669424e+00  -7.4500000e+01
   1.1657867e+00  -7.4000000e+01
   1.1646313e+00  -7.3500000e+01
   1.1634764e+00  -7.3000000e+01
   1.1623218e+00  -7.2500000e+01
   1.1611676e+00  -7.2000000e+01
   1.1600138e+00  -7.1500000e+01
   1.1588604e+00  -7.1000000e+01
   1.1577074e+00  -7.0500000e+01
   1.1565548e+00  -7.0000000e+01
   1.1554025e+00  -6.9500000e+01
   1.1542507e+00  -6.9000000e+01
   1.1530993e+00  -6.8500000e+01
   1.1519483e+00  -6.8000000e+01
   1.1507977e+00  -6.7500000e+01
   1.1496475e+00  -6.7000000e+01
   1.1484978e+00  -6.6500000e+01
   1.1473484e+00  -6.6000000e+01
   1.1461995e+00  -6.5500000e+01
   1.1450510e+00  -6.5000000e+01
   1.1439030e+00  -6.4500000e+01
   1.1427554e+00  -6.4000000e+01
   1.1416082e+00  -6.3500000e+01
   1.1404614e+00  -6.3000000e+01
   1.1393151e+00  -6.2500000e+01
   1.1381693e+00  -6.2000000e+01
   1.1370239e+00  -6.1500000e+01
   1.1358789e+00  -6.1000000e+01
   1.1347344e+00  -6.0500000e+01
   1.1335904e+00  -6.0000000e+01
   1.1324468e+00  -5.9500000e+01
   1.1313037e+00  -5.9000000e+01
   1.1301610e+00  -5.8500000e+01
   1.1290189e+00  -5.8000000e+01
   1.1278772e+00  -5.7500000e+01
   1.1267359e+00  -5.7000000e+01
   1.1255952e+00  -5.6500000e+01
   1.1244549e+00  -5.6000000e+01
   1.1233151e+00  -5.5500000e+01
   1.1221758e+00  -5.5000000e+01
   1.1210370e+00  -5.4500000e+01
   1.1198987e+00  -5.4000000e+01
   1.1187609e+00  -5.3500000e+01
   1.1176236e+00  -5.3000000e+01
   1.1164867e+00  -5.2500000e+01
   1.1153504e+00  -5.2000000e+01
   1.1142146e+00  -5.1500000e+01
   1.1130793e+00  -5.1000000e+01
   1.1119445e+00  -5.0500000e+01
   1.1108103e+00  -5.0000000e+01
   1.1096765e+00  -4.9500000e+01
   1.1085433e+00  -4.9000000e+01
   1.1074106e+00  -4.8500000e+01
   1.1062784e+00  -4.8000000e+01
   1.1051468e+00  -4.7500000e+01
   1.1040157e+00  -4.7000000e+01
   1.1028851e+00  -4.6500000e+01
   1.1017550e+00  -4.6000000e+01
   1.1006255e+00  -4.5500000e+01
   1.0994966e+00  -4.5000000e+01
   1.0983682e+00  -4.4500000e+01
   1.0972403e+00  -4.4000000e+01
   1.0961130e+00  -4.3500000e+01
   1.0949863e+00  -4.3000000e+01
   1.0938601e+00  -4.2500000e+01
   1.0927344e+00  -4.2000000e+01
   1.0916094e+00  -4.1500000e+01
   1.0904849e+00  -4.1000000e+01
   1.0893609e+00  -4.0500000e+01
   1.0882376e+00  -4.0000000e+01
   1.0871148e+00  -3.9500000e+01
   1.0859926e+00  -3.9000000e+01
   1.0848709e+00  -3.8500000e+01
   1.0837499e+00  -3.8000000e+01
   1.0826294e+00  -3.7500000e+01
   1.0815095e+00  -3.7000000e+01
   1.0803903e+00  -3.6500000e+01
   1.0792716e+00  -3.6000000e+01
   1.0781535e+00  -3.5500000e+01
   1.0770359e+00  -3.5000000e+01
   1.0759190e+00  -3.4500000e+01
   1.0748027e+00  -3.4000000e+01
   1.0736870e+00  -3.3500000e+01
   1.0725720e+00  -3.3000000e+01
   1.0714575e+00  -3.2500000e+01
   1.0703436e+00  -3.2000000e+01
   1.0692304e+00  -3.1500000e+01
   1.0681177e+00  -3.1000000e+01
   1.0670057e+00  -3.0500000e+01
   1.0658943e+00  -3.0000000e+01
   1.0647836e+00  -2.9500000e+01
   1.0636734e+00  -2.9000000e+01
   1.0625639e+00  -2.8500000e+01
   1.0614551e+00  -2.8000000e+01
   1.0603468e+00  -2.7500000e+01
   1.0592392e+00  -2.7000000e+01
   1.0581323e+00  -2.6500000e+01
   1.0570260e+00  -2.6000000e+01
   1.0559203e+00  -2.5500000e+01
   1.0548153e+00  -2.5000000e+01
   1.0537109e+00  -2.4500000e+01
   1.0526072e+00  -2.4000000e+01
   1.0515042e+00  -2.3500000e+01
   1.0504018e+00  -2.3000000e+01
   1.0493000e+00  -2.2500000e+01
   1.0481989e+00  -2.2000000e+01
   1.0470985e+00  -2.1500000e+01
   1.0459988e+00  -2.1000000e+01
   1.0448997e+00  -2.0500000e+01
   1.0438013e+00  -2.0000000e+01
   1.0427036e+00  -1.9500000e+01
   1.0416065e+00  -1.9000000e+01
   1.0405102e+00  -1.8500000e+01
   1.0394145e+00  -1.8000000e+01
   1.0383195e+00  -1.7500000e+01
   1.0372252e+00  -1.7000000e+01
   1.0361315e+00  -1.6500000e+01
   1.0350386e+00  -1.6000000e+01
   1.0339463e+00  -1.5500000e+01
   1.0328548e+00  -1.5000000e+01
   1.0317639e+00  -1.4500000e+01
   1.0306738e+00  -1.4000000e+01
   1.0295843e+00  -1.3500000e+01
   1.0284956e+00  -1.3000000e+01
   1.0274076e+00  -1.2500000e+01
   1.0263202e+00  -1.2000000e+01
   1.0252336e+00  -1.1500000e+01
   1.0241477e+00  -1.1000000e+01
   1.0230625e+00  -1.0500000e+01
   1.0219780e+00  -1.0000000e+01
   1.0208943e+00  -9.5000000e+00
   1.0198113e+00  -9.0000000e+00
   1.0187290e+00  -8.5000000e+00
   1.0176474e+00  -8.0000000e+00
   1.0165665e+00  -7.5000000e+00
   1.0154864e+00  -7.0000000e+00
   1.0144070e+00  -6.5000000e+00
   1.0133284e+00  -6.0000000e+00
   1.0122505e+00  -5.5000000e+00
   1.0111733e+00  -5.0000000e+00
   1.0100969e+00  -4.5000000e+00
   1.0090212e+00  -4.0000000e+00
   1.0079463e+00  -3.5000000e+00
   1.0068721e+00  -3.0000000e+00
   1.0057987e+00  -2.5000000e+00
   1.0047260e+00  -2.0000000e+00
   1.0036540e+00  -1.5000000e+00
   1.0025829e+00  -1.0000000e+00
   1.0015125e+00  -5.0000000e-01
   1.0004428e+00   0.0000000e+00
   9.9937391e-01   5.0000000e-01
   9.9830578e-01   1.0000000e+00
   9.9723842e-01   1.5000000e+00
   9.9617183e-01   2.0000000e+00
   9.9510601e-01   2.5000000e+00
   9.9404097e-01   3.0000000e+00
   9.9297670e-01   3.5000000e+00
   9.9191320e-01   4.0000000e+00
   9.9085049e-01   4.5000000e+00
   9.8978856e-01   5.0000000e+00
   9.8872741e-01   5.5000000e+00
   9.8766704e-01   6.0000000e+00
   9.8660746e-01   6.5000000e+00
   9.8554867e-01   7.0000000e+00
   9.8449067e-01   7.5000000e+00
   9.8343347e-01   8.0000000e+00
   9.8237705e-01   8.5000000e+00
   9.8132144e-01   9.0000000e+00
   9.8026662e-01   9.5000000e+00
   9.7921261e-01   1.0000000e+01
   9.7815939e-01   1.0500000e+01
   9.7710698e-01   1.1000000e+01
   9.7605538e-01   1.1500000e+01
   9.7500459e-01   1.2000000e+01
   9.7395460e-01   1.2500000e+01
   9.7290543e-01   1.3000000e+01
   9.7185707e-01   1.3500000e+01
   9.7080952e-01   1.4000000e+01
   9.6976279e-01   1.4500000e+01
   9.6871688e-01   1.5000000e+01
   9.6767180e-01   1.5500000e+01
   9.6662753e-01   1.6000000e+01
   9.6558409e-01   1.6500000e+01
   9.6454148e-01   1.7000000e+01
   9.6349969e-01   1.7500000e+01
   9.6245874e-01   1.8000000e+01
   9.6141861e-01   1.8500000e+01
   9.6037932e-01   1.9000000e+01
   9.5934086e-01   1.9500000e+01
   9.5830324e-01   2.0000000e+01
   9.5726646e-01   2.0500000e+01
   9.5623052e-01   2.1000000e+01
   9.5519543e-01   2.1500000e+01
   9.5416117e-01   2.2000000e+01
   9.5312776e-01   2.2500000e+01
   9.5209520e-01   2.3000000e+01
   9.5106349e-01   2.3500000e+01
   9.5003263e-01   2.4000000e+01
   9.4900262e-01   2.4500000e+01
   9.4797346e-01   2.5000000e+01
   9.4694516e-01   2.5500000e+01
   9.4591772e-01   2.6000000e+01
   9.4489114e-01   2.6500000e+01
   9.4386542e-01   2.7000000e+01
   9.4284055e-01   2.7500000e+01
   9.4181656e-01   2.8000000e+01
   9.4079343e-01   2.8500000e+01
   9.3977116e-01   2.9000000e+01
   9.3874977e-01   2.9500000e+01
   9.3772924e-01   3.0000000e+01
   9.3670959e-01   3.0500000e+01
   9.3569081e-01   3.1000000e+01
   9.3467291e-01   3.1500000e+01
   9.3365588e-01   3.2000000e+01
   9.3263973e-01   3.2500000e+01
   9.3162446e-01   3.3000000e+01
   9.3061007e-01   3.3500000e+01
   9.2959657e-01   3.4000000e+01
   9.2858395e-01   3.4500000e+01
   9.2757221e-01   3.5000000e+01
   9.2656136e-01   3.5500000e+01
   9.2555140e-01   3.6000000e+01
   9.2454234e-01   3.6500000e+01
   9.2353416e-01   3.7000000e+01
   9.2252688e-01   3.7500000e+01
   9.2152049e-01   3.8000000e+01
   9.2051500e-01   3.8500000e+01
   9.1951040e-01   3.9000000e+01
   9.1850671e-01   3.9500000e+01
   9.1750391e-01   4.0000000e+01
   9.1650202e-01   4.0500000e+01
   9.1550103e-01   4.1000000e+01
   9.1450095e-01   4.1500000e+01
   9.1350177e-01   4.2000000e+01
   9.1250350e-01   4.2500000e+01
   9.1150615e-01   4.3000000e+01
   9.1050970e-01   4.3500000e+01
   9.0951416e-01   4.4000000e+01
   9.0851954e-01   4.4500000e+01
   9.0752583e-01   4.5000000e+01
   9.0653304e-01   4.5500000e+01
   9.0554116e-01   4.6000000e+01
   9.0455020e-01   4.6500000e+01
   9.0356017e-01   4.7000000e+01
   9.0257106e-01   4.7500000e+01
   9.0158286e-01   4.8000000e+01
   9.0059560e-01   4.8500000e+01
   8.9960926e-01   4.9000000e+01
   8.9862384e-01   4.9500000e+01
   8.9763936e-01   5.0000000e+01
   8.9665580e-01   5.0500000e+01
   8.9567317e-01   5.1000000e+01
   8.9469148e-01   5.1500000e+01
   8.9371072e-01   5.2000000e+01
   8.9273089e-01   5.2500000e+01
   8.9175200e-01   5.3000000e+01
   8.9077405e-01   5.3500000e+01
   8.8979703e-01   5.4000000e+01
   8.8882096e-01   5.4500000e+01
   8.8784582e-01   5.5000000e+01
   8.8687163e-01   5.5500000e+01
   8.8589838e-01   5.6000000e+01
   8.8492608e-01   5.6500000e+01
   8.8395472e-01   5.7000000e+01
   8.8298431e-01   5.7500000e+01
   8.8201484e-01   5.8000000e+01
   8.8104633e-01   5.8500000e+01
   8.8007876e-01   5.9000000e+01
   8.7911215e-01   5.9500000e+01
   8.7814649e-01   6.0000000e+01
   8.7718178e-01   6.0500000e+01
   8.7621803e-01   6.1000000e+01
   8.7525524e-01   6.1500000e+01
   8.7429340e-01   6.2000000e+01
   8.7333252e-01   6.2500000e+01
   8.7237260e-01   6.3000000e+01
   8.7141364e-01   6.3500000e+01
   8.7045564e-01   6.4000000e+01
   8.6949861e-01   6.4500000e+01
   8.6854254e-01   6.5000000e+01
   8.6758743e-01   6.5500000e+01
   8.6663329e-01   6.6000000e+01
   8.6568012e-01   6.6500000e+01
   8.6472791e-01   6.7000000e+01
   8.6377668e-01   6.7500000e+01
   8.6282641e-01   6.8000000e+01
   8.6187712e-01   6.8500000e+01
   8.6092880e-01   6.9000000e+01
   8.5998145e-01   6.9500000e+01
   8.5903508e-01   7.0000000e+01
   8.5808968e-01   7.0500000e+01
   8.5714526e-01   7.1000000e+01
   8.5620181e-01   7.1500000e+01
   8.5525935e-01   7.2000000e+01
   8.5431786e-01   7.2500000e+01
   8.5337736e-01   7.3000000e+01
   8.5243783e-01   7.3500000e+01
   8.5149929e-01   7.4000000e+01
   8.5056173e-01   7.4500000e+01
   8.4962516e-01   7.5000000e+01
   8.4868957e-01   7.5500000e+01
   8.4775497e-01   7.6000000e+01
   8.4682135e-01   7.6500000e+01
   8.4588873e-01   7.7000000e+01
   8.4495709e-01   7.7500000e+01
   8.4402644e-01   7.8000000e+01
   8.4309678e-01   7.8500000e+01
   8.4216811e-01   7.9000000e+01
   8.4124044e-01   7.9500000e+01
   8.4031376e-01   8.0000000e+01
   8.3938808e-01   8.0500000e+01
   8.3846338e-01   8.1000000e+01
   8.3753969e-01   8.1500000e+01
   8.3661699e-01   8.2000000e+01
   8.3569529e-01   8.2500000e+01
   8.3477459e-01   8.3000000e+01
   8.3385489e-01   8.3500000e+01
   8.3293619e-01   8.4000000e+01
   8.3201849e-01   8.4500000e+01
   8.3110179e-01   8.5000000e+01
   8.3018609e-01   8.5500000e+01
   8.2927140e-01   8.6000000e+01
   8.2835771e-01   8.6500000e+01
   8.2744503e-01   8.7000000e+01
   8.2653336e-01   8.7500000e+01
   8.2562269e-01   8.8000000e+01
   8.2471302e-01   8.8500000e+01
   8.2380437e-01   8.9000000e+01
   8.2289673e-01   8.9500000e+01
   8.2199009e-01   9.0000000e+01
   8.2108447e-01   9.0500000e+01
   8.2017985e-01   9.1000000e+01
   8.1927625e-01   9.1500000e+01
   8.1837366e-01   9.2000000e+01
   8.1747209e-01   9.2500000e+01
   8.1657153e-01   9.3000000e+01
   8.1567198e-01   9.3500000e+01
   8.1477345e-01   9.4000000e+01
   8.1387594e-01   9.4500000e+01
   8.1297944e-01   9.5000000e+01
   8.1208396e-01   9.5500000e+01
   8.1118950e-01   9.6000000e+01
   8.1029606e-01   9.6500000e+01
   8.0940364e-01   9.7000000e+01
   8.0851224e-01   9.7500000e+01
   8.0762186e-01   9.8000000e+01
   8.0673250e-01   9.8500000e+01
   8.0584416e-01   9.9000000e+01
   8.0495685e-01   9.9500000e+01
   8.0407056e-01   1.0000000e+02
   8.0318530e-01   1.0050000e+02
   8.0230106e-01   1.0100000e+02
   8.0141784e-01   1.0150000e+02
   8.0053565e-01   1.0200000e+02
   7.9965449e-01   1.0250000e+02
   7.9877436e-01   1.0300000e+02
   7.9789525e-01   1.0350000e+02
   7.9701717e-01   1.0400000e+02
   7.9614012e-01   1.0450000e+02
   7.9526410e-01   1.0500000e+02
   7.9438911e-01   1.0550000e+02
   7.9351516e-01   1.0600000e+02
   7.9264223e-01   1.0650000e+02
   7.9177033e-01   1.0700000e+02
   7.9089947e-01   1.0750000e+02
   7.9002964e-01   1.0800000e+02
   7.8916084e-01   1.0850000e+02
   7.8829308e-01   1.0900000e+02
   7.8742635e-01   1.0950000e+02
   7.8656066e-01   1.1000000e+02
   7.8569600e-01   1.1050000e+02
   7.8483238e-01   1.1100000e+02
   7.8396980e-01   1.1150000e+02
   7.8310825e-01   1.1200000e+02
   7.8224774e-01   1.1250000e+02
   7.8138827e-01   1.1300000e+02
   7.8052983e-01   1.1350000e+02
   7.7967244e-01   1.1400000e+02
   7.7881608e-01   1.1450000e+02
   7.7796076e-01   1.1500000e+02
   7.7710649e-01   1.1550000e+02
   7.7625325e-01   1.1600000e+02
   7.7540106e-01   1.1650000e+02
   7.7454991e-01   1.1700000e+02
   7.7369980e-01   1.1750000e+02
   7.7285073e-01   1.1800000e+02
   7.7200271e-01   1.1850000e+02
   7.7115572e-01   1.1900000e+02
   7.7030979e-01   1.1950000e+02
   7.6946489e-01   1.2000000e+02
   7.6862104e-01   1.2050000e+02
   7.6777824e-01   1.2100000e+02
   7.6693648e-01   1.2150000e+02
   7.6609577e-01   1.2200000e+02
   7.6525610e-01   1.2250000e+02
   7.6441748e-01   1.2300000e+02
   7.6357990e-01   1.2350000e+02
   7.6274338e-01   1.2400000e+02
   7.6190790e-01   1.2450000e+02
   7.6107346e-01   1.2500000e+02
   7.6024008e-01   1.2550000e+02
   7.5940774e-01   1.2600000e+02
   7.5857646e-01   1.2650000e+02
   7.5774622e-01   1.2700000e+02
   7.5691703e-01   1.2750000e+02
   7.5608889e-01   1.2800000e+02
   7.5526180e-01   1.2850000e+02
   7.5443576e-01   1.2900000e+02
   7.5361078e-01   1.2950000e+02
   7.5278684e-01   1.3000000e+02
   7.5196395e-01   1.3050000e+02
   7.5114212e-01   1.3100000e+02
   7.5032134e-01   1.3150000e+02
   7.4950160e-01   1.3200000e+02
   7.4868293e-01   1.3250000e+02
   7.4786530e-01   1.3300000e+02
   7.4704873e-01   1.3350000e+02
   7.4623321e-01   1.3400000e+02
   7.4541874e-01   1.3450000e+02
   7.4460533e-01   1.3500000e+02
   7.4379297e-01   1.3550000e+02
   7.4298166e-01   1.3600000e+02
   7.4217141e-01   1.3650000e+02
   7.4136221e-01   1.3700000e+02
   7.4055407e-01   1.3750000e+02
   7.3974698e-01   1.3800000e+02
   7.3894095e-01   1.3850000e+02
   7.3813597e-01   1.3900000e+02
   7.3733205e-01   1.3950000e+02
   7.3652919e-01   1.4000000e+02
   7.3572738e-01   1.4050000e+02
   7.3492662e-01   1.4100000e+02
   7.3412692e-01   1.4150000e+02
   7.3332828e-01   1.4200000e+02
   7.3253070e-01   1.4250000e+02
   7.3173417e-01   1.4300000e+02
   7.3093869e-01   1.4350000e+02
   7.3014428e-01   1.4400000e+02
   7.2935092e-01   1.4450000e+02
   7.2855862e-01   1.4500000e+02
   7.2776738e-01   1.4550000e+02
   7.2697719e-01   1.4600000e+02
   7.2618806e-01   1.4650000e+02
   7.2539999e-01   1.4700000e+02
   7.2461298e-01   1.4750000e+02
   7.2382702e-01   1.4800000e+02
   7.2304213e-01   1.4850000e+02
   7.2225829e-01   1.4900000e+02
   7.2147551e-01   1.4950000e+02
   7.2069378e-01   1.5000000e+02
   7.1991312e-01   1.5050000e+02
   7.1913351e-01   1.5100000e+02
   7.1835497e-01   1.5150000e+02
   7.1757748e-01   1.5200000e+02
   7.1680105e-01   1.5250000e+02
   7.1602568e-01   1.5300000e+02
   7.1525136e-01   1.5350000e+02
   7.1447811e-01   1.5400000e+02
   7.1370592e-01   1.5450000e+02
   7.1293478e-01   1.5500000e+02
   7.1216470e-01   1.5550000e+02
   7.1139569e-01   1.5600000e+02
   7.1062773e-01   1.5650000e+02
   7.0986083e-01   1.5700000e+02
   7.0909499e-01   1.5750000e+02
   7.0833021e-01   1.5800000e+02
   7.0756648e-01   1.5850000e+02
   7.0680382e-01   1.5900000e+02
   7.0604222e-01   1.5950000e+02
   7.0528167e-01   1.6000000e+02
   7.0452219e-01   1.6050000e+02
   7.0376376e-01   1.6100000e+02
   7.0300639e-01   1.6150000e+02
   7.0225008e-01   1.6200000e+02
   7.0149483e-01   1.6250000e+02
   7.0074064e-01   1.6300000e+02
   6.9998751e-01   1.6350000e+02
   6.9923544e-01   1.6400000e+02
   6.9848442e-01   1.6450000e+02
   6.9773447e-01   1.6500000e+02
   6.9698557e-01   1.6550000e+02
   6.9623773e-01   1.6600000e+02
   6.9549096e-01   1.6650000e+02
   6.9474524e-01   1.6700000e+02
   6.9400057e-01   1.6750000e+02
   6.9325697e-01   1.6800000e+02
   6.9251443e-01   1.6850000e+02
   6.9177294e-01   1.6900000e+02
   6.9103251e-01   1.6950000e+02
   6.9029314e-01   1.7000000e+02
   6.8955483e-01   1.7050000e+02
   6.8881757e-01   1.7100000e+02
   6.8808138e-01   1.7150000e+02
   6.8734624e-01   1.7200000e+02
   6.8661216e-01   1.7250000e+02
   6.8587913e-01   1.7300000e+02
   6.8514717e-01   1.7350000e+02
   6.8441626e-01   1.7400000e+02
   6.8368641e-01   1.7450000e+02
   6.8295761e-01   1.7500000e+02
   6.8222987e-01   1.7550000e+02
   6.8150319e-01   1.7600000e+02
   6.8077757e-01   1.7650000e+02
   6.8005300e-01   1.7700000e+02
   6.7932949e-01   1.7750000e+02
   6.7860703e-01   1.7800000e+02
   6.7788563e-01   1.7850000e+02
   6.7716529e-01   1.7900000e+02
   6.7644600e-01   1.7950000e+02
   6.7572777e-01   1.8000000e+02
   6.7501059e-01   1.8050000e+02
   6.7429447e-01   1.8100000e+02
   6.7357940e-01   1.8150000e+02
   6.7286539e-01   1.8200000e+02
   6.7215243e-01   1.8250000e+02
   6.7144052e-01   1.8300000e+02
   6.7072967e-01   1.8350000e+02
   6.7001988e-01   1.8400000e+02
   6.6931114e-01   1.8450000e+02
   6.6860345e-01   1.8500000e+02
   6.6789681e-01   1.8550000e+02
   6.6719123e-01   1.8600000e+02
   6.6648670e-01   1.8650000e+02
   6.6578322e-01   1.8700000e+02
   6.6508080e-01   1.8750000e+02
   6.6437943e-01   1.8800000e+02
   6.6367911e-01   1.8850000e+02
   6.6297984e-01   1.8900000e+02
   6.6228162e-01   1.8950000e+02
   6.6158446e-01   1.9000000e+02
   6.6088834e-01   1.9050000e+02
   6.6019328e-01   1.9100000e+02
   6.5949927e-01   1.9150000e+02
   6.5880630e-01   1.9200000e+02
   6.5811439e-01   1.9250000e+02
   6.5742353e-01   1.9300000e+02
   6.5673371e-01   1.9350000e+02
   6.5604495e-01   1.9400000e+02
   6.5535723e-01   1.9450000e+02
   6.5467057e-01   1.9500000e+02
   6.5398495e-01   1.9550000e+02
   6.5330038e-01   1.9600000e+02
   6.5261685e-01   1.9650000e+02
   6.5193438e-01   1.9700000e+02
   6.5125295e-01   1.9750000e+02
   6.5057257e-01   1.9800000e+02
   6.4989323e-01   1.9850000e+02
   6.4921494e-01   1.9900000e+02
   6.4853770e-01   1.9950000e+02
   6.4786150e-01   2.0000000e+02
   6.4718635e-01   2.0050000e+02
   6.4651224e-01   2.0100000e+02
   6.4583918e-01   2.0150000e+02
   6.4516716e-01   2.0200000e+02
   6.4449618e-01   2.0250000e+02
   6.4382625e-01   2.0300000e+02
   6.4315736e-01   2.0350000e+02
   6.4248952e-01   2.0400000e+02
   6.4182272e-01   2.0450000e+02
   6.4115696e-01   2.0500000e+02
   6.4049224e-01   2.0550000e+02
   6.3982856e-01   2.0600000e+02
   6.3916593e-01   2.0650000e+02
   6.3850433e-01   2.0700000e+02
   6.3784378e-01   2.0750000e+02
   6.3718426e-01   2.0800000e+02
   6.3652579e-01   2.0850000e+02
   6.3586835e-01   2.0900000e+02
   6.3521195e-01   2.0950000e+02
   6.3455660e-01   2.1000000e+02
   6.3390227e-01   2.1050000e+02
   6.3324899e-01   2.1100000e+02
   6.3259675e-01   2.1150000e+02
   6.3194554e-01   2.1200000e+02
   6.3129537e-01   2.1250000e+02
   6.3064623e-01   2.1300000e+02
   6.2999813e-01   2.1350000e+02
   6.2935107e-01   2.1400000e+02
   6.2870504e-01   2.1450000e+02
   6.2806004e-01   2.1500000e+02
   6.2741608e-01   2.1550000e+02
   6.2677316e-01   2.1600000e+02
   6.2613126e-01   2.1650000e+02
   6.2549040e-01   2.1700000e+02
   6.2485057e-01   2.1750000e+02
   6.2421178e-01   2.1800000e+02
   6.2357401e-01   2.1850000e+02
   6.2293728e-01   2.1900000e+02
   6.2230158e-01   2.1950000e+02
   6.2166690e-01   2.2000000e+02
   6.2103326e-01   2.2050000e+02
   6.2040065e-01   2.2100000e+02
   6.1976906e-01   2.2150000e+02
   6.1913851e-01   2.2200000e+02
   6.1850898e-01   2.2250000e+02
   6.1788048e-01   2.2300000e+02
   6.1725300e-01   2.2350000e+02
   6.1662655e-01   2.2400000e+02
   6.1600113e-01   2.2450000e+02
   6.1537674e-01   2.2500000e+02
   6.1475337e-01   2.2550000e+02
   6.1413102e-01   2.2600000e+02
   6.1350970e-01   2.2650000e+02
   6.1288940e-01   2.2700000e+02
   6.1227013e-01   2.2750000e+02
   6.1165188e-01   2.2800000e+02
   6.1103465e-01   2.2850000e+02
   6.1041844e-01   2.2900000e+02
   6.0980325e-01   2.2950000e+02
   6.0918909e-01   2.3000000e+02
   6.0857594e-01   2.3050000e+02
   6.0796382e-01   2.3100000e+02
   6.0735271e-01   2.3150000e+02
   6.0674262e-01   2.3200000e+02
   6.0613355e-01   2.3250000e+02
   6.0552550e-01   2.3300000e+02
   6.0491847e-01   2.3350000e+02
   6.0431245e-01   2.3400000e+02
   6.0370745e-01   2.3450000e+02
   6.0310346e-01   2.3500000e+02
   6.0250049e-01   2.3550000e+02
   6.0189854e-01   2.3600000e+02
   6.0129759e-01   2.3650000e+02
   6.0069766e-01   2.3700000e+02
   6.0009875e-01   2.3750000e+02
   5.9950085e-01   2.3800000e+02
   5.9890396e-01   2.3850000e+02
   5.9830808e-01   2.3900000e+02
   5.9771321e-01   2.3950000e+02
   5.9711935e-01   2.4000000e+02
   5.9652650e-01   2.4050000e+02
   5.9593466e-01   2.4100000e+02
   5.9534383e-01   2.4150000e+02
   5.9475400e-01   2.4200000e+02
   5.9416519e-01   2.4250000e+02
   5.9357738e-01   2.4300000e+02
   5.9299058e-01   2.4350000e+02
   5.9240478e-01   2.4400000e+02
   5.9181999e-01   2.4450000e+02
   5.9123620e-01   2.4500000e+02
   5.9065342e-01   2.4550000e+02
   5.9007164e-01   2.4600000e+02
   5.8949087e-01   2.4650000e+02
   5.8891109e-01   2.4700000e+02
   5.8833232e-01   2.4750000e+02
   5.8775455e-01   2.4800000e+02
   5.8717778e-01   2.4850000e+02
   5.8660201e-01   2.4900000e+02
   5.8602724e-01   2.4950000e+02
   5.8545346e-01   2.5000000e+02
   5.8488069e-01   2.5050000e+02
   5.8430891e-01   2.5100000e+02
   5.8373813e-01   2.5150000e+02
   5.8316835e-01   2.5200000e+02
   5.8259956e-01   2.5250000e+02
   5.8203177e-01   2.5300000e+02
   5.8146497e-01   2.5350000e+02
   5.8089917e-01   2.5400000e+02
   5.8033436e-01   2.5450000e+02
   5.7977054e-01   2.5500000e+02
   5.7920772e-01   2.5550000e+02
   5.7864588e-01   2.5600000e+02
   5.7808504e-01   2.5650000e+02
   5.7752519e-01   2.5700000e+02
   5.7696632e-01   2.5750000e+02
   5.7640845e-01   2.5800000e+02
   5.7585156e-01   2.5850000e+02
   5.7529567e-01   2.5900000e+02
   5.7474076e-01   2.5950000e+02
   5.7418683e-01   2.6000000e+02
   5.7363389e-01   2.6050000e+02
   5.7308194e-01   2.6100000e+02
   5.7253097e-01   2.6150000e+02
   5.7198098e-01   2.6200000e+02
   5.7143198e-01   2.6250000e+02
   5.7088396e-01   2.6300000e+02
   5.7033692e-01   2.6350000e+02
   5.6979087e-01   2.6400000e+02
   5.6924579e-01   2.6450000e+02
   5.6870170e-01   2.6500000e+02
   5.6815858e-01   2.6550000e+02
   5.6761644e-01   2.6600000e+02
   5.6707528e-01   2.6650000e+02
   5.6653510e-01   2.6700000e+02
   5.6599589e-01   2.6750000e+02
   5.6545766e-01   2.6800000e+02
   5.6492041e-01   2.6850000e+02
   5.6438413e-01   2.6900000e+02
   5.6384882e-01   2.6950000e+02
   5.6331449e-01   2.7000000e+02
   5.6278113e-01   2.7050000e+02
   5.6224874e-01   2.7100000e+02
   5.6171733e-01   2.7150000e+02
   5.6118688e-01   2.7200000e+02
   5.6065740e-01   2.7250000e+02
   5.6012889e-01   2.7300000e+02
   5.5960136e-01   2.7350000e+02
   5.5907479e-01   2.7400000e+02
   5.5854918e-01   2.7450000e+02
   5.5802454e-01   2.7500000e+02
   5.5750087e-01   2.7550000e+02
   5.5697817e-01   2.7600000e+02
   5.5645642e-01   2.7650000e+02
   5.5593565e-01   2.7700000e+02
   5.5541583e-01   2.7750000e+02
   5.5489698e-01   2.7800000e+02
   5.5437908e-01   2.7850000e+02
   5.5386215e-01   2.7900000e+02
   5.5334618e-01   2.7950000e+02
   5.5283117e-01   2.8000000e+02
   5.5231712e-01   2.8050000e+02
   5.5180402e-01   2.8100000e+02
   5.5129189e-01   2.8150000e+02
   5.5078071e-01   2.8200000e+02
   5.5027048e-01   2.8250000e+02
   5.4976121e-01   2.8300000e+02
   5.4925290e-01   2.8350000e+02
   5.4874553e-01   2.8400000e+02
   5.4823912e-01   2.8450000e+02
   5.4773367e-01   2.8500000e+02
   5.4722916e-01   2.8550000e+02
   5.4672561e-01   2.8600000e+02
   5.4622301e-01   2.8650000e+02
   5.4572135e-01   2.8700000e+02
   5.4522064e-01   2.8750000e+02
   5.4472089e-01   2.8800000e+02
   5.4422207e-01   2.8850000e+02
   5.4372421e-01   2.8900000e+02
   5.4322729e-01   2.8950000e+02
   5.4273132e-01   2.9000000e+02
   5.4223629e-01   2.9050000e+02
   5.4174220e-01   2.9100000e+02
   5.4124906e-01   2.9150000e+02
   5.4075685e-01   2.9200000e+02
   5.4026559e-01   2.9250000e+02
   5.3977527e-01   2.9300000e+02
   5.3928589e-01   2.9350000e+02
   5.3879745e-01   2.9400000e+02
   5.3830995e-01   2.9450000e+02
   5.3782338e-01   2.9500000e+02
   5.3733775e-01   2.9550000e+02
   5.3685306e-01   2.9600000e+02
   5.3636930e-01   2.9650000e+02
   5.3588648e-01   2.9700000e+02
   5.3540459e-01   2.9750000e+02
   5.3492363e-01   2.9800000e+02
   5.3444361e-01   2.9850000e+02
   5.3396451e-01   2.9900000e+02
   5.3348635e-01   2.9950000e+02
   5.3300912e-01   3.0000000e+02
   5.3253282e-01   3.0050000e+02
   5.3205744e-01   3.0100000e+02
   5.3158299e-01   3.0150000e+02
   5.3110947e-01   3.0200000e+02
   5.3063688e-01   3.0250000e+02
   5.3016521e-01   3.0300000e+02
   5.2969446e-01   3.0350000e+02
   5.2922464e-01   3.0400000e+02
   5.2875574e-01   3.0450000e+02
   5.2828776e-01   3.0500000e+02
   5.2782071e-01   3.0550000e+02
   5.2735457e-01   3.0600000e+02
   5.2688936e-01   3.0650000e+02
   5.2642506e-01   3.0700000e+02
   5.2596169e-01   3.0750000e+02
   5.2549923e-01   3.0800000e+02
   5.2503768e-01   3.0850000e+02
   5.2457706e-01   3.0900000e+02
   5.2411734e-01   3.0950000e+02
   5.2365855e-01   3.1000000e+02
   5.2320066e-01   3.1050000e+02
   5.2274369e-01   3.1100000e+02
   5.2228763e-01   3.1150000e+02
   5.2183248e-01   3.1200000e+02
   5.2137824e-01   3.1250000e+02
   5.2092491e-01   3.1300000e+02
   5.2047249e-01   3.1350000e+02
   5.2002098e-01   3.1400000e+02
   5.1957038e-01   3.1450000e+02
   5.1912068e-01   3.1500000e+02
   5.1867189e-01   3.1550000e+02
   5.1822400e-01   3.1600000e+02
   5.1777701e-01   3.1650000e+02
   5.1733093e-01   3.1700000e+02
   5.1688576e-01   3.1750000e+02
   5.1644148e-01   3.1800000e+02
   5.1599810e-01   3.1850000e+02
   5.1555563e-01   3.1900000e+02
   5.1511405e-01   3.1950000e+02
   5.1467337e-01   3.2000000e+02
   5.1423359e-01   3.2050000e+02
   5.1379470e-01   3.2100000e+02
   5.1335672e-01   3.2150000e+02
   5.1291962e-01   3.2200000e+02
   5.1248342e-01   3.2250000e+02
   5.1204812e-01   3.2300000e+02
   5.1161370e-01   3.2350000e+02
   5.1118018e-01   3.2400000e+02
   5.1074755e-01   3.2450000e+02
   5.1031581e-01   3.2500000e+02
   5.0988496e-01   3.2550000e+02
   5.0945500e-01   3.2600000e+02
   5.0902593e-01   3.2650000e+02
   5.0859774e-01   3.2700000e+02
   5.0817044e-01   3.2750000e+02
   5.0774402e-01   3.2800000e+02
   5.0731849e-01   3.2850000e+02
   5.0689384e-01   3.2900000e+02
   5.0647008e-01   3.2950000e+02
   5.0604720e-01   3.3000000e+02
   5.0562519e-01   3.3050000e+02
   5.0520407e-01   3.3100000e+02
   5.0478383e-01   3.3150000e+02
   5.0436447e-01   3.3200000e+02
   5.0394598e-01   3.3250000e+02
   5.0352837e-01   3.3300000e+02
   5.0311164e-01   3.3350000e+02
   5.0269579e-01   3.3400000e+02
   5.0228080e-01   3.3450000e+02
   5.0186670e-01   3.3500000e+02
   5.0145346e-01   3.3550000e+02
   5.0104110e-01   3.3600000e+02
   5.0062960e-01   3.3650000e+02
   5.0021898e-01   3.3700000e+02
   4.9980923e-01   3.3750000e+02
   4.9940035e-01   3.3800000e+02
   4.9899233e-01   3.3850000e+02
   4.9858518e-01   3.3900000e+02
   4.9817890e-01   3.3950000e+02
   4.9777348e-01   3.4000000e+02
   4.9736893e-01   3.4050000e+02
   4.9696524e-01   3.4100000e+02
   4.9656241e-01   3.4150000e+02
   4.9616045e-01   3.4200000e+02
   4.9575935e-01   3.4250000e+02
   4.9535910e-01   3.4300000e+02
   4.9495972e-01   3.4350000e+02
   4.9456120e-01   3.4400000e+02
   4.9416353e-01   3.4450000e+02
   4.9376672e-01   3.4500000e+02
   4.9337077e-01   3.4550000e+02
   4.9297567e-01   3.4600000e+02
   4.9258142e-01   3.4650000e+02
   4.9218803e-01   3.4700000e+02
   4.9179550e-01   3.4750000e+02
   4.9140381e-01   3.4800000e+02
   4.9101298e-01   3.4850000e+02
   4.9062299e-01   3.4900000e+02
   4.9023385e-01   3.4950000e+02
   4.8984557e-01   3.5000000e+02
   4.8945813e-01   3.5050000e+02
   4.8907154e-01   3.5100000e+02
   4.8868579e-01   3.5150000e+02
   4.8830089e-01   3.5200000e+02
   4.8791683e-01   3.5250000e+02
   4.8753362e-01   3.5300000e+02
   4.8715124e-01   3.5350000e+02
   4.8676971e-01   3.5400000e+02
   4.8638903e-01   3.5450000e+02
   4.8600918e-01   3.5500000e+02
   4.8563017e-01   3.5550000e+02
   4.8525199e-01   3.5600000e+02
   4.8487466e-01   3.5650000e+02
   4.8449816e-01   3.5700000e+02
   4.8412250e-01   3.5750000e+02
   4.8374767e-01   3.5800000e+02
   4.8337368e-01   3.5850000e+02
   4.8300052e-01   3.5900000e+02
   4.8262819e-01   3.5950000e+02
   4.8225669e-01   3.6000000e+02
   4.8188603e-01   3.6050000e+02
   4.8151619e-01   3.6100000e+02
   4.8114718e-01   3.6150000e+02
   4.8077900e-01   3.6200000e+02
   4.8041165e-01   3.6250000e+02
   4.8004512e-01   3.6300000e+02
   4.7967942e-01   3.6350000e+02
   4.7931455e-01   3.6400000e+02
   4.7895049e-01   3.6450000e+02
   4.7858726e-01   3.6500000e+02
   4.7822485e-01   3.6550000e+02
   4.7786327e-01   3.6600000e+02
   4.7750250e-01   3.6650000e+02
   4.7714255e-01   3.6700000e+02
   4.7678342e-01   3.6750000e+02
   4.7642511e-01   3.6800000e+02
   4.7606761e-01   3.6850000e+02
   4.7571093e-01   3.6900000e+02
   4.7535507e-01   3.6950000e+02
   4.7500002e-01   3.7000000e+02
   4.7464578e-01   3.7050000e+02
   4.7429236e-01   3.7100000e+02
   4.7393975e-01   3.7150000e+02
   4.7358794e-01   3.7200000e+02
   4.7323695e-01   3.7250000e+02
   4.7288677e-01   3.7300000e+02
   4.7253739e-01   3.7350000e+02
   4.7218882e-01   3.7400000e+02
   4.7184106e-01   3.7450000e+02
   4.7149411e-01   3.7500000e+02
   4.7114795e-01   3.7550000e+02
   4.7080261e-01   3.7600000e+02
   4.7045806e-01   3.7650000e+02
   4.7011432e-01   3.7700000e+02
   4.6977138e-01   3.7750000e+02
   4.6942923e-01   3.7800000e+02
   4.6908789e-01   3.7850000e+02
   4.6874735e-01   3.7900000e+02
   4.6840760e-01   3.7950000e+02
   4.6806865e-01   3.8000000e+02
   4.6773050e-01   3.8050000e+02
   4.6739314e-01   3.8100000e+02
   4.6705657e-01   3.8150000e+02
   4.6672080e-01   3.8200000e+02
   4.6638583e-01   3.8250000e+02
   4.6605164e-01   3.8300000e+02
   4.6571824e-01   3.8350000e+02
   4.6538564e-01   3.8400000e+02
   4.6505382e-01   3.8450000e+02
   4.6472279e-01   3.8500000e+02
   4.6439255e-01   3.8550000e+02
   4.6406309e-01   3.8600000e+02
   4.6373442e-01   3.8650000e+02
   4.6340653e-01   3.8700000e+02
   4.6307943e-01   3.8750000e+02
   4.6275311e-01   3.8800000e+02
   4.6242758e-01   3.8850000e+02
   4.6210282e-01   3.8900000e+02
   4.6177884e-01   3.8950000e+02
   4.6145565e-01   3.9000000e+02
   4.6113323e-01   3.9050000e+02
   4.6081159e-01   3.9100000e+02
   4.6049073e-01   3.9150000e+02
   4.6017064e-01   3.9200000e+02
   4.5985133e-01   3.9250000e+02
   4.5953279e-01   3.9300000e+02
   4.5921502e-01   3.9350000e+02
   4.5889803e-01   3.9400000e+02
   4.5858181e-01   3.9450000e+02
   4.5826636e-01   3.9500000e+02
   4.5795168e-01   3.9550000e+02
   4.5763776e-01   3.9600000e+02
   4.5732462e-01   3.9650000e+02
   4.5701224e-01   3.9700000e+02
   4.5670063e-01   3.9750000e+02
   4.5638979e-01   3.9800000e+02
   4.5607971e-01   3.9850000e+02
   4.5577039e-01   3.9900000e+02
   4.5546184e-01   3.9950000e+02
   4.5515405e-01   4.0000000e+02
   4.5484702e-01   4.0050000e+02
   4.5454074e-01   4.0100000e+02
   4.5423523e-01   4.0150000e+02
   4.5393048e-01   4.0200000e+02
   4.5362649e-01   4.0250000e+02
   4.5332325e-01   4.0300000e+02
   4.5302076e-01   4.0350000e+02
   4.5271904e-01   4.0400000e+02
   4.5241806e-01   4.0450000e+02
   4.5211784e-01   4.0500000e+02
   4.5181837e-01   4.0550000e+02
   4.5151966e-01   4.0600000e+02
   4.5122169e-01   4.0650000e+02
   4.5092448e-01   4.0700000e+02
   4.5062801e-01   4.0750000e+02
   4.5033229e-01   4.0800000e+02
   4.5003732e-01   4.0850000e+02
   4.4974309e-01   4.0900000e+02
   4.4944961e-01   4.0950000e+02
   4.4915687e-01   4.1000000e+02
   4.4886488e-01   4.1050000e+02
   4.4857363e-01   4.1100000e+02
   4.4828312e-01   4.1150000e+02
   4.4799336e-01   4.1200000e+02
   4.4770433e-01   4.1250000e+02
   4.4741604e-01   4.1300000e+02
   4.4712849e-01   4.1350000e+02
   4.4684168e-01   4.1400000e+02
   4.4655561e-01   4.1450000e+02
   4.4627027e-01   4.1500000e+02
   4.4598567e-01   4.1550000e+02
   4.4570180e-01   4.1600000e+02
   4.4541866e-01   4.1650000e+02
   4.4513626e-01   4.1700000e+02
   4.4485458e-01   4.1750000e+02
   4.4457364e-01   4.1800000e+02
   4.4429343e-01   4.1850000e+02
   4.4401395e-01   4.1900000e+02
   4.4373519e-01   4.1950000e+02
   4.4345716e-01   4.2000000e+02
   4.4317986e-01   4.2050000e+02
   4.4290328e-01   4.2100000e+02
   4.4262743e-01   4.2150000e+02
   4.4235230e-01   4.2200000e+02
   4.4207790e-01   4.2250000e+02
   4.4180421e-01   4.2300000e+02
   4.4153125e-01   4.2350000e+02
   4.4125901e-01   4.2400000e+02
