   3.0000000e+00   1.0941680e+03   8.1698313e-01   4.4000000e+01   3.8600000e+02   1.5700000e+02   5.4803361e+00   2.0871665e+01   6.1966274e+00   1.7416295e+00   6.6540267e+00   2.1317815e+00   2.2054545e-02   5.9535342e-01   2.7565682e-02   3.5244788e-02   3.3690722e-02   4.1779372e-02   9.7797758e-01   2.0000000e+00
   3.0000000e+00   4.3987282e+02   1.0910717e+00   6.4922716e+01   3.0100000e+02   1.9600000e+02   5.4662553e+00   4.9512470e+01   5.8482589e+00   1.4940559e+00   6.3980252e+00   1.3693472e+00   1.8170918e-02   3.6559315e-01   8.4126323e-03   9.3683521e-03   7.7367189e-03   8.6521569e-03   9.9776945e-01   3.0000000e+00
   3.0000000e+00   1.1594143e+03   7.6679797e-01   4.1913586e+01   4.2700000e+02   2.3000000e+02   5.3988507e+00   1.4672306e+01   5.9446301e+00   1.8633054e+00   5.7722551e+00   2.4299822e+00   2.1145111e-02   6.3245850e-01   3.7365762e-02   5.2678494e-02   4.8901725e-02   6.4806048e-02   9.6059624e-01   4.0000000e+00
   3.0000000e+00   6.6074028e+02   8.6649130e-01   5.7859929e+01   8.9000000e+01   2.5200000e+02   5.2913722e+00   2.8337417e+01   5.6741544e+00   1.4502379e+00   6.0766185e+00   1.6736901e+00   1.8529976e-02   4.0502839e-01   1.4749176e-02   1.6916205e-02   1.6942318e-02   1.9267785e-02   9.9239680e-01   8.0000000e+00
   3.0000000e+00   8.4731026e+02   7.2188731e-01   5.1893890e+01   2.5300000e+02   2.9200000e+02   5.9148287e+00   5.0520503e+01   5.9793961e+00   1.4384196e+00   5.9957406e+00   1.9925819e+00   3.3019326e-02   7.8535151e-01   1.4758799e-02   1.7560702e-02   2.0248621e-02   2.3433065e-02   9.9183381e-01   1.0000000e+01
   3.0000000e+00   5.0000000e+02   1.0085463e+00   6.3000000e+01   3.3200000e+02   3.1100000e+02   5.7974756e+00   4.6777630e+01   6.5002418e+00   1.5962137e+00   5.6390493e+00   1.5826875e+00   2.8667823e-02   6.3872846e-01   1.5177354e-02   1.7432601e-02   1.5053256e-02   1.7309283e-02   9.9321222e-01   1.1000000e+01
   3.0000000e+00   5.0000000e+02   1.0070594e+00   6.3000000e+01   4.1600000e+02   3.1200000e+02   5.6231763e+00   4.9990036e+01   5.8702691e+00   1.4236108e+00   5.6222620e+00   1.4136314e+00   2.2064541e-02   4.4034102e-01   9.6347597e-03   1.0731700e-02   9.5730799e-03   1.0664426e-02   9.9680470e-01   1.2000000e+01
   3.0000000e+00   1.1254400e+03   6.4363953e-01   4.3000000e+01   1.5700000e+02   4.0100000e+02   5.8266764e+00   3.8867490e+01   5.5200213e+00   1.5505313e+00   5.7439575e+00   2.4090057e+00   2.7670850e-02   7.5350717e-01   1.7315441e-02   2.2030017e-02   2.6823543e-02   3.2421262e-02   9.8905837e-01   1.4000000e+01
   3.0000000e+00   4.0618400e+02   1.1410243e+00   6.6000000e+01   2.1600000e+02   4.1300000e+02   5.9786067e+00   6.5214161e+01   5.6656617e+00   1.6202723e+00   6.4191131e+00   1.4200156e+00   4.9960737e-02   1.0637045e+00   1.9206817e-02   2.1664499e-02   1.6922000e-02   1.9229124e-02   9.8978839e-01   1.5000000e+01
   3.0000000e+00   1.2448958e+02   1.8792445e+00   7.5007880e+01   1.2200000e+02   4.2100000e+02   5.8821129e+00   4.2433429e+01   6.2124652e+00   2.5097078e+00   5.7207326e+00   1.3354876e+00   3.6156031e-02   9.3986984e-01   3.5311859e-02   4.1270593e-02   1.8960827e-02   2.3136733e-02   9.8375367e-01   1.6000000e+01
   4.0000000e+00   8.0606479e+02   8.2528965e-01   5.2212817e+01   2.9300000e+02   1.4000000e+02   7.7218650e+00   3.7223364e+01   5.9307484e+00   1.4706076e+00   5.8181795e+00   1.7819291e+00   2.7095306e-02   6.1414001e-01   1.6653492e-02   1.9387788e-02   2.0129051e-02   2.3109106e-02   9.9028527e-01   3.0000000e+00
   4.0000000e+00   2.6257008e+02   1.2874303e+00   6.9592412e+01   4.3200000e+02   1.4400000e+02   8.4794249e+00   7.3371936e+01   5.7754503e+00   1.6894970e+00   5.5361690e+00   1.3123018e+00   7.2537539e-02   1.5193773e+00   2.5817739e-02   2.8872197e-02   2.0230678e-02   2.2941941e-02   9.8333258e-01   4.0000000e+00
   4.0000000e+00   7.0184829e+01   1.8192734e+00   7.5744409e+01   2.9700000e+02   1.8000000e+02   8.8842582e+00   5.0831824e+01   6.1051864e+00   3.0566521e+00   6.4343559e+00   1.6801499e+00   8.0257897e-02   2.6449462e+00   7.7289822e-02   1.0249484e-01   4.1293757e-02   5.8617759e-02   9.4083663e-01   5.0000000e+00
   4.0000000e+00   6.5636000e+02   9.0760507e-01   5.7000000e+01   4.2000000e+02   1.9700000e+02   8.2661657e+00   6.9231501e+01   5.9277297e+00   1.3515956e+00   6.1682094e+00   1.4891891e+00   3.8288183e-02   7.6443743e-01   1.1489384e-02   1.2831928e-02   1.2607965e-02   1.4012628e-02   9.9499318e-01   6.0000000e+00
   4.0000000e+00   7.5752921e+01   1.3978628e+00   7.5566356e+01   3.8600000e+02   2.2000000e+02   7.9450057e+00   4.0580412e+01   5.9732920e+00   2.5286077e+00   5.7773172e+00   1.8089098e+00   5.9719316e-02   1.7955922e+00   5.3407859e-02   6.9837917e-02   3.7975681e-02   5.3316382e-02   9.5693634e-01   7.0000000e+00
   4.0000000e+00   2.7107145e+02   1.2951100e+00   6.9320560e+01   4.4100000e+02   3.1400000e+02   8.3585462e+00   1.2804775e+02   8.9427961e+00   1.7427217e+00   6.4975585e+00   1.3456168e+00   8.8816353e-02   2.0750916e+00   2.2337353e-02   2.6474504e-02   1.6060518e-02   1.7880156e-02   9.9013274e-01   1.0000000e+01
   4.0000000e+00   5.0000000e+02   1.0128117e+00   6.2000000e+01   3.1300000e+02   3.1500000e+02   7.9924317e+00   8.0212570e+01   5.9385685e+00   1.4459849e+00   6.5107463e+00   1.4276937e+00   3.5835618e-02   7.2417840e-01   9.9352012e-03   1.1096584e-02   9.8159697e-03   1.0965176e-02   9.9668357e-01   1.1000000e+01
   4.0000000e+00   2.8109600e+02   1.5333791e+00   6.9000000e+01   1.3700000e+02   3.6200000e+02   8.5770219e+00   6.9191689e+01   6.3312192e+00   2.0153787e+00   6.0678263e+00   1.3143382e+00   6.3896756e-02   1.4624806e+00   2.9361232e-02   3.3295632e-02   1.9376683e-02   2.2641016e-02   9.8385321e-01   1.3000000e+01
   5.0000000e+00   5.9381600e+02   9.5467064e-01   7.1000000e+01   3.4300000e+02   1.0100000e+02   8.0612503e+00   5.7892371e+01   6.2214689e+00   1.3720470e+00   6.4092469e+00   1.4371941e+00   2.7390005e-02   5.4138032e-01   9.9500749e-03   1.1073038e-02   1.0401540e-02   1.1546271e-02   9.9636790e-01   1.0000000e+00
   5.0000000e+00   4.7420767e+02   1.0319490e+00   7.4824774e+01   3.6500000e+02   1.0100000e+02   8.3494043e+00   7.7287511e+01   5.9590316e+00   1.4552364e+00   5.9671676e+00   1.4101824e+00   2.6724071e-02   5.3823538e-01   7.7315938e-03   8.6255444e-03   7.4996167e-03   8.3799933e-03   9.9801769e-01   2.0000000e+00
   5.0000000e+00   6.2192000e+01   1.5222789e+00   8.8000000e+01   2.8000000e+02   1.0600000e+02   8.6839205e+00   5.9575013e+01   5.4518718e+00   2.1695402e+00   6.4577904e+00   1.4251923e+00   6.9937485e-02   1.7340508e+00   4.0368454e-02   4.7002308e-02   2.6750396e-02   3.2244562e-02   9.7246344e-01   3.0000000e+00
   5.0000000e+00   3.1236800e+02   1.2135747e+00   8.0000000e+01   2.0500000e+02   1.1500000e+02   8.6032234e+00   5.5262583e+01   5.6484695e+00   1.5593172e+00   6.1119066e+00   1.2848960e+00   3.7954442e-02   7.5572310e-01   1.6399174e-02   1.8159993e-02   1.3625023e-02   1.5241545e-02   9.9228582e-01   4.0000000e+00
   5.0000000e+00   3.1228221e+02   1.2400278e+00   8.0002744e+01   1.8600000e+02   1.3400000e+02   8.3280149e+00   5.1681414e+01   5.8311930e+00   1.5937567e+00   6.0335875e+00   1.2852588e+00   3.1981468e-02   6.4398041e-01   1.5140442e-02   1.6801367e-02   1.2306282e-02   1.3809799e-02   9.9366134e-01   5.0000000e+00
   5.0000000e+00   5.0000000e+02   1.0036996e+00   7.4000000e+01   4.4100000e+02   3.0400000e+02   8.3765632e+00   8.8225541e+01   5.5220910e+00   1.4330208e+00   5.5399996e+00   1.4277386e+00   3.9217499e-02   7.8920952e-01   9.7925163e-03   1.0923228e-02   9.7585852e-03   1.0887799e-02   9.9672894e-01   6.0000000e+00
   6.0000000e+00   1.0628960e+03   7.9332155e-01   4.7000000e+01   4.4100000e+02   6.9000000e+01   8.0398530e+00   4.0151603e+01   6.0547469e+00   1.6201204e+00   3.7846164e+00   2.0421989e+00   3.3674854e-02   9.0018585e-01   2.3125798e-02   2.7381318e-02   3.0480580e-02   3.7019680e-02   9.8375769e-01   1.0000000e+00
   6.0000000e+00   3.4364000e+02   1.0951606e+00   7.0000000e+01   3.6000000e+02   2.2300000e+02   8.7336999e+00   6.3658820e+01   5.9750672e+00   1.4684228e+00   6.1364167e+00   1.3408287e+00   3.0281417e-02   5.9822058e-01   1.0666224e-02   1.1830007e-02   9.7783021e-03   1.0893899e-02   9.9633435e-01   5.0000000e+00
   6.0000000e+00   1.0943291e+02   1.7720699e+00   7.7489354e+01   3.1200000e+02   3.2500000e+02   8.5490899e+00   5.7397266e+01   6.5681376e+00   2.4317080e+00   5.8124951e+00   1.3722416e+00   5.7494077e-02   1.4907175e+00   4.0011328e-02   4.6940387e-02   2.2661295e-02   2.7642655e-02   9.7802993e-01   1.1000000e+01
   6.0000000e+00   8.1272000e+02   7.9679990e-01   5.5000000e+01   1.9300000e+02   3.7800000e+02   8.4559193e+00   3.7914477e+01   5.7980778e+00   1.4585385e+00   5.7798109e+00   1.8304953e+00   3.3698606e-02   7.7146095e-01   2.0254949e-02   2.3680387e-02   2.5228742e-02   2.9004671e-02   9.8545736e-01   1.2000000e+01
   6.0000000e+00   7.1655261e+02   8.0442126e-01   5.8075192e+01   1.0200000e+02   4.2600000e+02   8.3410274e+00   6.8878843e+01   5.7375997e+00   1.4173581e+00   6.4523131e+00   1.7619601e+00   3.8136223e-02   8.4568169e-01   1.2283603e-02   1.4170608e-02   1.5170971e-02   1.7245370e-02   9.9442609e-01   1.9000000e+01
   6.0000000e+00  -5.4490076e+00   1.6956670e+00   8.1162990e+01   3.6000000e+02   4.3100000e+02   8.3333407e+00   4.5566845e+01   5.6870454e+00   3.0334247e+00   5.9377709e+00   1.7889272e+00   6.6868709e-02   2.2516195e+00   6.7298066e-02   9.1733380e-02   3.8364725e-02   5.7178762e-02   9.5154736e-01   2.0000000e+01
   7.0000000e+00   1.2505280e+03   7.0313036e-01   3.8000000e+01   3.2100000e+02   1.3900000e+02   8.4433030e+00   2.7113159e+01   6.4441975e+00   1.9664363e+00   6.3484075e+00   2.7966880e+00   3.6328080e-02   1.2168298e+00   3.5247571e-02   5.4394696e-02   5.1171378e-02   7.2235701e-02   9.6412128e-01   2.0000000e+00
   7.0000000e+00   8.1272000e+02   8.5465792e-01   5.2000000e+01   2.9900000e+02   2.7500000e+02   8.8369920e+00   5.8070144e+01   6.3228744e+00   1.4225360e+00   6.4030527e+00   1.6644507e+00   3.1824430e-02   6.8718139e-01   1.2147545e-02   1.3873593e-02   1.4141616e-02   1.5995801e-02   9.9467707e-01   7.0000000e+00
   7.0000000e+00   7.5017600e+02   8.5209994e-01   5.4000000e+01   4.0000000e+02   2.7900000e+02   8.7137324e+00   1.0987684e+02   6.4529482e+00   1.3697481e+00   6.3380054e+00   1.6074970e+00   5.3960419e-02   1.1247858e+00   1.0461576e-02   1.1822359e-02   1.2189535e-02   1.3657396e-02   9.9585567e-01   8.0000000e+00
   7.0000000e+00   1.8210339e+02   1.6408320e+00   7.2165535e+01   3.5700000e+02   3.1100000e+02   9.3493196e+00   8.7362630e+01   5.7745681e+00   2.2761414e+00   6.3107833e+00   1.3871873e+00   8.9471900e-02   2.2373056e+00   3.7257877e-02   4.3246867e-02   2.2912639e-02   2.7733233e-02   9.7833075e-01   1.3000000e+01
   7.0000000e+00   2.8336839e+02   1.3426490e+00   6.8927335e+01   2.1800000e+02   3.1200000e+02   8.9339751e+00   7.3780263e+01   6.3596062e+00   1.7950015e+00   6.1696307e+00   1.3369104e+00   6.2955164e-02   1.3701470e+00   2.3836321e-02   2.6859202e-02   1.7922232e-02   2.0571079e-02   9.8700830e-01   1.4000000e+01
   7.0000000e+00   5.7000780e+02   9.8291741e-01   5.9761327e+01   3.5700000e+02   3.5600000e+02   8.2563379e+00   3.5791077e+01   5.6394906e+00   1.4190748e+00   5.6717142e+00   1.4437376e+00   2.2470934e-02   4.5237832e-01   1.3694721e-02   1.5290313e-02   1.3929517e-02   1.5538937e-02   9.9349560e-01   1.7000000e+01
   7.0000000e+00   1.2473600e+02   1.7580715e+00   7.4000000e+01   7.7000000e+01   3.9100000e+02   9.7620884e+00   1.0785495e+02   5.7357898e+00   2.4306973e+00   5.6817162e+00   1.3825930e+00   1.0187599e-01   2.6370236e+00   3.7388410e-02   4.3761189e-02   2.1397587e-02   2.6190779e-02   9.8049281e-01   2.1000000e+01
   8.0000000e+00   4.0618400e+02   1.0114876e+00   6.2000000e+01   2.6900000e+02   9.5000000e+01   7.8491541e+00   5.6761401e+01   6.4441073e+00   1.3919227e+00   5.8238863e+00   1.3761145e+00   2.6032291e-02   5.0754310e-01   9.7339680e-03   1.0784360e-02   9.6289937e-03   1.0676376e-02   9.9664103e-01   1.0000000e+00
   8.0000000e+00  -1.4086290e+02   1.2801766e+00   7.9493186e+01   1.4900000e+02   1.7700000e+02   7.8064116e+00   8.2343805e+01   3.8289926e+00   3.4437386e+00   5.3154482e+00   2.6900497e+00   1.5968055e-01   8.0957730e+00   1.1447066e-01   1.8868499e-01   6.5866172e-02   1.2249005e-01   9.1626813e-01   2.0000000e+00
   8.0000000e+00   1.8728000e+02   1.3956781e+00   6.9000000e+01   1.3400000e+02   1.8000000e+02   8.2018571e+00   4.0094971e+01   5.9093641e+00   1.8804183e+00   5.8797701e+00   1.3473152e+00   5.7046362e-02   1.2766645e+00   4.1680821e-02   4.7277398e-02   3.0245609e-02   3.5080698e-02   9.6394721e-01   3.0000000e+00
   8.0000000e+00   1.3120070e+03   7.9983019e-01   3.3034055e+01   4.0500000e+02   2.0700000e+02   8.1647226e+00   2.0571318e+01   5.7245545e+00   2.1209743e+00   5.1328512e+00   2.6517808e+00   3.1464281e-02   1.0690979e+00   4.1724788e-02   6.5126615e-02   5.3624955e-02   7.8964882e-02   9.5614166e-01   6.0000000e+00
   8.0000000e+00   6.2192000e+01   1.9286160e+00   7.3000000e+01   1.3300000e+02   2.1100000e+02   8.2525467e+00   4.8069364e+01   5.7851433e+00   2.5681573e+00   6.2741907e+00   1.3316063e+00   5.1489608e-02   1.3546239e+00   4.5926653e-02   5.3889457e-02   2.3918616e-02   2.9257899e-02   9.7397966e-01   7.0000000e+00
   8.0000000e+00   3.7316891e+02   1.1129319e+00   6.3055740e+01   3.4400000e+02   2.4300000e+02   8.3731162e+00   5.8851667e+01   5.7424326e+00   1.4986371e+00   5.6843291e+00   1.3465667e+00   3.5677770e-02   7.1395737e-01   1.3910672e-02   1.5462293e-02   1.2564003e-02   1.4040515e-02   9.9398695e-01   8.0000000e+00
   8.0000000e+00   1.2473600e+02   1.5834833e+00   7.1000000e+01   3.1600000e+02   2.4500000e+02   1.0259237e+01   1.4510008e+02   6.4850089e+00   2.2616235e+00   6.2861137e+00   1.4282586e+00   1.4435870e-01   3.6521943e+00   3.5913066e-02   4.2005330e-02   2.2812801e-02   2.7753881e-02   9.7944517e-01   9.0000000e+00
   8.0000000e+00   1.0522521e+03   7.3890031e-01   4.1340364e+01   2.3400000e+02   2.5900000e+02   8.1141438e+00   3.7579193e+01   6.0825940e+00   1.6526193e+00   5.9254878e+00   2.2365931e+00   3.3111238e-02   8.9218874e-01   2.1918628e-02   2.8149036e-02   2.9523772e-02   3.6237176e-02   9.8453454e-01   1.1000000e+01
   8.0000000e+00   1.0316240e+03   6.8296613e-01   4.2000000e+01   1.9700000e+02   2.7800000e+02   8.2331458e+00   3.5524959e+01   6.3179320e+00   1.5105654e+00   5.9929954e+00   2.2117721e+00   3.6708464e-02   9.4135864e-01   2.4407670e-02   3.0148300e-02   3.5520901e-02   4.2082350e-02   9.7847927e-01   1.4000000e+01
   8.0000000e+00   1.4252869e+03   6.2102868e-01   2.9411649e+01   2.6500000e+02   2.9700000e+02   9.0285342e+00   6.9619697e+01   6.1676159e+00   2.0004393e+00   6.3977030e+00   3.2211706e+00   7.6310906e-02   2.8333833e+00   2.8490312e-02   4.8152465e-02   4.8508587e-02   7.2650155e-02   9.7471813e-01   1.5000000e+01
   8.0000000e+00   1.3130720e+03   6.6727325e-01   3.3000000e+01   4.2700000e+02   3.0200000e+02   8.6561139e+00   4.7011138e+01   6.0753383e+00   1.8489162e+00   5.4989023e+00   2.7708532e+00   4.6358194e-02   1.4990434e+00   2.5648656e-02   3.7894718e-02   3.9261406e-02   5.3286374e-02   9.7953010e-01   1.6000000e+01
   8.0000000e+00   9.0691181e+02   7.1433311e-01   4.5987982e+01   3.2600000e+02   3.1600000e+02   8.4721887e+00   7.4451818e+01   5.4089135e+00   1.4666241e+00   5.9630787e+00   2.0531375e+00   5.2764280e-02   1.2845924e+00   1.6313346e-02   1.9587999e-02   2.2657448e-02   2.6400798e-02   9.9016941e-01   1.7000000e+01
   8.0000000e+00   2.1855200e+02   1.5276242e+00   6.8000000e+01   2.3700000e+02   3.3100000e+02   9.1963110e+00   9.3438705e+01   6.0319241e+00   2.0591051e+00   5.7983375e+00   1.3479134e+00   8.2035965e-02   1.9203665e+00   2.8495809e-02   3.2541518e-02   1.8850474e-02   2.2236433e-02   9.8515031e-01   1.8000000e+01
   8.0000000e+00   2.1855200e+02   1.3134739e+00   6.8000000e+01   2.3500000e+02   3.4600000e+02   8.5019033e+00   3.5868789e+01   6.0633134e+00   1.6960776e+00   6.0530016e+00   1.2912915e+00   3.2661404e-02   6.8011517e-01   2.3844451e-02   2.6614669e-02   1.8325581e-02   2.0763379e-02   9.8590567e-01   1.9000000e+01
   8.0000000e+00   1.3855005e+03   7.9939927e-01   3.0683917e+01   3.1100000e+02   3.9600000e+02   8.2229818e+00   3.3800983e+01   6.1504703e+00   2.2508347e+00   6.7727197e+00   2.8156577e+00   5.3670118e-02   1.9488346e+00   4.1965602e-02   7.2045820e-02   5.4425776e-02   8.6665489e-02   9.5609717e-01   2.2000000e+01
   9.0000000e+00   8.7526400e+02   8.4255948e-01   5.0000000e+01   3.0100000e+02   8.7000000e+01   7.8502260e+00   3.6716380e+01   5.6956844e+00   1.4023468e+00   5.6601886e+00   1.6643891e+00   2.3279109e-02   4.9978565e-01   1.3856692e-02   1.5803102e-02   1.6336022e-02   1.8443277e-02   9.9294688e-01   1.0000000e+00
   9.0000000e+00   1.5699922e+02   1.4202684e+00   7.2968303e+01   3.5200000e+02   1.7100000e+02   9.2958934e+00   1.1566670e+02   5.7683943e+00   1.9968212e+00   5.5690277e+00   1.4059464e+00   9.3777067e-02   2.2039337e+00   2.5334080e-02   2.9120837e-02   1.8007285e-02   2.1278047e-02   9.8740333e-01   4.0000000e+00
   9.0000000e+00   1.0316240e+03   7.1606793e-01   4.5000000e+01   2.4900000e+02   1.9300000e+02   1.1021356e+01   2.4023905e+02   5.6683882e+00   1.5773939e+00   6.3296547e+00   2.2028551e+00   1.3348491e-01   3.4947351e+00   1.3516839e-02   1.6919356e-02   1.8803281e-02   2.2602173e-02   9.9371837e-01   5.0000000e+00
   1.0000000e+01  -3.1624000e+01   1.4152379e+00   7.5000000e+01   4.2400000e+02   1.3100000e+02   8.5062778e+00   4.8233575e+01   6.1699242e+00   2.4386147e+00   5.7015026e+00   1.7231129e+00   9.0357321e-02   2.5958651e+00   6.7815723e-02   8.5696050e-02   4.7849946e-02   6.4232152e-02   9.3082315e-01   1.0000000e+00
   1.0000000e+01   7.1423914e+02   8.4730743e-01   5.1149171e+01   2.7300000e+02   2.1700000e+02   8.3945270e+00   8.8102841e+01   5.7984062e+00   1.4055470e+00   5.9936811e+00   1.6588395e+00   3.2374478e-02   6.9402938e-01   8.0364082e-03   9.1638480e-03   9.4283295e-03   1.0650560e-02   9.9762310e-01   4.0000000e+00
   1.0000000e+01   6.5636000e+02   7.8085252e-01   5.3000000e+01   4.1200000e+02   2.3600000e+02   8.9676315e+00   4.2015220e+01   5.5364996e+00   1.3683250e+00   5.7455518e+00   1.7523476e+00   7.3112853e-02   1.5925456e+00   3.7234678e-02   4.2717225e-02   4.7362796e-02   5.3522154e-02   9.4850856e-01   5.0000000e+00
   1.0000000e+01   7.8144800e+02   8.1226577e-01   4.9000000e+01   1.9900000e+02   2.9300000e+02   9.0149715e+00   1.1303836e+02   6.0799108e+00   1.4167032e+00   5.6111368e+00   1.7441376e+00   5.1080679e-02   1.1262279e+00   1.0012332e-02   1.1529691e-02   1.2240859e-02   1.3903475e-02   9.9630201e-01   6.0000000e+00
   1.0000000e+01   7.0207683e+01   1.6810361e+00   7.1743679e+01   4.3500000e+02   2.9600000e+02   8.7678871e+00   6.1639120e+01   5.9502961e+00   3.0083638e+00   5.6529777e+00   1.7895890e+00   9.6214370e-02   3.2099968e+00   7.1349532e-02   9.6593140e-02   4.1104413e-02   6.0673239e-02   9.4479864e-01   7.0000000e+00
   1.0000000e+01   1.0591319e+03   6.1882980e-01   4.0120364e+01   1.1500000e+02   3.2800000e+02   8.8128307e+00   6.8880266e+01   6.2696448e+00   1.5330816e+00   6.0483709e+00   2.4773881e+00   4.9762323e-02   1.3687868e+00   1.7461233e-02   2.2335469e-02   2.8163864e-02   3.4069866e-02   9.8855287e-01   8.0000000e+00
   1.0000000e+01   5.0549929e+02   9.7988973e-01   5.7824147e+01   1.0300000e+02   3.3600000e+02   8.3278945e+00   4.2188129e+01   5.9651846e+00   1.4575620e+00   6.5150585e+00   1.4874755e+00   2.6428881e-02   5.4719436e-01   1.4095639e-02   1.5853743e-02   1.4396402e-02   1.6162457e-02   9.9335003e-01   9.0000000e+00
   1.0000000e+01   1.1441277e+02   1.7918984e+00   7.0330111e+01   1.5300000e+02   4.0000000e+02   1.0122854e+01   1.5271658e+02   6.2961191e+00   2.4253875e+00   6.1455952e+00   1.3535296e+00   1.2872834e-01   3.2933813e+00   3.3573743e-02   3.9081607e-02   1.8777832e-02   2.2818739e-02   9.8438597e-01   1.0000000e+01
   1.0000000e+01   5.6254400e+02   9.9520989e-01   5.6000000e+01   3.0900000e+02   4.2500000e+02   8.1572470e+00   6.8409967e+01   5.9100209e+00   1.4653799e+00   5.8511728e+00   1.4724330e+00   2.7397982e-02   5.6566110e-01   9.0586391e-03   1.0178297e-02   9.0948654e-03   1.0216480e-02   9.9728061e-01   1.1000000e+01
   1.1000000e+01  -3.5200000e-01   1.2830523e+00   8.3000000e+01   3.4000000e+02   7.6000000e+01   7.9256123e+00   4.9193527e+01   5.9433412e+00   2.2070245e+00   6.4587919e+00   1.7201360e+00   6.8793294e-02   1.8834860e+00   4.5450033e-02   5.6689822e-02   3.5598453e-02   4.6195774e-02   9.6265162e-01   1.0000000e+00
   1.1000000e+01   1.1714351e+03   7.6278557e-01   4.5529192e+01   4.1500000e+02   1.4800000e+02   7.8895245e+00   3.8836716e+01   5.9632393e+00   1.7334200e+00   6.7926051e+00   2.2724866e+00   3.9865401e-02   1.1145772e+00   2.6724491e-02   3.4842082e-02   3.5169258e-02   4.4076949e-02   9.7850963e-01   2.0000000e+00
   1.1000000e+01   1.0489320e+03   6.5455556e-01   4.9446535e+01   7.7000000e+01   2.1000000e+02   7.2725271e+00   4.0964782e+01   5.7245234e+00   1.5961649e+00   5.9413223e+00   2.4385477e+00   4.1448735e-02   1.1499360e+00   2.4971780e-02   3.2344294e-02   3.8164855e-02   4.6682092e-02   9.7820455e-01   3.0000000e+00
   1.1000000e+01   8.4399200e+02   7.9915078e-01   5.6000000e+01   3.9700000e+02   3.0500000e+02   7.7857044e+00   4.7688764e+01   6.3319540e+00   1.4271259e+00   5.7456752e+00   1.7858031e+00   3.5718768e-02   7.9958647e-01   1.6710470e-02   1.9355371e-02   2.0768494e-02   2.3695919e-02   9.8979020e-01   5.0000000e+00
   1.1000000e+01   7.1890400e+02   8.8489953e-01   6.0000000e+01   3.7700000e+02   4.3900000e+02   7.5061524e+00   3.2068320e+01   5.5759344e+00   1.3919923e+00   5.5084519e+00   1.5730512e+00   2.3502644e-02   4.8873734e-01   1.5825336e-02   1.7854868e-02   1.7810465e-02   1.9954766e-02   9.9084347e-01   7.0000000e+00
   1.2000000e+01   1.0316240e+03   8.8547934e-01   5.1000000e+01   3.8800000e+02   8.6000000e+01   7.8538184e+00   2.8209947e+01   5.5822295e+00   1.7169834e+00   6.1602076e+00   1.9390440e+00   2.6031809e-02   6.6373784e-01   2.3870272e-02   2.9462424e-02   2.6809684e-02   3.2624347e-02   9.8381573e-01   1.0000000e+00
   1.2000000e+01   1.3130720e+03   7.1378195e-01   4.2000000e+01   2.5000000e+02   1.6200000e+02   8.0938203e+00   3.2972787e+01   6.0579671e+00   1.8897980e+00   6.0868541e+00   2.6475844e+00   4.0736112e-02   1.2855953e+00   3.1999572e-02   4.7314994e-02   4.5213669e-02   6.1496174e-02   9.6983759e-01   2.0000000e+00
   1.2000000e+01   2.4982400e+02   1.5991243e+00   7.6000000e+01   2.0100000e+02   2.1200000e+02   8.4659537e+00   4.0169718e+01   6.2282587e+00   2.1831953e+00   6.3249287e+00   1.3652443e+00   4.1757138e-02   1.0148726e+00   3.6042951e-02   4.1512203e-02   2.2799922e-02   2.7275619e-02   9.7844097e-01   3.0000000e+00
   1.2000000e+01   1.1123894e+03   6.0491356e-01   4.8417324e+01   1.4900000e+02   2.4200000e+02   8.1364738e+00   2.4805422e+01   6.0375353e+00   1.5880881e+00   5.7854521e+00   2.6253141e+00   2.5347195e-02   7.3482940e-01   2.5352188e-02   3.3518347e-02   4.2035067e-02   5.2166869e-02   9.7672804e-01   5.0000000e+00
   1.2000000e+01   2.8109600e+02   1.2667889e+00   7.5000000e+01   4.0300000e+02   2.6400000e+02   8.3086185e+00   6.4636256e+01   6.1411979e+00   1.6670256e+00   6.4332372e+00   1.3159458e+00   4.4118173e-02   9.1774032e-01   1.7568133e-02   1.9629940e-02   1.3998320e-02   1.5840712e-02   9.9201655e-01   6.0000000e+00
   1.2000000e+01   6.0743587e+02   9.6903498e-01   6.4564471e+01   3.8400000e+02   2.8100000e+02   8.1128329e+00   7.2188826e+01   6.0547153e+00   1.4049379e+00   6.1433847e+00   1.4498319e+00   3.1742311e-02   6.3738311e-01   9.4897538e-03   1.0595980e-02   9.7803223e-03   1.0902998e-02   9.9681249e-01   7.0000000e+00
   1.2000000e+01   6.2749093e+02   8.9486143e-01   6.3923160e+01   3.6100000e+02   3.0800000e+02   8.1047018e+00   3.7780810e+01   5.5279315e+00   1.3910332e+00   6.0326945e+00   1.5544678e+00   3.7487128e-02   7.7698771e-01   2.1347220e-02   2.4063918e-02   2.3796983e-02   2.6677229e-02   9.8356168e-01   8.0000000e+00
   1.2000000e+01   8.0643731e+02   8.0273923e-01   5.8200904e+01   1.5700000e+02   3.1800000e+02   8.9581540e+00   6.4015778e+01   6.1544805e+00   1.4147651e+00   5.5133261e+00   1.7624218e+00   3.3298629e-02   7.3833121e-01   1.1540730e-02   1.3313323e-02   1.4267616e-02   1.6213855e-02   9.9508285e-01   9.0000000e+00
   1.2000000e+01   5.6254400e+02   9.1030121e-01   6.6000000e+01   7.9000000e+01   3.2300000e+02   8.3204286e+00   1.0062046e+02   6.1920862e+00   1.4168618e+00   5.5795213e+00   1.5564758e+00   5.3349392e-02   1.1120444e+00   1.1639265e-02   1.3137838e-02   1.2762284e-02   1.4325697e-02   9.9517405e-01   1.0000000e+01
   1.2000000e+01   9.6908000e+02   8.1690384e-01   5.3000000e+01   4.3800000e+02   3.4500000e+02   8.2933710e+00   7.2690715e+01   6.0753038e+00   1.4526745e+00   5.6437847e+00   1.7782687e+00   4.6815184e-02   1.0550005e+00   1.4619856e-02   1.6974389e-02   1.7770939e-02   2.0337942e-02   9.9240784e-01   1.2000000e+01
   1.2000000e+01   4.0541586e+02   1.1245526e+00   7.1024563e+01   1.0000000e+02   4.0800000e+02   8.7125959e+00   9.3320795e+01   5.8556752e+00   1.5667366e+00   6.3835891e+00   1.3932087e+00   5.5206672e-02   1.1461332e+00   1.4291657e-02   1.6025317e-02   1.2765978e-02   1.4400480e-02   9.9404025e-01   2.1000000e+01
   1.3000000e+01   5.3127200e+02   9.4093709e-01   7.0000000e+01   4.0100000e+02   1.3900000e+02   7.6896884e+00   4.2504686e+01   5.7077524e+00   1.4012969e+00   5.4462695e+00   1.4892568e+00   2.3570480e-02   4.7902182e-01   1.1988404e-02   1.3428923e-02   1.2710098e-02   1.4184944e-02   9.9486749e-01   1.0000000e+00
   1.3000000e+01   2.1855200e+02   1.2762390e+00   8.0000000e+01   2.1000000e+02   1.6800000e+02   7.9192133e+00   7.9565167e+01   5.8431081e+00   1.7086931e+00   5.7563572e+00   1.3388504e+00   6.4755233e-02   1.3771338e+00   2.1527363e-02   2.4181358e-02   1.7004469e-02   1.9369228e-02   9.8849843e-01   2.0000000e+00
   1.3000000e+01   7.5017600e+02   8.0254045e-01   6.3000000e+01   3.1600000e+02   1.7000000e+02   7.4244620e+00   5.4298748e+01   6.2271799e+00   1.4566455e+00   5.9003226e+00   1.8150431e+00   2.8604548e-02   6.5185710e-01   1.1968565e-02   1.3967524e-02   1.4815557e-02   1.7018570e-02   9.9487154e-01   3.0000000e+00
   1.3000000e+01   3.4438656e+02   1.1042376e+00   7.5976127e+01   4.2100000e+02   1.7000000e+02   7.9833740e+00   5.5691608e+01   5.5334137e+00   1.4973620e+00   5.7255034e+00   1.3560143e+00   3.8325096e-02   7.6872297e-01   1.5799924e-02   1.7566550e-02   1.4372259e-02   1.6065436e-02   9.9222647e-01   4.0000000e+00
   1.3000000e+01   5.2159121e+02   9.9295277e-01   7.0309567e+01   2.0500000e+02   2.2700000e+02   8.2713991e+00   4.5263058e+01   6.3152883e+00   1.4285452e+00   5.4353461e+00   1.4386840e+00   3.3708417e-02   6.7975164e-01   1.6366327e-02   1.8274326e-02   1.6476959e-02   1.8383332e-02   9.9085083e-01   5.0000000e+00
   1.3000000e+01   4.0618400e+02   9.8317004e-01   7.4000000e+01   2.8600000e+02   2.8500000e+02   8.7292921e+00   1.6233589e+02   6.3852917e+00   1.4620788e+00   6.0906065e+00   1.4871067e+00   6.2099484e-02   1.2864793e+00   8.6370046e-03   9.7125924e-03   8.7808331e-03   9.8687492e-03   9.9750633e-01   6.0000000e+00
   1.3000000e+01   2.9314179e+02   1.2924361e+00   7.7614806e+01   2.2600000e+02   3.1900000e+02   8.4884373e+00   8.0770502e+01   6.1022734e+00   1.7378368e+00   5.9023834e+00   1.3446210e+00   5.4914329e-02   1.1799764e+00   1.8325585e-02   2.0631729e-02   1.4283373e-02   1.6326905e-02   9.9186581e-01   7.0000000e+00
   1.3000000e+01   5.1794946e+01   2.1101001e+00   8.5332472e+01   1.2300000e+02   3.4500000e+02   8.5387326e+00   8.0394413e+01   6.1731506e+00   3.1383008e+00   6.4022379e+00   1.4872757e+00   6.7930875e-02   2.1619425e+00   4.6855821e-02   6.0369956e-02   2.1463759e-02   2.8398825e-02   9.8054875e-01   8.0000000e+00
   1.4000000e+01  -1.5671200e+02   1.4917632e+00   8.2000000e+01   3.4000000e+02   1.0700000e+02   9.0194255e+00   6.2200877e+01   5.9253619e+00   2.2827015e+00   5.4999857e+00   1.5302036e+00   8.8283328e-02   2.3124338e+00   5.0531272e-02   6.0257394e-02   3.4031304e-02   4.2448857e-02   9.5911214e-01   1.0000000e+00
   1.4000000e+01   7.5017600e+02   8.3069661e-01   5.3000000e+01   3.9800000e+02   1.4900000e+02   8.1469643e+00   3.6244921e+01   6.3683978e+00   1.4201354e+00   6.0038419e+00   1.7095717e+00   2.6709983e-02   5.8395427e-01   1.6315889e-02   1.8728706e-02   1.9512128e-02   2.2152108e-02   9.9033858e-01   2.0000000e+00
   1.4000000e+01   4.3745600e+02   1.0371253e+00   6.3000000e+01   3.1000000e+02   1.5200000e+02   8.0209879e+00   6.2548484e+01   6.0339862e+00   1.4366170e+00   6.4961524e+00   1.3851914e+00   2.8824891e-02   5.7226884e-01   1.0137572e-02   1.1270448e-02   9.7945542e-03   1.0904883e-02   9.9653760e-01   3.0000000e+00
   1.4000000e+01   2.2798987e+02   1.2254825e+00   6.9698201e+01   4.1700000e+02   1.6600000e+02   8.5713326e+00   7.6635685e+01   6.0231341e+00   1.5911427e+00   6.4940959e+00   1.2983806e+00   6.2185244e-02   1.2549877e+00   1.9814572e-02   2.2010452e-02   1.6320615e-02   1.8315492e-02   9.8907840e-01   5.0000000e+00
   1.4000000e+01   3.1353860e+02   1.2351179e+00   6.6962567e+01   3.0600000e+02   1.8400000e+02   8.1144298e+00   4.5850495e+01   5.7000130e+00   1.6004067e+00   5.9184816e+00   1.2957522e+00   3.0847397e-02   6.2517143e-01   1.6540462e-02   1.8378901e-02   1.3503551e-02   1.5173319e-02   9.9247115e-01   6.0000000e+00
   1.4000000e+01   1.1479146e+03   6.9688161e-01   4.0281318e+01   2.4500000e+02   2.7400000e+02   8.3790592e+00   5.3314234e+01   6.3216200e+00   1.6717460e+00   5.3370641e+00   2.3988953e+00   4.7122505e-02   1.3317528e+00   2.2552992e-02   2.9487806e-02   3.2478615e-02   4.0462006e-02   9.8340602e-01   8.0000000e+00
   1.4000000e+01   1.2818000e+03   7.8220304e-01   3.6000000e+01   4.1500000e+02   2.8100000e+02   8.0576222e+00   2.5384129e+01   6.0333516e+00   2.3514995e+00   5.9469252e+00   3.0062520e+00   2.5901254e-02   9.9638112e-01   2.4867512e-02   4.8564663e-02   3.2750790e-02   5.7324933e-02   9.8357416e-01   9.0000000e+00
   1.4000000e+01   1.2818000e+03   6.2796712e-01   3.6000000e+01   2.1400000e+02   2.9700000e+02   8.5282015e+00   4.1404772e+01   5.9244760e+00   1.7065495e+00   5.4284146e+00   2.7175778e+00   3.2186565e-02   9.9092626e-01   1.9996615e-02   2.7703172e-02   3.2414044e-02   4.1905258e-02   9.8643497e-01   1.0000000e+01
   1.4000000e+01   1.0416227e+03   6.8031992e-01   4.3680266e+01   2.7000000e+02   3.3200000e+02   8.2219623e+00   6.3497305e+01   5.8216024e+00   1.5218703e+00   6.3521981e+00   2.2369921e+00   4.4583956e-02   1.1559534e+00   1.6724746e-02   2.0759744e-02   2.4456620e-02   2.9100039e-02   9.8985291e-01   1.2000000e+01
   1.4000000e+01   1.3503017e+03   7.1041552e-01   3.3809488e+01   2.5100000e+02   3.9500000e+02   7.9900553e+00   2.0304500e+01   6.8766467e+00   2.1649472e+00   6.6365346e+00   3.0474379e+00   2.3729616e-02   8.8995990e-01   3.3278543e-02   5.4728003e-02   4.8723426e-02   7.3473257e-02   9.7001234e-01   1.4000000e+01
   1.5000000e+01   8.3934019e+02   8.4920685e-01   6.6148753e+01   1.8900000e+02   1.3000000e+02   7.3832390e+00   2.6294614e+01   5.5792429e+00   1.6012690e+00   6.2546896e+00   1.8856054e+00   2.1812213e-02   5.2998102e-01   2.0428394e-02   2.4523912e-02   2.3900052e-02   2.8257177e-02   9.8695247e-01   3.0000000e+00
   1.5000000e+01   3.0920000e+01   1.6687469e+00   9.2000000e+01   1.5600000e+02   1.4400000e+02   7.8548649e+00   5.5680332e+01   6.0284055e+00   2.6700029e+00   5.5804027e+00   1.6000047e+00   7.1479779e-02   2.0989881e+00   5.3947365e-02   6.7261991e-02   3.2128108e-02   4.2689121e-02   9.6309654e-01   4.0000000e+00
   1.5000000e+01   1.3756160e+03   7.6522726e-01   4.9000000e+01   3.2200000e+02   1.9700000e+02   7.8545263e+00   2.6259457e+01   6.2823805e+00   2.1141116e+00   5.4835023e+00   2.7627239e+00   3.0553333e-02   1.0544749e+00   3.0594839e-02   4.9839162e-02   4.0814121e-02   6.1159153e-02   9.7497234e-01   5.0000000e+00
   1.5000000e+01   4.0490744e+02   1.0982029e+00   8.0040821e+01   4.0600000e+02   2.2800000e+02   7.5510374e+00   3.1537666e+01   6.0518621e+00   1.5482727e+00   5.5575688e+00   1.4098239e+00   2.3275432e-02   4.8332917e-01   1.7625786e-02   1.9779963e-02   1.6099560e-02   1.8150077e-02   9.9076308e-01   6.0000000e+00
   1.5000000e+01   9.4142468e+02   7.4009667e-01   6.2884347e+01   2.9100000e+02   2.5500000e+02   7.7427595e+00   4.7309057e+01   5.9261946e+00   1.5875360e+00   6.1411997e+00   2.1450387e+00   3.4125209e-02   8.8252586e-01   1.7537400e-02   2.1878416e-02   2.3571838e-02   2.8317613e-02   9.8967778e-01   7.0000000e+00
   1.5000000e+01   5.0000000e+02   1.0454583e+00   7.7000000e+01   3.9000000e+02   3.1100000e+02   7.6146982e+00   9.6504656e+01   5.5003620e+00   1.4738688e+00   6.1790488e+00   1.4097826e+00   3.3533927e-02   6.7948474e-01   7.8824461e-03   8.7968629e-03   7.5494205e-03   8.4485938e-03   9.9798199e-01   9.0000000e+00
   1.5000000e+01   1.1621153e+03   6.5531724e-01   5.5827215e+01   1.2000000e+02   3.2300000e+02   7.7962586e+00   3.1622356e+01   5.4585754e+00   1.8000446e+00   6.0414137e+00   2.7468293e+00   3.4730472e-02   1.0982279e+00   2.8727570e-02   4.1164014e-02   4.4315677e-02   5.8683303e-02   9.7382305e-01   1.0000000e+01
   1.5000000e+01   7.4986676e+02   8.0034545e-01   6.9009889e+01   3.0800000e+02   3.5500000e+02   7.4501858e+00   7.8113870e+01   6.3238237e+00   1.4245498e+00   6.1691340e+00   1.7799186e+00   3.9065921e-02   8.7228006e-01   1.1133729e-02   1.2885498e-02   1.3810146e-02   1.5750338e-02   9.9543598e-01   1.2000000e+01
   1.5000000e+01   1.2869988e+02   1.5432485e+00   8.8873245e+01   4.4100000e+02   3.8700000e+02   6.8709570e+00   2.9855841e+01   5.9199965e+00   2.4905649e+00   6.2391985e+00   1.6138457e+00   4.2566169e-02   1.2053859e+00   5.4366511e-02   6.7191646e-02   3.5295707e-02   4.6381951e-02   9.5769637e-01   1.4000000e+01
   1.6000000e+01   1.0470481e+02   1.4652487e+00   6.8640547e+01   3.0300000e+02   9.1000000e+01   9.1605096e+00   5.8022148e+01   5.6985731e+00   2.0937564e+00   5.5533056e+00   1.4289427e+00   6.7643790e-02   1.6411213e+00   3.8345305e-02   4.4437861e-02   2.6397667e-02   3.1611887e-02   9.7346910e-01   3.0000000e+00
   1.6000000e+01   8.1272000e+02   7.6640908e-01   4.6000000e+01   1.6000000e+02   1.4800000e+02   8.5787017e+00   5.9170333e+01   5.6437584e+00   1.4343386e+00   5.9476408e+00   1.8715052e+00   3.6782603e-02   8.4471165e-01   1.3952010e-02   1.6336568e-02   1.8080934e-02   2.0760083e-02   9.9279129e-01   6.0000000e+00
   1.6000000e+01   1.2031332e+03   7.0243757e-01   3.3515569e+01   2.8200000e+02   2.4000000e+02   8.6801038e+00   3.2670718e+01   6.0844845e+00   1.6265030e+00   5.4213548e+00   2.3155126e+00   3.6186696e-02   9.8825606e-01   2.7675467e-02   3.5488218e-02   3.9356139e-02   4.8209773e-02   9.7471551e-01   1.0000000e+01
   1.6000000e+01   8.8768512e+01   1.9041330e+00   6.9150150e+01   1.9000000e+02   2.7200000e+02   9.1494199e+00   1.0021920e+02   5.6847786e+00   2.9749040e+00   5.5393279e+00   1.5623405e+00   1.0530198e-01   3.2945593e+00   5.2796069e-02   6.7442952e-02   2.6881018e-02   3.6049591e-02   9.7198983e-01   1.2000000e+01
   1.6000000e+01   3.4364000e+02   1.2592842e+00   6.1000000e+01   2.9800000e+02   2.7900000e+02   9.3469477e+00   1.1912724e+02   5.6136260e+00   1.6736881e+00   5.5797245e+00   1.3290790e+00   7.8310216e-02   1.6419435e+00   1.7017629e-02   1.9041581e-02   1.3624496e-02   1.5444932e-02   9.9254197e-01   1.3000000e+01
   1.6000000e+01   1.1254400e+03   7.0986209e-01   3.6000000e+01   3.5200000e+02   3.0600000e+02   8.8920159e+00   7.8793394e+01   5.7816997e+00   1.4971444e+00   5.8902670e+00   2.1090637e+00   5.9061616e-02   1.4713683e+00   1.7531580e-02   2.1344139e-02   2.4501203e-02   2.8807339e-02   9.8887790e-01   1.6000000e+01
   1.6000000e+01   7.8144800e+02   7.6815074e-01   4.7000000e+01   3.3000000e+02   3.3000000e+02   8.1128247e+00   3.1024918e+01   5.5243684e+00   1.4635004e+00   6.0882766e+00   1.9052255e+00   2.7121755e-02   6.3490952e-01   1.9991727e-02   2.3591143e-02   2.5843407e-02   2.9872223e-02   9.8567512e-01   1.7000000e+01
   1.6000000e+01   1.3443440e+03   7.6381485e-01   2.9000000e+01   3.2500000e+02   3.6300000e+02   8.1295499e+00   1.6124649e+01   5.9029114e+00   2.0969841e+00   5.5321740e+00   2.7454089e+00   2.0219055e-02   6.9077756e-01   3.2658179e-02   5.3018702e-02   4.3604311e-02   6.4977699e-02   9.7127822e-01   1.9000000e+01
   1.6000000e+01   1.0316240e+03   7.1188522e-01   3.9000000e+01   1.5800000e+02   3.6400000e+02   8.2603110e+00   3.4042385e+01   6.1417806e+00   1.6228890e+00   6.1029290e+00   2.2797060e+00   2.5272565e-02   6.8194746e-01   1.8307279e-02   2.3462668e-02   2.5628266e-02   3.1290077e-02   9.8877463e-01   2.0000000e+01
   1.7000000e+01   6.2508800e+02   8.9435248e-01   6.2000000e+01   2.3000000e+02   1.0800000e+02   8.2690659e+00   3.5959868e+01   5.7378791e+00   1.3344187e+00   6.3331409e+00   1.4920501e+00   2.1563895e-02   4.2834695e-01   1.2293063e-02   1.3717233e-02   1.3686230e-02   1.5183894e-02   9.9414690e-01   1.0000000e+00
   1.7000000e+01   9.0165991e+02   7.4219225e-01   5.3155925e+01   8.3000000e+01   1.1300000e+02   8.1155449e+00   3.2711361e+01   5.7625332e+00   1.5067128e+00   6.2415795e+00   2.0300842e+00   2.3137494e-02   5.6694041e-01   1.6606838e-02   2.0047013e-02   2.2213327e-02   2.6049199e-02   9.9025216e-01   2.0000000e+00
   1.7000000e+01   4.0872843e+02   1.1248736e+00   6.8918636e+01   2.6700000e+02   1.1900000e+02   8.2832406e+00   6.6378226e+01   6.4267671e+00   1.5171497e+00   6.2179141e+00   1.3487290e+00   3.3306941e-02   6.6997448e-01   1.1682378e-02   1.2991528e-02   1.0438420e-02   1.1681724e-02   9.9582980e-01   3.0000000e+00
   1.7000000e+01   1.1567120e+03   7.3518867e-01   4.5000000e+01   1.5500000e+02   2.2800000e+02   8.1468116e+00   3.8542315e+01   5.4313973e+00   2.5289226e+00   5.2601647e+00   3.4398280e+00   6.6257637e-02   2.9580530e+00   4.4122391e-02   9.5237110e-02   6.5455031e-02   1.2339067e-01   9.5026871e-01   6.0000000e+00
   1.8000000e+01   9.0653600e+02   7.5150122e-01   5.2000000e+01   3.0200000e+02   1.6100000e+02   7.7220523e+00   4.7846324e+01   6.4554468e+00   1.4261921e+00   5.9556944e+00   1.8977908e+00   3.7774894e-02   8.7085621e-01   1.7659196e-02   2.0706166e-02   2.3313803e-02   2.6765462e-02   9.8834373e-01   4.0000000e+00
   1.8000000e+01   7.1890400e+02   8.8093304e-01   5.8000000e+01   4.3300000e+02   1.7000000e+02   7.7443865e+00   4.1077534e+01   6.1329863e+00   1.3923595e+00   5.5752165e+00   1.5805509e+00   2.4504052e-02   5.1099790e-01   1.2906587e-02   1.4580097e-02   1.4557864e-02   1.6327399e-02   9.9391346e-01   5.0000000e+00
   1.8000000e+01   1.1254400e+03   7.0938560e-01   4.5000000e+01   2.9000000e+02   4.0300000e+02   7.8661762e+00   4.0840284e+01   6.3364042e+00   1.6060039e+00   6.0055538e+00   2.2639365e+00   3.3540902e-02   8.9748581e-01   2.0156592e-02   2.5637288e-02   2.8310504e-02   3.4376180e-02   9.8628106e-01   1.0000000e+01
   1.9000000e+01   5.0000000e+02   9.8137221e-01   6.7000000e+01   1.8500000e+02   9.9000000e+01   8.6782190e+00   6.1719301e+01   6.2398488e+00   1.4090168e+00   6.2947500e+00   1.4357619e+00   4.1095664e-02   8.2220304e-01   1.4407057e-02   1.6065500e-02   1.4661990e-02   1.6333868e-02   9.9273852e-01   5.0000000e+00
   1.9000000e+01   1.1567120e+03   6.3726280e-01   4.6000000e+01   8.6000000e+01   2.9100000e+02   8.6146633e+00   5.8652805e+01   6.2771030e+00   1.7126879e+00   6.2261150e+00   2.6875692e+00   4.6719654e-02   1.4240004e+00   2.0362031e-02   2.8246072e-02   3.2293371e-02   4.1593829e-02   9.8599197e-01   2.0000000e+01
   1.9000000e+01   8.7526400e+02   6.9086554e-01   5.5000000e+01   8.5000000e+01   3.2200000e+02   8.1384686e+00   3.9014419e+01   6.0362449e+00   1.4094989e+00   6.3414103e+00   2.0401927e+00   3.3089499e-02   7.8773991e-01   1.8926720e-02   2.2488101e-02   2.7142979e-02   3.1285096e-02   9.8605463e-01   2.3000000e+01
   1.9000000e+01   9.3780800e+02   7.9532218e-01   5.3000000e+01   3.8100000e+02   3.2500000e+02   8.0781956e+00   3.7257212e+01   6.1571496e+00   1.5096466e+00   5.8747170e+00   1.8981573e+00   3.1759315e-02   7.5294102e-01   1.9979517e-02   2.3741087e-02   2.4972160e-02   2.9089510e-02   9.8635450e-01   2.4000000e+01
   2.0000000e+01   1.0628960e+03   7.0885917e-01   4.2000000e+01   2.8200000e+02   1.1900000e+02   9.4120987e+00   3.6377907e+01   5.9903612e+00   1.7173817e+00   5.6450785e+00   2.4227403e+00   3.7583314e-02   1.0769468e+00   2.6328360e-02   3.5275330e-02   3.7135638e-02   4.6918521e-02   9.7807671e-01   1.0000000e+00
   2.0000000e+01  -2.1559879e+00   1.5836447e+00   7.6057687e+01   3.5800000e+02   2.9800000e+02   9.2811359e+00   3.2667674e+01   6.1278625e+00   3.0120650e+00   5.8827062e+00   1.9019828e+00   4.4528736e-02   1.5273159e+00   5.7887543e-02   8.1575125e-02   3.5535911e-02   5.5609227e-02   9.6050610e-01   7.0000000e+00
   2.0000000e+01  -2.6729377e+01   1.7504175e+00   7.6843482e+01   2.0300000e+02   3.1200000e+02   9.2427359e+00   6.1654937e+01   5.6639013e+00   3.2382702e+00   5.9660836e+00   1.8499988e+00   9.2509427e-02   3.3221846e+00   7.2446118e-02   1.0321552e-01   3.9442658e-02   6.2095848e-02   9.4934653e-01   8.0000000e+00
   2.0000000e+01   2.8450453e+02   1.6110751e+00   6.6891004e+01   1.1000000e+02   3.1700000e+02   9.8323425e+00   1.2853780e+02   5.8226489e+00   2.1466107e+00   5.5510334e+00   1.3324088e+00   1.0539274e-01   2.5030009e+00   2.7968267e-02   3.1957942e-02   1.7593012e-02   2.0839287e-02   9.8662582e-01   9.0000000e+00
   2.0000000e+01   3.7491200e+02   1.2454497e+00   6.4000000e+01   8.1000000e+01   3.9000000e+02   1.0292177e+01   1.0431148e+02   5.5583528e+00   1.6881496e+00   6.1891568e+00   1.3554539e+00   8.5623590e-02   1.8154651e+00   2.1499899e-02   2.4130743e-02   1.7390459e-02   1.9774518e-02   9.8822428e-01   1.3000000e+01
   2.0000000e+01   3.7491200e+02   1.0985439e+00   6.4000000e+01   3.1400000e+02   4.0800000e+02   9.1155377e+00   7.7481589e+01   5.8433418e+00   1.5265549e+00   6.1771073e+00   1.3896167e+00   4.4943627e-02   9.1860842e-01   1.3640184e-02   1.5245014e-02   1.2460879e-02   1.3994143e-02   9.9433405e-01   1.5000000e+01
   2.1000000e+01   1.8728000e+02   1.4787332e+00   7.9000000e+01   1.4000000e+02   8.5000000e+01   6.4662047e+00   4.2053040e+01   6.0742154e+00   1.9603507e+00   5.8924132e+00   1.3256960e+00   4.0828353e-02   9.2644188e-01   2.9844675e-02   3.3851319e-02   2.0396541e-02   2.3779426e-02   9.8255662e-01   2.0000000e+00
   2.1000000e+01  -3.5200000e-01   1.8849452e+00   8.5000000e+01   1.0900000e+02   1.6800000e+02   7.3142769e+00   8.5284480e+01   6.2036174e+00   2.7311584e+00   6.3857045e+00   1.4489325e+00   8.9994776e-02   2.5572341e+00   4.7919462e-02   5.8218910e-02   2.5361863e-02   3.2301372e-02   9.7343306e-01   3.0000000e+00
   2.1000000e+01   9.3780800e+02   7.7948994e-01   5.5000000e+01   3.3500000e+02   1.9400000e+02   6.2235277e+00   1.4245785e+01   5.3953033e+00   1.8125287e+00   6.0339485e+00   2.3252753e+00   2.3087129e-02   6.6281180e-01   4.2656516e-02   5.7256066e-02   5.4686470e-02   7.0117647e-02   9.4889709e-01   4.0000000e+00
   2.1000000e+01   1.8825675e+02   1.4594589e+00   7.8968766e+01   2.0500000e+02   2.3000000e+02   6.3929230e+00   2.9493943e+01   5.7292776e+00   1.9106355e+00   5.9196875e+00   1.3091396e+00   2.6856989e-02   5.9867391e-01   2.7212913e-02   3.0734815e-02   1.8884687e-02   2.1869133e-02   9.8490660e-01   6.0000000e+00
   2.1000000e+01   6.4410805e+01   1.8265145e+00   8.2929048e+01   2.8200000e+02   2.8400000e+02   6.7913657e+00   5.8672179e+01   6.3345568e+00   2.4800573e+00   5.8272017e+00   1.3578087e+00   5.3178870e-02   1.3808013e+00   3.6992033e-02   4.3288670e-02   2.0407367e-02   2.4929115e-02   9.8170544e-01   8.0000000e+00
   2.1000000e+01   1.0003520e+03   7.2636350e-01   5.3000000e+01   2.9900000e+02   3.2100000e+02   6.0899712e+00   2.6135723e+01   5.7775110e+00   1.7195945e+00   5.7000434e+00   2.3674021e+00   2.0775251e-02   5.8934826e-01   2.0197190e-02   2.6890676e-02   2.7805516e-02   3.5041103e-02   9.8714516e-01   1.0000000e+01
   2.1000000e+01   5.9779295e+02   9.1677727e-01   6.5872827e+01   1.2600000e+02   3.6600000e+02   5.9987595e+00   3.3496562e+01   6.3387266e+00   1.4861474e+00   5.9024729e+00   1.6210562e+00   1.4930464e-02   3.2507649e-01   1.0282756e-02   1.1761697e-02   1.1182007e-02   1.2728333e-02   9.9646870e-01   1.2000000e+01
   2.2000000e+01   3.0920000e+01   1.4104980e+00   9.2000000e+01   1.8700000e+02   8.2000000e+01   1.1111953e+01   9.3612069e+01   6.1044657e+00   2.7486109e+00   6.5888906e+00   1.9486811e+00   1.4102555e-01   4.6224573e+00   5.7807939e-02   7.9942143e-02   4.0285270e-02   6.0507359e-02   9.5352897e-01   1.0000000e+00
   2.2000000e+01   2.1509920e+02   1.2040272e+00   8.6110412e+01   1.9700000e+02   1.4400000e+02   1.0841547e+01   7.1928673e+01   5.8105810e+00   1.6479276e+00   6.4876652e+00   1.3686797e+00   5.5334377e-02   1.1672957e+00   1.9597193e-02   2.2014314e-02   1.6387796e-02   1.8594158e-02   9.8978373e-01   2.0000000e+00
   2.2000000e+01  -3.1114712e+01   2.0776946e+00   9.3983714e+01   9.4000000e+01   1.7100000e+02   1.2280229e+01   2.0591486e+02   5.4331663e+00   3.3309010e+00   5.7130825e+00   1.6031716e+00   2.5598166e-01   8.8586791e+00   7.4564288e-02   1.0035458e-01   3.3368423e-02   4.6416125e-02   9.5722352e-01   4.0000000e+00
   2.2000000e+01   1.0996106e+03   7.5286267e-01   5.7825960e+01   3.3900000e+02   2.4900000e+02   1.0958489e+01   6.5727583e+01   5.4346672e+00   1.7452668e+00   5.6259602e+00   2.3181742e+00   4.5801955e-02   1.2944472e+00   1.8035078e-02   2.3790178e-02   2.3948081e-02   3.0180016e-02   9.9004644e-01   7.0000000e+00
   2.3000000e+01   5.7339394e+02   9.3722741e-01   5.7653046e+01   9.4000000e+01   8.3000000e+01   1.2299109e+01   1.1904331e+02   5.5162404e+00   1.5129821e+00   6.2618490e+00   1.6143170e+00   8.4980404e-02   1.8646916e+00   1.6766038e-02   1.9204662e-02   1.7875780e-02   2.0403445e-02   9.9094938e-01   2.0000000e+00
   2.3000000e+01   4.7155903e+02   1.0269178e+00   6.0909471e+01   3.9400000e+02   9.4000000e+01   1.1404132e+01   1.1753987e+02   5.8876278e+00   1.4712138e+00   5.7967701e+00   1.4326500e+00   3.7600343e-02   7.6752956e-01   7.2435365e-03   8.1083486e-03   7.0636341e-03   7.9170420e-03   9.9828170e-01   3.0000000e+00
   2.3000000e+01  -6.4928391e+01   1.5317102e+00   7.8064991e+01   2.9500000e+02   1.0400000e+02   1.0936875e+01   7.9861008e+01   5.9957249e+00   3.0379051e+00   6.5324943e+00   1.9833420e+00   1.0968417e-01   3.8786834e+00   5.7497251e-02   8.3150912e-02   3.6456849e-02   5.8442037e-02   9.6018604e-01   4.0000000e+00
   2.3000000e+01  -1.5671200e+02   1.3222257e+00   8.1000000e+01   6.9000000e+01   1.1100000e+02   1.0447214e+01   9.7669058e+01   3.1949279e+00   3.4877422e+00   5.3706233e+00   2.6377814e+00   1.3757082e-01   7.6204626e+00   1.1810203e-01   1.6833574e-01   5.3537744e-02   9.1597630e-02   9.4604335e-01   5.0000000e+00
   2.3000000e+01   1.5600800e+02   1.2512640e+00   7.1000000e+01   3.9500000e+02   1.1400000e+02   1.1361519e+01   7.5487900e+01   5.8506280e+00   1.6929977e+00   5.5844482e+00   1.3530300e+00   5.4916068e-02   1.1687094e+00   1.9066209e-02   2.1437725e-02   1.5347079e-02   1.7475438e-02   9.9079471e-01   6.0000000e+00
   2.3000000e+01   5.0000000e+02   1.0401883e+00   6.0000000e+01   1.1400000e+02   1.5600000e+02   1.0496881e+01   5.3212425e+01   5.9684814e+00   1.5284022e+00   5.5409883e+00   1.4693515e+00   3.4072531e-02   7.1740092e-01   1.5142844e-02   1.7084561e-02   1.4557937e-02   1.6451901e-02   9.9294787e-01   7.0000000e+00
   2.3000000e+01   1.1567120e+03   8.9988687e-01   3.9000000e+01   3.5400000e+02   1.6400000e+02   1.0692616e+01   2.7002908e+01   6.3145523e+00   2.0251731e+00   6.2933754e+00   2.2504752e+00   3.0476879e-02   9.1514572e-01   3.0615294e-02   4.3284404e-02   3.4070294e-02   4.6846735e-02   9.7698751e-01   8.0000000e+00
   2.3000000e+01   5.3127200e+02   9.9008332e-01   5.9000000e+01   4.4000000e+02   2.1800000e+02   1.0742196e+01   6.4479083e+01   5.8123627e+00   1.4528204e+00   5.7335244e+00   1.4673718e+00   3.4717181e-02   7.1293111e-01   1.2062999e-02   1.3535212e-02   1.2177220e-02   1.3655374e-02   9.9512388e-01   1.4000000e+01
   2.3000000e+01   7.4969561e+01   1.6674833e+00   7.3591406e+01   2.3000000e+02   2.6000000e+02   1.1062933e+01   5.7378941e+01   5.7697693e+00   2.3409256e+00   6.4331298e+00   1.4038675e+00   5.3178793e-02   1.3613723e+00   3.4721736e-02   4.0609231e-02   2.1030753e-02   2.5710517e-02   9.8188798e-01   1.6000000e+01
   2.4000000e+01   4.0777887e+02   1.1852695e+00   5.8949000e+01   3.3800000e+02   7.9000000e+01   1.1701687e+01   1.3307667e+02   5.9825786e+00   1.5889373e+00   6.2729267e+00   1.3405704e+00   7.8323536e-02   1.6066376e+00   1.4386554e-02   1.6058573e-02   1.2220920e-02   1.3760942e-02   9.9415900e-01   1.0000000e+00
   2.4000000e+01   1.2856986e+03   7.9389431e-01   3.0875332e+01   3.7500000e+02   9.3000000e+01   1.1774873e+01   6.7055439e+01   5.7724279e+00   1.9521762e+00   6.8550483e+00   2.4589875e+00   4.8276162e-02   1.5028582e+00   1.9529181e-02   2.7869508e-02   2.4977934e-02   3.3992249e-02   9.8959103e-01   2.0000000e+00
   2.4000000e+01   1.2363008e+03   7.3687551e-01   3.2454950e+01   4.2700000e+02   1.2800000e+02   1.2051933e+01   9.1932484e+01   5.9579806e+00   1.7493773e+00   6.5996569e+00   2.3740473e+00   9.4531484e-02   2.7159170e+00   2.6532796e-02   3.5521563e-02   3.6148576e-02   4.5966716e-02   9.7853075e-01   3.0000000e+00
   2.4000000e+01   8.4399200e+02   7.4303333e-01   4.5000000e+01   9.6000000e+01   1.3300000e+02   9.5651576e+00   6.5690049e+01   6.2928648e+00   1.4563799e+00   6.4894019e+00   1.9600465e+00   4.9408172e-02   1.1715900e+00   1.7217888e-02   2.0410827e-02   2.3040715e-02   2.6643266e-02   9.8914057e-01   4.0000000e+00
   2.4000000e+01   1.3854077e+02   1.3654791e+00   6.7558558e+01   2.1400000e+02   1.3400000e+02   1.0406506e+01   5.0787591e+01   6.1427951e+00   1.9589977e+00   5.7671257e+00   1.4346597e+00   4.6328668e-02   1.0897244e+00   2.7786609e-02   3.2060275e-02   2.0533117e-02   2.4298495e-02   9.8429022e-01   5.0000000e+00
   2.4000000e+01   6.5636000e+02   7.8347222e-01   5.1000000e+01   1.2700000e+02   1.4400000e+02   9.8150524e+00   2.9556133e+01   5.9658316e+00   1.3735203e+00   6.2299327e+00   1.7531193e+00   2.8717252e-02   6.2619542e-01   2.0886574e-02   2.3980584e-02   2.6405385e-02   2.9863977e-02   9.8333117e-01   6.0000000e+00
   2.4000000e+01   8.4507584e+02   8.3208778e-01   4.4965342e+01   3.2200000e+02   2.3400000e+02   1.0959887e+01   1.1148292e+02   5.7007665e+00   1.4037285e+00   6.4423359e+00   1.6869957e+00   4.8284044e-02   1.0430239e+00   9.4897752e-03   1.0844485e-02   1.1334050e-02   1.2804790e-02   9.9666288e-01   9.0000000e+00
   2.4000000e+01   1.8861964e+02   1.3556177e+00   6.5957162e+01   4.4100000e+02   3.4800000e+02   1.1321252e+01   6.4538562e+01   7.2330404e+00   1.8377017e+00   6.3674493e+00   1.3556195e+00   5.5020713e-02   1.2266168e+00   2.5020484e-02   2.8233953e-02   1.8554026e-02   2.1313950e-02   9.8636374e-01   1.1000000e+01
   2.5000000e+01   5.6254400e+02   9.9087419e-01   6.2000000e+01   1.9800000e+02   7.6000000e+01   8.5894035e+00   4.1573360e+01   5.7662783e+00   1.5632579e+00   5.6204184e+00   1.5776553e+00   2.6521775e-02   5.8389686e-01   1.5450061e-02   1.7703747e-02   1.5606643e-02   1.7864707e-02   9.9272778e-01   1.0000000e+00
   2.5000000e+01   4.0618400e+02   1.1321578e+00   6.7000000e+01   2.7900000e+02   1.1700000e+02   8.8969730e+00   4.2706728e+01   6.2654142e+00   1.5500519e+00   6.3169110e+00   1.3691129e+00   2.7609195e-02   5.6515815e-01   1.5425737e-02   1.7227943e-02   1.3681966e-02   1.5379885e-02   9.9297456e-01   3.0000000e+00
   2.5000000e+01   1.2505280e+03   6.2256385e-01   4.0000000e+01   3.1600000e+02   3.1000000e+02   8.9590479e+00   4.5980180e+01   5.6369149e+00   1.8824590e+00   5.4076205e+00   3.0237203e+00   4.3981104e-02   1.5236045e+00   2.5420203e-02   3.9008335e-02   4.2670770e-02   5.9711515e-02   9.7946766e-01   1.3000000e+01
   2.5000000e+01  -3.1624000e+01   1.7399357e+00   8.1000000e+01   3.6000000e+02   3.2100000e+02   9.4975520e+00   4.1979599e+01   6.8341436e+00   2.9297818e+00   6.0415930e+00   1.6838449e+00   6.5105312e-02   2.1133500e+00   7.4125604e-02   9.7312988e-02   4.0608656e-02   5.6726317e-02   9.4409130e-01   1.6000000e+01
   2.6000000e+01  -6.2596907e+01   1.7888901e+00   7.8990436e+01   2.7000000e+02   2.3100000e+02   1.1116202e+01   8.4563737e+01   6.7336464e+00   3.2534073e+00   6.4199536e+00   1.8186736e+00   1.0490142e-01   3.8005716e+00   6.4613018e-02   9.0629166e-02   3.3568745e-02   5.1120021e-02   9.6266118e-01   1.0000000e+01
   2.6000000e+01  -6.0196747e+00   1.9984492e+00   7.7181238e+01   1.9600000e+02   2.6400000e+02   1.0896809e+01   5.6390778e+01   6.3638658e+00   2.8837124e+00   5.8453976e+00   1.4429751e+00   5.9989607e-02   1.7700136e+00   5.2659156e-02   6.5110417e-02   2.5921763e-02   3.3293226e-02   9.7160622e-01   1.1000000e+01
   2.6000000e+01   2.6034829e+02   1.4222626e+00   6.8663460e+01   2.6900000e+02   3.1300000e+02   1.0573652e+01   6.9101006e+01   6.1203333e+00   1.8985134e+00   6.1747548e+00   1.3348543e+00   4.9440399e-02   1.1053768e+00   2.1214700e-02   2.4023461e-02   1.5077725e-02   1.7482510e-02   9.9057525e-01   1.3000000e+01
   2.7000000e+01  -7.1958688e+01   1.6183501e+00   8.5289802e+01   1.3500000e+02   7.0000000e+01   1.0321999e+01   1.1443976e+02   6.5005044e+00   3.0376463e+00   6.0923080e+00   1.8770019e+00   1.5622547e-01   5.4056696e+00   6.0455472e-02   8.4838125e-02   3.5796458e-02   5.5448576e-02   9.5961190e-01   1.0000000e+00
   2.7000000e+01   4.0618400e+02   1.1888440e+00   7.0000000e+01   8.7000000e+01   1.8400000e+02   9.6090641e+00   5.7232606e+01   6.1333356e+00   1.6518372e+00   6.0646626e+00   1.3894482e+00   3.9600129e-02   8.4271581e-01   1.7672600e-02   1.9913500e-02   1.4948836e-02   1.7010258e-02   9.9167731e-01   3.0000000e+00
   2.7000000e+01   5.9610731e+02   9.3559582e-01   6.3926730e+01   4.3000000e+02   2.3700000e+02   9.9699580e+00   7.0206626e+01   6.4291399e+00   1.4858877e+00   6.2515048e+00   1.5881726e+00   6.3248588e-02   1.3634699e+00   2.0773647e-02   2.3661719e-02   2.2162389e-02   2.5153847e-02   9.8582907e-01   4.0000000e+00
   2.7000000e+01   8.4399200e+02   7.5342166e-01   5.6000000e+01   1.9300000e+02   2.6600000e+02   9.7602457e+00   4.9332079e+01   6.2698202e+00   1.5187547e+00   6.1944704e+00   2.0158097e+00   4.1989989e-02   1.0290037e+00   2.0086039e-02   2.4256769e-02   2.6492268e-02   3.1115563e-02   9.8599667e-01   5.0000000e+00
   2.7000000e+01   3.0319704e+02   1.2095831e+00   7.3293264e+01   4.0800000e+02   2.6600000e+02   1.0432896e+01   7.1867907e+01   6.0505313e+00   1.5852979e+00   5.5509472e+00   1.3106151e+00   4.0545216e-02   8.2256548e-01   1.3733461e-02   1.5279119e-02   1.1440124e-02   1.2850995e-02   9.9469786e-01   6.0000000e+00
   2.7000000e+01   1.9228298e+01   1.9815069e+00   8.2373871e+01   2.0700000e+02   3.3600000e+02   9.7915282e+00   5.1114070e+01   6.3493267e+00   2.8256008e+00   6.3596875e+00   1.4259858e+00   5.3666578e-02   1.5593822e+00   5.0524754e-02   6.1992226e-02   2.5229941e-02   3.2185425e-02   9.7300555e-01   7.0000000e+00
   2.8000000e+01  -6.2896000e+01   1.6198085e+00   9.1000000e+01   2.8900000e+02   1.3200000e+02   8.9540634e+00   4.6262769e+01   6.4109742e+00   2.8816746e+00   5.9959984e+00   1.7790218e+00   5.2894167e-02   1.7162922e+00   4.9505329e-02   6.6204000e-02   2.9773541e-02   4.3329931e-02   9.7082110e-01   3.0000000e+00
   2.8000000e+01   1.0106903e+03   7.0452795e-01   5.6669408e+01   1.1300000e+02   1.7000000e+02   8.8474810e+00   3.2986792e+01   6.1019074e+00   1.7196739e+00   6.4727401e+00   2.4408882e+00   3.8051884e-02   1.1016149e+00   2.9379686e-02   3.9542154e-02   4.1854555e-02   5.3112787e-02   9.7286315e-01   5.0000000e+00
   2.8000000e+01   4.0998968e+02   1.0974821e+00   7.5878304e+01   2.0200000e+02   1.7700000e+02   8.7609618e+00   6.6702940e+01   6.3712778e+00   1.5463609e+00   6.2107791e+00   1.4090078e+00   2.6053807e-02   5.4047089e-01   9.3178656e-03   1.0448851e-02   8.5200284e-03   9.6040548e-03   9.9739526e-01   6.0000000e+00
   2.8000000e+01   8.0496989e+02   8.6634741e-01   6.3247829e+01   3.5400000e+02   1.8900000e+02   8.9025091e+00   3.2303478e+01   5.7107004e+00   1.7063276e+00   6.0966297e+00   1.9695650e+00   2.6364474e-02   6.7541807e-01   2.0900760e-02   2.5938905e-02   2.4035395e-02   2.9284210e-02   9.8730485e-01   8.0000000e+00
   2.8000000e+01   8.4399200e+02   8.1680810e-01   6.2000000e+01   4.1800000e+02   2.9500000e+02   8.8910292e+00   5.2001760e+01   5.8155318e+00   1.5593464e+00   5.9934164e+00   1.9090732e+00   5.0392841e-02   1.2174211e+00   2.3258312e-02   2.7904587e-02   2.8378783e-02   3.3391267e-02   9.8237230e-01   1.5000000e+01
   2.8000000e+01   1.0775212e+03   6.7683640e-01   5.4532323e+01   2.8500000e+02   3.1400000e+02   9.4577431e+00   3.0039748e+01   6.3999283e+00   1.7395669e+00   5.5469165e+00   2.5701439e+00   4.0608118e-02   1.2146828e+00   3.4921980e-02   4.7828911e-02   5.2068210e-02   6.6848597e-02   9.6151384e-01   1.7000000e+01
   2.8000000e+01   6.5170823e+02   8.9777470e-01   6.8148752e+01   8.0000000e+01   3.5700000e+02   8.5508631e+00   1.0580007e+02   5.9309133e+00   1.4868386e+00   5.6692957e+00   1.6561378e+00   4.6259630e-02   1.0179315e+00   1.0102595e-02   1.1606942e-02   1.1215316e-02   1.2792926e-02   9.9656848e-01   1.9000000e+01
   2.8000000e+01  -5.8768284e+01   1.6606968e+00   9.0868006e+01   4.1600000e+02   3.5700000e+02   8.8814092e+00   7.0125043e+01   7.0385492e+00   3.3795453e+00   5.6790234e+00   2.0350164e+00   1.1277455e-01   4.4615059e+00   8.2103123e-02   1.2342492e-01   4.3776991e-02   7.4220555e-02   9.4316786e-01   2.0000000e+01
   2.9000000e+01   6.2508800e+02   9.6134052e-01   6.3000000e+01   3.3000000e+02   1.0600000e+02   9.7152697e+00   4.7061780e+01   6.0650695e+00   1.4340807e+00   6.5935661e+00   1.4917510e+00   3.4971228e-02   7.1917825e-01   1.6458942e-02   1.8484940e-02   1.7103742e-02   1.9152578e-02   9.9071211e-01   1.0000000e+00
   2.9000000e+01   9.3780800e+02   8.3876923e-01   5.3000000e+01   3.7600000e+02   1.0600000e+02   9.8968449e+00   4.0661666e+01   6.1078955e+00   1.7529942e+00   6.1836639e+00   2.0899601e+00   4.3603599e-02   1.1675740e+00   2.7656836e-02   3.5478938e-02   3.2876075e-02   4.0975542e-02   9.7818742e-01   2.0000000e+00
   2.9000000e+01   8.4399200e+02   8.4268862e-01   5.6000000e+01   3.0700000e+02   1.3100000e+02   9.9599548e+00   4.4017433e+01   6.0376585e+00   1.5942888e+00   5.3938871e+00   1.8919073e+00   4.0446340e-02   9.8383493e-01   2.2664490e-02   2.7201140e-02   2.6784120e-02   3.1566402e-02   9.8391799e-01   3.0000000e+00
   2.9000000e+01   5.6254400e+02   9.1989063e-01   6.5000000e+01   2.5800000e+02   1.4000000e+02   9.6928307e+00   4.5822138e+01   6.1939085e+00   1.6351803e+00   6.2828163e+00   1.7775812e+00   2.5533928e-02   6.0919817e-01   1.3988965e-02   1.6629878e-02   1.5173433e-02   1.7895361e-02   9.9418616e-01   5.0000000e+00
   2.9000000e+01   1.1079843e+03   7.0292376e-01   4.7558189e+01   1.8600000e+02   1.5500000e+02   1.0907571e+01   8.8578060e+01   6.4394861e+00   1.8291716e+00   6.4231633e+00   2.6022332e+00   6.1706342e-02   1.9093592e+00   1.8212927e-02   2.5869539e-02   2.6150495e-02   3.4633546e-02   9.8981837e-01   6.0000000e+00
   2.9000000e+01  -6.2896000e+01   1.6218367e+00   8.5000000e+01   2.1800000e+02   1.8300000e+02   1.0946462e+01   1.4342596e+02   5.8990025e+00   3.4613867e+00   6.2822045e+00   2.1342388e+00   2.0566456e-01   8.2775756e+00   6.3891461e-02   1.0366755e-01   3.6685515e-02   6.8669873e-02   9.5905166e-01   9.0000000e+00
   2.9000000e+01   5.1149151e+02   9.7278851e-01   6.6632531e+01   1.9700000e+02   2.4900000e+02   1.0158367e+01   7.2558912e+01   6.2378131e+00   1.4981223e+00   6.3151805e+00   1.5400288e+00   3.8051642e-02   8.1123022e-01   1.2171427e-02   1.3807319e-02   1.2498929e-02   1.4154810e-02   9.9520139e-01   1.2000000e+01
   2.9000000e+01   3.4364000e+02   1.1863530e+00   7.2000000e+01   2.5100000e+02   2.5200000e+02   1.0880978e+01   2.2629533e+02   6.2681651e+00   1.6473218e+00   5.9881364e+00   1.3885596e+00   1.0344223e-01   2.1941035e+00   1.1642625e-02   1.3104400e-02   9.8832926e-03   1.1232892e-02   9.9634270e-01   1.3000000e+01
   2.9000000e+01   1.1376502e+03   6.4329799e-01   4.6609547e+01   1.6500000e+02   3.6000000e+02   1.0341832e+01   5.2731217e+01   5.6806200e+00   1.7104897e+00   5.7302000e+00   2.6589384e+00   5.9274397e-02   1.7891819e+00   2.8849249e-02   3.9721121e-02   4.5158279e-02   5.7893202e-02   9.7243228e-01   2.1000000e+01
   3.0000000e+01   4.4427990e+02   1.0349318e+00   5.7781789e+01   1.6600000e+02   7.9000000e+01   9.7885419e+00   5.6991357e+01   6.0136286e+00   1.4592374e+00   5.9506876e+00   1.4099840e+00   2.4570421e-02   4.9574719e-01   9.6601659e-03   1.0780984e-02   9.3460580e-03   1.0448328e-02   9.9692018e-01   1.0000000e+00
   3.0000000e+01   1.2203284e+03   8.3711448e-01   3.2965707e+01   3.8200000e+02   1.5700000e+02   1.1045578e+01   3.4164222e+01   5.6479585e+00   2.3022134e+00   6.5267774e+00   2.7501775e+00   5.4600432e-02   1.9584393e+00   4.2745984e-02   7.3383346e-02   5.2110267e-02   8.3760303e-02   9.5605465e-01   3.0000000e+00
   3.0000000e+01   3.0856722e+02   1.1641742e+00   6.2121540e+01   3.3600000e+02   1.6000000e+02   1.0886831e+01   1.0229542e+02   6.1258640e+00   1.5773275e+00   6.2423071e+00   1.3548896e+00   5.1913720e-02   1.0666921e+00   1.2318695e-02   1.3762870e-02   1.0646043e-02   1.1987884e-02   9.9564678e-01   4.0000000e+00
   3.0000000e+01   5.9381600e+02   9.0473310e-01   5.3000000e+01   9.8000000e+01   3.5300000e+02   1.0295570e+01   1.0974218e+02   6.4718792e+00   1.4456359e+00   6.1214140e+00   1.5978589e+00   5.3800012e-02   1.1471368e+00   1.1005913e-02   1.2503201e-02   1.2124401e-02   1.3703542e-02   9.9579192e-01   8.0000000e+00
   3.0000000e+01   9.1599007e+02   7.5107014e-01   4.2697682e+01   1.5500000e+02   3.8100000e+02   1.0320810e+01   8.9430889e+01   5.8036028e+00   1.4950743e+00   5.7012365e+00   1.9905921e+00   5.0389625e-02   1.2183371e+00   1.3152935e-02   1.5767424e-02   1.7373017e-02   2.0283878e-02   9.9385174e-01   1.0000000e+01
   3.0000000e+01   1.0941680e+03   6.8986275e-01   3.7000000e+01   1.3200000e+02   3.9100000e+02   1.0254835e+01   4.5908821e+01   5.6078474e+00   1.5715033e+00   5.6797478e+00   2.2779942e+00   3.4977979e-02   9.2963567e-01   1.8561092e-02   2.3394695e-02   2.6791563e-02   3.2286565e-02   9.8797620e-01   1.1000000e+01
   3.1000000e+01   1.2509352e+03   8.7410228e-01   3.5986978e+01   4.1400000e+02   8.1000000e+01   8.6818981e+00   2.8726090e+01   6.2436263e+00   3.0193446e+00   5.7009787e+00   3.4542235e+00   3.9023047e-02   1.9169880e+00   3.0201052e-02   8.5967585e-02   3.6049558e-02   9.4431233e-02   9.7762736e-01   1.0000000e+00
   3.1000000e+01   1.1254400e+03   7.9451657e-01   4.0000000e+01   2.6200000e+02   1.0400000e+02   8.5722500e+00   2.5836750e+01   5.9615738e+00   1.7458036e+00   5.9687626e+00   2.1973155e+00   3.2598937e-02   8.9416253e-01   3.2215476e-02   4.2126297e-02   4.0452154e-02   5.0789315e-02   9.6968262e-01   5.0000000e+00
   3.1000000e+01   6.2434625e+02   9.2208117e-01   5.6023719e+01   2.6900000e+02   1.7900000e+02   9.2723506e+00   4.5415275e+01   6.4866415e+00   1.5138860e+00   5.6423245e+00   1.6418142e+00   5.5586695e-02   1.2295065e+00   2.8791975e-02   3.3080436e-02   3.1167105e-02   3.5633840e-02   9.7362366e-01   9.0000000e+00
   3.1000000e+01   9.3464000e+01   1.5341433e+00   7.3000000e+01   1.7400000e+02   1.8400000e+02   9.0107376e+00   4.6993825e+01   5.8064687e+00   2.1841234e+00   5.8207698e+00   1.4236763e+00   4.6839112e-02   1.1590289e+00   3.4354342e-02   3.9950739e-02   2.2602255e-02   2.7323365e-02   9.8001775e-01   1.0000000e+01
   3.1000000e+01   7.1890400e+02   7.9769539e-01   5.3000000e+01   1.9500000e+02   2.0500000e+02   9.0823641e+00   6.3139136e+01   5.6288352e+00   1.4762010e+00   5.9457170e+00   1.8505824e+00   4.1098529e-02   9.5218598e-01   1.4968433e-02   1.7586866e-02   1.8654266e-02   2.1543726e-02   9.9210735e-01   1.3000000e+01
   3.1000000e+01   9.6908000e+02   7.6886331e-01   4.5000000e+01   4.3000000e+02   2.6300000e+02   9.3491130e+00   4.6791869e+01   5.9737946e+00   1.7228103e+00   5.6754629e+00   2.2407238e+00   3.9717023e-02   1.0940312e+00   2.1609985e-02   2.8235769e-02   2.8056628e-02   3.5073146e-02   9.8575124e-01   1.6000000e+01
   3.2000000e+01   7.5017600e+02   7.5376310e-01   6.2000000e+01   1.9300000e+02   1.6000000e+02   9.7363162e+00   4.1972945e+01   6.4413570e+00   1.6127615e+00   6.3421637e+00   2.1396132e+00   3.4973083e-02   9.1024882e-01   2.0596053e-02   2.5703811e-02   2.7252178e-02   3.2850132e-02   9.8614281e-01   6.0000000e+00
   3.2000000e+01   9.6908000e+02   8.0061133e-01   5.5000000e+01   3.1900000e+02   1.9700000e+02   9.7461299e+00   3.6066250e+01   6.4591168e+00   1.6787131e+00   6.1659210e+00   2.0967891e+00   2.7217716e-02   7.1411931e-01   1.9090778e-02   2.4019545e-02   2.3768749e-02   2.9023738e-02   9.8881637e-01   9.0000000e+00
   3.2000000e+01   4.3745600e+02   1.1189632e+00   7.2000000e+01   1.7500000e+02   2.0300000e+02   9.6061981e+00   5.3082945e+01   6.0004817e+00   1.5772810e+00   6.4048788e+00   1.4095915e+00   3.1366177e-02   6.5716395e-01   1.4384802e-02   1.6173312e-02   1.2910996e-02   1.4599080e-02   9.9400885e-01   1.0000000e+01
   3.2000000e+01   1.0003520e+03   7.8280354e-01   5.4000000e+01   3.8200000e+02   2.6200000e+02   1.0236285e+01   3.9151316e+01   6.2967848e+00   1.6199070e+00   6.2760138e+00   2.0693660e+00   4.9321755e-02   1.2647165e+00   3.1124031e-02   3.8601296e-02   3.9584432e-02   4.7637812e-02   9.6957337e-01   1.2000000e+01
   3.2000000e+01  -6.2896000e+01   1.7285960e+00   8.8000000e+01   2.7600000e+02   2.7000000e+02   9.7309013e+00   5.2010907e+01   6.0229710e+00   3.0963121e+00   5.7299910e+00   1.7912294e+00   6.4768114e-02   2.2040345e+00   5.9162370e-02   8.0942507e-02   3.2926579e-02   4.9148549e-02   9.6342405e-01   1.3000000e+01
   3.2000000e+01   5.6818713e+02   9.3038627e-01   6.7819547e+01   7.5000000e+01   2.8500000e+02   9.1297478e+00   6.2925759e+01   5.9566834e+00   1.4874796e+00   6.1582349e+00   1.5987764e+00   3.3106153e-02   7.1629868e-01   1.2134817e-02   1.3851841e-02   1.3012255e-02   1.4789688e-02   9.9511673e-01   1.5000000e+01
   3.2000000e+01   1.1879840e+03   6.4034847e-01   4.8000000e+01   4.0000000e+02   2.9100000e+02   1.0503662e+01   2.5083377e+01   5.9108673e+00   1.5461723e+00   6.5160316e+00   2.4145795e+00   2.9347234e-02   8.0206964e-01   2.8461991e-02   3.6222605e-02   4.4506766e-02   5.3918378e-02   9.7091936e-01   1.6000000e+01
   3.2000000e+01   1.1398616e+03   6.5221244e-01   4.9538835e+01   1.7700000e+02   3.4000000e+02   9.5586952e+00   5.7826692e+01   5.8205301e+00   1.7458218e+00   6.6175962e+00   2.6767686e+00   4.7740279e-02   1.4724978e+00   2.1390442e-02   2.9841549e-02   3.3391597e-02   4.3485150e-02   9.8502727e-01   1.8000000e+01
   3.2000000e+01   3.1236800e+02   1.3608022e+00   7.6000000e+01   1.4500000e+02   3.5400000e+02   9.4296197e+00   5.7373280e+01   6.3336917e+00   1.8350139e+00   6.1990496e+00   1.3484795e+00   3.9855659e-02   8.8091653e-01   1.9880076e-02   2.2482627e-02   1.4736795e-02   1.7005481e-02   9.9123260e-01   1.9000000e+01
   3.3000000e+01   6.8164378e+02   9.4733326e-01   6.1191488e+01   3.0800000e+02   1.4500000e+02   8.8948924e+00   6.9050485e+01   5.9169637e+00   1.4958344e+00   5.6620267e+00   1.5789949e+00   3.8926445e-02   8.3966556e-01   1.3079248e-02   1.4905323e-02   1.3779305e-02   1.5647770e-02   9.9440985e-01   6.0000000e+00
   3.3000000e+01  -6.2896000e+01   1.7579233e+00   8.5000000e+01   2.6200000e+02   1.6800000e+02   9.4157184e+00   6.9205984e+01   5.4759512e+00   3.3568300e+00   5.5261182e+00   1.9095429e+00   9.2714961e-02   3.4825337e+00   6.9134726e-02   1.0055308e-01   3.6437327e-02   5.8304550e-02   9.5703290e-01   8.0000000e+00
   3.3000000e+01   4.3599853e+02   1.1264182e+00   6.9046606e+01   2.8700000e+02   1.8400000e+02   8.8064985e+00   5.2729031e+01   6.4555334e+00   1.5300766e+00   5.9683497e+00   1.3583557e+00   3.0905700e-02   6.2680631e-01   1.3784030e-02   1.5355217e-02   1.2291732e-02   1.3783699e-02   9.9427889e-01   1.0000000e+01
   3.3000000e+01   8.1272000e+02   7.2641208e-01   5.7000000e+01   9.4000000e+01   1.9600000e+02   8.9671135e+00   4.6165987e+01   5.8830789e+00   1.5207908e+00   6.1156324e+00   2.0935648e+00   3.6725840e-02   9.1997363e-01   1.8761164e-02   2.2935232e-02   2.5633903e-02   3.0285850e-02   9.8760760e-01   1.1000000e+01
   3.3000000e+01   1.1254400e+03   6.4502555e-01   4.7000000e+01   1.6300000e+02   2.3300000e+02   9.1974762e+00   6.6391937e+01   6.5129338e+00   1.6686676e+00   6.4553845e+00   2.5869791e+00   5.1712803e-02   1.5256798e+00   1.9872687e-02   2.6633006e-02   3.1026662e-02   3.9147149e-02   9.8654569e-01   1.2000000e+01
   3.3000000e+01   4.2705853e+02   1.0584170e+00   6.9332485e+01   1.3800000e+02   3.7200000e+02   8.8658473e+00   7.9342259e+01   5.5915836e+00   1.5776810e+00   6.0732559e+00   1.4906044e+00   3.4424158e-02   7.4079468e-01   1.0601855e-02   1.2025874e-02   1.0036786e-02   1.1428990e-02   9.9668258e-01   1.4000000e+01
   3.4000000e+01   5.6254400e+02   9.2759289e-01   7.5000000e+01   1.8300000e+02   9.4000000e+01   8.1101503e+00   4.1822901e+01   6.1472427e+00   1.5232824e+00   5.6280592e+00   1.6421886e+00   2.3290179e-02   5.1649180e-01   1.3168113e-02   1.5158132e-02   1.4159646e-02   1.6212184e-02   9.9442017e-01   2.0000000e+00
   3.4000000e+01   1.2192560e+03   7.6985778e-01   5.4000000e+01   1.3100000e+02   9.7000000e+01   8.1909210e+00   2.5125119e+01   6.7899633e+00   2.3946098e+00   6.6021746e+00   3.1104574e+00   2.8490323e-02   1.1435471e+00   3.1563463e-02   5.8225506e-02   4.2548436e-02   7.1432495e-02   9.7506314e-01   3.0000000e+00
   3.4000000e+01   3.7491200e+02   1.1379166e+00   8.1000000e+01   3.2200000e+02   1.4200000e+02   8.0536861e+00   4.6283372e+01   6.2541227e+00   1.5752530e+00   6.3379452e+00   1.3843309e+00   2.4760243e-02   5.1379489e-01   1.2994669e-02   1.4561032e-02   1.1476639e-02   1.2948063e-02   9.9511959e-01   4.0000000e+00
   3.4000000e+01   1.2860495e+02   1.4723582e+00   8.8876281e+01   2.4900000e+02   1.5700000e+02   8.6731500e+00   4.8182183e+01   6.0899334e+00   1.9542311e+00   5.6028628e+00   1.3272797e+00   4.7877032e-02   1.0859009e+00   3.0439405e-02   3.4528057e-02   2.0882764e-02   2.4336111e-02   9.8177752e-01   5.0000000e+00
   3.4000000e+01   7.8684072e+02   8.9130122e-01   6.7827554e+01   2.3800000e+02   1.7300000e+02   8.3574890e+00   3.1070022e+01   5.7185831e+00   1.5470940e+00   5.7323594e+00   1.7357701e+00   2.5232858e-02   5.7907066e-01   1.9469930e-02   2.2740016e-02   2.1766440e-02   2.5203891e-02   9.8792145e-01   6.0000000e+00
   3.4000000e+01  -6.1463811e+00   1.7945153e+00   9.3185290e+01   2.2100000e+02   2.4400000e+02   8.6690388e+00   6.3510595e+01   6.8220377e+00   3.3310110e+00   6.4072686e+00   1.8562176e+00   9.2937496e-02   3.4633596e+00   7.8826245e-02   1.1213754e-01   3.9996886e-02   6.2106781e-02   9.4808328e-01   7.0000000e+00
   3.4000000e+01   7.5017600e+02   8.4914747e-01   6.9000000e+01   2.5500000e+02   2.4400000e+02   8.3877407e+00   3.6241082e+01   6.0009621e+00   1.5536228e+00   5.6348496e+00   1.8296267e+00   2.9982633e-02   7.0736951e-01   1.9883857e-02   2.3544441e-02   2.3350396e-02   2.7243741e-02   9.8720549e-01   8.0000000e+00
   3.4000000e+01   5.7629675e+02   9.0315463e-01   7.4560221e+01   8.9000000e+01   3.1900000e+02   8.2533703e+00   4.2181659e+01   6.2734729e+00   1.4094875e+00   5.7205445e+00   1.5606269e+00   2.5288067e-02   5.2689204e-01   1.3089462e-02   1.4775771e-02   1.4436605e-02   1.6207313e-02   9.9385841e-01   1.3000000e+01
