   3.6235133e+00   2.0756550e+00  -1.5671200e+02
   3.6172076e+00   2.0723712e+00  -1.5571200e+02
   3.6109127e+00   2.0690959e+00  -1.5471200e+02
   3.6046286e+00   2.0658291e+00  -1.5371200e+02
   3.5983554e+00   2.0625708e+00  -1.5271200e+02
   3.5920930e+00   2.0593209e+00  -1.5171200e+02
   3.5858415e+00   2.0560796e+00  -1.5071200e+02
   3.5796007e+00   2.0528467e+00  -1.4971200e+02
   3.5733708e+00   2.0496222e+00  -1.4871200e+02
   3.5671517e+00   2.0464062e+00  -1.4771200e+02
   3.5609433e+00   2.0431987e+00  -1.4671200e+02
   3.5547458e+00   2.0399996e+00  -1.4571200e+02
   3.5485590e+00   2.0368089e+00  -1.4471200e+02
   3.5423830e+00   2.0336267e+00  -1.4371200e+02
   3.5362178e+00   2.0304529e+00  -1.4271200e+02
   3.5300633e+00   2.0272875e+00  -1.4171200e+02
   3.5239195e+00   2.0241305e+00  -1.4071200e+02
   3.5177865e+00   2.0209819e+00  -1.3971200e+02
   3.5116643e+00   2.0178417e+00  -1.3871200e+02
   3.5055527e+00   2.0147098e+00  -1.3771200e+02
   3.4994519e+00   2.0115864e+00  -1.3671200e+02
   3.4933618e+00   2.0084713e+00  -1.3571200e+02
   3.4872824e+00   2.0053646e+00  -1.3471200e+02
   3.4812137e+00   2.0022662e+00  -1.3371200e+02
   3.4751556e+00   1.9991762e+00  -1.3271200e+02
   3.4691083e+00   1.9960946e+00  -1.3171200e+02
   3.4630716e+00   1.9930213e+00  -1.3071200e+02
   3.4570456e+00   1.9899563e+00  -1.2971200e+02
   3.4510302e+00   1.9868996e+00  -1.2871200e+02
   3.4450255e+00   1.9838512e+00  -1.2771200e+02
   3.4390314e+00   1.9808112e+00  -1.2671200e+02
   3.4330480e+00   1.9777795e+00  -1.2571200e+02
   3.4270751e+00   1.9747560e+00  -1.2471200e+02
   3.4211129e+00   1.9717409e+00  -1.2371200e+02
   3.4151613e+00   1.9687340e+00  -1.2271200e+02
   3.4092204e+00   1.9657354e+00  -1.2171200e+02
   3.4032900e+00   1.9627451e+00  -1.2071200e+02
   3.3973702e+00   1.9597630e+00  -1.1971200e+02
   3.3914609e+00   1.9567892e+00  -1.1871200e+02
   3.3855623e+00   1.9538237e+00  -1.1771200e+02
   3.3796742e+00   1.9508664e+00  -1.1671200e+02
   3.3737966e+00   1.9479173e+00  -1.1571200e+02
   3.3679296e+00   1.9449764e+00  -1.1471200e+02
   3.3620732e+00   1.9420438e+00  -1.1371200e+02
   3.3562273e+00   1.9391194e+00  -1.1271200e+02
   3.3503919e+00   1.9362032e+00  -1.1171200e+02
   3.3445670e+00   1.9332952e+00  -1.1071200e+02
   3.3387527e+00   1.9303954e+00  -1.0971200e+02
   3.3329488e+00   1.9275038e+00  -1.0871200e+02
   3.3271554e+00   1.9246203e+00  -1.0771200e+02
   3.3213726e+00   1.9217450e+00  -1.0671200e+02
   3.3156002e+00   1.9188779e+00  -1.0571200e+02
   3.3098382e+00   1.9160190e+00  -1.0471200e+02
   3.3040868e+00   1.9131682e+00  -1.0371200e+02
   3.2983458e+00   1.9103256e+00  -1.0271200e+02
   3.2926152e+00   1.9074911e+00  -1.0171200e+02
   3.2868951e+00   1.9046647e+00  -1.0071200e+02
   3.2811854e+00   1.9018465e+00  -9.9712000e+01
   3.2754862e+00   1.8990364e+00  -9.8712000e+01
   3.2697974e+00   1.8962343e+00  -9.7712000e+01
   3.2641189e+00   1.8934404e+00  -9.6712000e+01
   3.2584509e+00   1.8906546e+00  -9.5712000e+01
   3.2527933e+00   1.8878769e+00  -9.4712000e+01
   3.2471461e+00   1.8851073e+00  -9.3712000e+01
   3.2415092e+00   1.8823458e+00  -9.2712000e+01
   3.2358827e+00   1.8795923e+00  -9.1712000e+01
   3.2302666e+00   1.8768469e+00  -9.0712000e+01
   3.2246609e+00   1.8741095e+00  -8.9712000e+01
   3.2190654e+00   1.8713802e+00  -8.8712000e+01
   3.2134804e+00   1.8686590e+00  -8.7712000e+01
   3.2079057e+00   1.8659458e+00  -8.6712000e+01
   3.2023412e+00   1.8632406e+00  -8.5712000e+01
   3.1967872e+00   1.8605434e+00  -8.4712000e+01
   3.1912434e+00   1.8578543e+00  -8.3712000e+01
   3.1857099e+00   1.8551731e+00  -8.2712000e+01
   3.1801867e+00   1.8525000e+00  -8.1712000e+01
   3.1746739e+00   1.8498349e+00  -8.0712000e+01
   3.1691713e+00   1.8471777e+00  -7.9712000e+01
   3.1636789e+00   1.8445286e+00  -7.8712000e+01
   3.1581969e+00   1.8418874e+00  -7.7712000e+01
   3.1527251e+00   1.8392542e+00  -7.6712000e+01
   3.1472635e+00   1.8366289e+00  -7.5712000e+01
   3.1418122e+00   1.8340116e+00  -7.4712000e+01
   3.1363711e+00   1.8314023e+00  -7.3712000e+01
   3.1309403e+00   1.8288009e+00  -7.2712000e+01
   3.1255196e+00   1.8262074e+00  -7.1712000e+01
   3.1201092e+00   1.8236219e+00  -7.0712000e+01
   3.1147090e+00   1.8210442e+00  -6.9712000e+01
   3.1093190e+00   1.8184745e+00  -6.8712000e+01
   3.1039392e+00   1.8159127e+00  -6.7712000e+01
   3.0985695e+00   1.8133588e+00  -6.6712000e+01
   3.0932100e+00   1.8108128e+00  -6.5712000e+01
   3.0878607e+00   1.8082747e+00  -6.4712000e+01
   3.0825216e+00   1.8057445e+00  -6.3712000e+01
   3.0771926e+00   1.8032222e+00  -6.2712000e+01
   3.0718737e+00   1.8007077e+00  -6.1712000e+01
   3.0665650e+00   1.7982010e+00  -6.0712000e+01
   3.0612664e+00   1.7957023e+00  -5.9712000e+01
   3.0559780e+00   1.7932114e+00  -5.8712000e+01
   3.0506996e+00   1.7907283e+00  -5.7712000e+01
   3.0454314e+00   1.7882530e+00  -5.6712000e+01
   3.0401732e+00   1.7857856e+00  -5.5712000e+01
   3.0349251e+00   1.7833260e+00  -5.4712000e+01
   3.0296872e+00   1.7808742e+00  -5.3712000e+01
   3.0244593e+00   1.7784302e+00  -5.2712000e+01
   3.0192414e+00   1.7759940e+00  -5.1712000e+01
   3.0140336e+00   1.7735656e+00  -5.0712000e+01
   3.0088359e+00   1.7711450e+00  -4.9712000e+01
   3.0036482e+00   1.7687322e+00  -4.8712000e+01
   2.9984706e+00   1.7663272e+00  -4.7712000e+01
   2.9933030e+00   1.7639299e+00  -4.6712000e+01
   2.9881454e+00   1.7615403e+00  -4.5712000e+01
   2.9829978e+00   1.7591586e+00  -4.4712000e+01
   2.9778602e+00   1.7567845e+00  -4.3712000e+01
   2.9727326e+00   1.7544182e+00  -4.2712000e+01
   2.9676150e+00   1.7520597e+00  -4.1712000e+01
   2.9625074e+00   1.7497088e+00  -4.0712000e+01
   2.9574098e+00   1.7473657e+00  -3.9712000e+01
   2.9523221e+00   1.7450303e+00  -3.8712000e+01
   2.9472444e+00   1.7427026e+00  -3.7712000e+01
   2.9421767e+00   1.7403826e+00  -3.6712000e+01
   2.9371189e+00   1.7380702e+00  -3.5712000e+01
   2.9320710e+00   1.7357656e+00  -3.4712000e+01
   2.9270331e+00   1.7334687e+00  -3.3712000e+01
   2.9220050e+00   1.7311794e+00  -3.2712000e+01
   2.9169869e+00   1.7288977e+00  -3.1712000e+01
   2.9119787e+00   1.7266238e+00  -3.0712000e+01
   2.9069804e+00   1.7243575e+00  -2.9712000e+01
   2.9019920e+00   1.7220988e+00  -2.8712000e+01
   2.8970135e+00   1.7198477e+00  -2.7712000e+01
   2.8920449e+00   1.7176043e+00  -2.6712000e+01
   2.8870861e+00   1.7153685e+00  -2.5712000e+01
   2.8821372e+00   1.7131404e+00  -2.4712000e+01
   2.8771981e+00   1.7109198e+00  -2.3712000e+01
   2.8722689e+00   1.7087068e+00  -2.2712000e+01
   2.8673495e+00   1.7065015e+00  -2.1712000e+01
   2.8624399e+00   1.7043037e+00  -2.0712000e+01
   2.8575402e+00   1.7021135e+00  -1.9712000e+01
   2.8526503e+00   1.6999309e+00  -1.8712000e+01
   2.8477702e+00   1.6977558e+00  -1.7712000e+01
   2.8428999e+00   1.6955883e+00  -1.6712000e+01
   2.8380393e+00   1.6934284e+00  -1.5712000e+01
   2.8331886e+00   1.6912760e+00  -1.4712000e+01
   2.8283477e+00   1.6891311e+00  -1.3712000e+01
   2.8235165e+00   1.6869938e+00  -1.2712000e+01
   2.8186950e+00   1.6848640e+00  -1.1712000e+01
   2.8138834e+00   1.6827418e+00  -1.0712000e+01
   2.8090814e+00   1.6806270e+00  -9.7120000e+00
   2.8042892e+00   1.6785198e+00  -8.7120000e+00
   2.7995068e+00   1.6764200e+00  -7.7120000e+00
   2.7947340e+00   1.6743278e+00  -6.7120000e+00
   2.7899710e+00   1.6722430e+00  -5.7120000e+00
   2.7852177e+00   1.6701657e+00  -4.7120000e+00
   2.7804741e+00   1.6680959e+00  -3.7120000e+00
   2.7757402e+00   1.6660335e+00  -2.7120000e+00
   2.7710159e+00   1.6639786e+00  -1.7120000e+00
   2.7663014e+00   1.6619312e+00  -7.1200000e-01
   2.7615965e+00   1.6598912e+00   2.8800000e-01
   2.7569013e+00   1.6578586e+00   1.2880000e+00
   2.7522157e+00   1.6558335e+00   2.2880000e+00
   2.7475398e+00   1.6538158e+00   3.2880000e+00
   2.7428735e+00   1.6518055e+00   4.2880000e+00
   2.7382168e+00   1.6498027e+00   5.2880000e+00
   2.7335698e+00   1.6478072e+00   6.2880000e+00
   2.7289324e+00   1.6458191e+00   7.2880000e+00
   2.7243045e+00   1.6438384e+00   8.2880000e+00
   2.7196863e+00   1.6418652e+00   9.2880000e+00
   2.7150777e+00   1.6398992e+00   1.0288000e+01
   2.7104787e+00   1.6379407e+00   1.1288000e+01
   2.7058892e+00   1.6359895e+00   1.2288000e+01
   2.7013093e+00   1.6340457e+00   1.3288000e+01
   2.6967390e+00   1.6321092e+00   1.4288000e+01
   2.6921783e+00   1.6301801e+00   1.5288000e+01
   2.6876270e+00   1.6282583e+00   1.6288000e+01
   2.6830854e+00   1.6263438e+00   1.7288000e+01
   2.6785532e+00   1.6244367e+00   1.8288000e+01
   2.6740306e+00   1.6225368e+00   1.9288000e+01
   2.6695175e+00   1.6206443e+00   2.0288000e+01
   2.6650139e+00   1.6187591e+00   2.1288000e+01
   2.6605198e+00   1.6168812e+00   2.2288000e+01
   2.6560352e+00   1.6150106e+00   2.3288000e+01
   2.6515601e+00   1.6131472e+00   2.4288000e+01
   2.6470944e+00   1.6112911e+00   2.5288000e+01
   2.6426382e+00   1.6094423e+00   2.6288000e+01
   2.6381915e+00   1.6076008e+00   2.7288000e+01
   2.6337543e+00   1.6057665e+00   2.8288000e+01
   2.6293265e+00   1.6039395e+00   2.9288000e+01
   2.6249081e+00   1.6021197e+00   3.0288000e+01
   2.6204992e+00   1.6003071e+00   3.1288000e+01
   2.6160997e+00   1.5985018e+00   3.2288000e+01
   2.6117096e+00   1.5967036e+00   3.3288000e+01
   2.6073289e+00   1.5949127e+00   3.4288000e+01
   2.6029576e+00   1.5931290e+00   3.5288000e+01
   2.5985958e+00   1.5913525e+00   3.6288000e+01
   2.5942433e+00   1.5895832e+00   3.7288000e+01
   2.5899001e+00   1.5878211e+00   3.8288000e+01
   2.5855664e+00   1.5860662e+00   3.9288000e+01
   2.5812420e+00   1.5843184e+00   4.0288000e+01
   2.5769270e+00   1.5825778e+00   4.1288000e+01
   2.5726213e+00   1.5808444e+00   4.2288000e+01
   2.5683250e+00   1.5791181e+00   4.3288000e+01
   2.5640380e+00   1.5773990e+00   4.4288000e+01
   2.5597603e+00   1.5756870e+00   4.5288000e+01
   2.5554919e+00   1.5739821e+00   4.6288000e+01
   2.5512329e+00   1.5722844e+00   4.7288000e+01
   2.5469831e+00   1.5705937e+00   4.8288000e+01
   2.5427427e+00   1.5689102e+00   4.9288000e+01
   2.5385115e+00   1.5672338e+00   5.0288000e+01
   2.5342896e+00   1.5655645e+00   5.1288000e+01
   2.5300770e+00   1.5639023e+00   5.2288000e+01
   2.5258737e+00   1.5622472e+00   5.3288000e+01
   2.5216796e+00   1.5605991e+00   5.4288000e+01
   2.5174947e+00   1.5589581e+00   5.5288000e+01
   2.5133191e+00   1.5573242e+00   5.6288000e+01
   2.5091527e+00   1.5556973e+00   5.7288000e+01
   2.5049956e+00   1.5540775e+00   5.8288000e+01
   2.5008477e+00   1.5524647e+00   5.9288000e+01
   2.4967090e+00   1.5508590e+00   6.0288000e+01
   2.4925794e+00   1.5492603e+00   6.1288000e+01
   2.4884591e+00   1.5476686e+00   6.2288000e+01
   2.4843480e+00   1.5460840e+00   6.3288000e+01
   2.4802460e+00   1.5445063e+00   6.4288000e+01
   2.4761533e+00   1.5429357e+00   6.5288000e+01
   2.4720697e+00   1.5413720e+00   6.6288000e+01
   2.4679952e+00   1.5398153e+00   6.7288000e+01
   2.4639299e+00   1.5382657e+00   6.8288000e+01
   2.4598737e+00   1.5367229e+00   6.9288000e+01
   2.4558267e+00   1.5351872e+00   7.0288000e+01
   2.4517888e+00   1.5336584e+00   7.1288000e+01
   2.4477600e+00   1.5321366e+00   7.2288000e+01
   2.4437403e+00   1.5306217e+00   7.3288000e+01
   2.4397298e+00   1.5291138e+00   7.4288000e+01
   2.4357283e+00   1.5276128e+00   7.5288000e+01
   2.4317359e+00   1.5261187e+00   7.6288000e+01
   2.4277526e+00   1.5246316e+00   7.7288000e+01
   2.4237784e+00   1.5231514e+00   7.8288000e+01
   2.4198132e+00   1.5216780e+00   7.9288000e+01
   2.4158571e+00   1.5202116e+00   8.0288000e+01
   2.4119101e+00   1.5187521e+00   8.1288000e+01
   2.4079720e+00   1.5172994e+00   8.2288000e+01
   2.4040431e+00   1.5158537e+00   8.3288000e+01
   2.4001231e+00   1.5144148e+00   8.4288000e+01
   2.3962122e+00   1.5129827e+00   8.5288000e+01
   2.3923103e+00   1.5115576e+00   8.6288000e+01
   2.3884173e+00   1.5101393e+00   8.7288000e+01
   2.3845334e+00   1.5087278e+00   8.8288000e+01
   2.3806585e+00   1.5073232e+00   8.9288000e+01
   2.3767925e+00   1.5059254e+00   9.0288000e+01
   2.3729356e+00   1.5045344e+00   9.1288000e+01
   2.3690876e+00   1.5031503e+00   9.2288000e+01
   2.3652485e+00   1.5017729e+00   9.3288000e+01
   2.3614184e+00   1.5004024e+00   9.4288000e+01
   2.3575972e+00   1.4990387e+00   9.5288000e+01
   2.3537850e+00   1.4976817e+00   9.6288000e+01
   2.3499817e+00   1.4963316e+00   9.7288000e+01
   2.3461874e+00   1.4949882e+00   9.8288000e+01
   2.3424019e+00   1.4936516e+00   9.9288000e+01
   2.3386253e+00   1.4923217e+00   1.0028800e+02
   2.3348577e+00   1.4909986e+00   1.0128800e+02
   2.3310989e+00   1.4896823e+00   1.0228800e+02
   2.3273490e+00   1.4883727e+00   1.0328800e+02
   2.3236080e+00   1.4870699e+00   1.0428800e+02
   2.3198759e+00   1.4857737e+00   1.0528800e+02
   2.3161526e+00   1.4844843e+00   1.0628800e+02
   2.3124381e+00   1.4832017e+00   1.0728800e+02
   2.3087325e+00   1.4819257e+00   1.0828800e+02
   2.3050358e+00   1.4806564e+00   1.0928800e+02
   2.3013479e+00   1.4793939e+00   1.1028800e+02
   2.2976688e+00   1.4781380e+00   1.1128800e+02
   2.2939985e+00   1.4768888e+00   1.1228800e+02
   2.2903370e+00   1.4756462e+00   1.1328800e+02
   2.2866843e+00   1.4744104e+00   1.1428800e+02
   2.2830404e+00   1.4731812e+00   1.1528800e+02
   2.2794053e+00   1.4719587e+00   1.1628800e+02
   2.2757789e+00   1.4707428e+00   1.1728800e+02
   2.2721613e+00   1.4695335e+00   1.1828800e+02
   2.2685525e+00   1.4683309e+00   1.1928800e+02
   2.2649525e+00   1.4671349e+00   1.2028800e+02
   2.2613611e+00   1.4659456e+00   1.2128800e+02
   2.2577786e+00   1.4647628e+00   1.2228800e+02
   2.2542047e+00   1.4635867e+00   1.2328800e+02
   2.2506396e+00   1.4624171e+00   1.2428800e+02
   2.2470832e+00   1.4612542e+00   1.2528800e+02
   2.2435354e+00   1.4600978e+00   1.2628800e+02
   2.2399964e+00   1.4589481e+00   1.2728800e+02
   2.2364661e+00   1.4578049e+00   1.2828800e+02
   2.2329445e+00   1.4566682e+00   1.2928800e+02
   2.2294315e+00   1.4555382e+00   1.3028800e+02
   2.2259272e+00   1.4544146e+00   1.3128800e+02
   2.2224316e+00   1.4532977e+00   1.3228800e+02
   2.2189446e+00   1.4521872e+00   1.3328800e+02
   2.2154663e+00   1.4510833e+00   1.3428800e+02
   2.2119966e+00   1.4499859e+00   1.3528800e+02
   2.2085355e+00   1.4488951e+00   1.3628800e+02
   2.2050830e+00   1.4478107e+00   1.3728800e+02
   2.2016392e+00   1.4467329e+00   1.3828800e+02
   2.1982040e+00   1.4456616e+00   1.3928800e+02
   2.1947773e+00   1.4445967e+00   1.4028800e+02
   2.1913593e+00   1.4435384e+00   1.4128800e+02
   2.1879498e+00   1.4424865e+00   1.4228800e+02
   2.1845490e+00   1.4414411e+00   1.4328800e+02
   2.1811567e+00   1.4404021e+00   1.4428800e+02
   2.1777729e+00   1.4393696e+00   1.4528800e+02
   2.1743977e+00   1.4383436e+00   1.4628800e+02
   2.1710311e+00   1.4373240e+00   1.4728800e+02
   2.1676730e+00   1.4363108e+00   1.4828800e+02
   2.1643234e+00   1.4353041e+00   1.4928800e+02
   2.1609823e+00   1.4343038e+00   1.5028800e+02
   2.1576498e+00   1.4333099e+00   1.5128800e+02
   2.1543257e+00   1.4323225e+00   1.5228800e+02
   2.1510102e+00   1.4313414e+00   1.5328800e+02
   2.1477032e+00   1.4303667e+00   1.5428800e+02
   2.1444046e+00   1.4293984e+00   1.5528800e+02
   2.1411145e+00   1.4284365e+00   1.5628800e+02
   2.1378329e+00   1.4274810e+00   1.5728800e+02
   2.1345597e+00   1.4265319e+00   1.5828800e+02
   2.1312950e+00   1.4255891e+00   1.5928800e+02
   2.1280388e+00   1.4246526e+00   1.6028800e+02
   2.1247910e+00   1.4237225e+00   1.6128800e+02
   2.1215516e+00   1.4227988e+00   1.6228800e+02
   2.1183206e+00   1.4218814e+00   1.6328800e+02
   2.1150981e+00   1.4209703e+00   1.6428800e+02
   2.1118840e+00   1.4200655e+00   1.6528800e+02
   2.1086782e+00   1.4191671e+00   1.6628800e+02
   2.1054809e+00   1.4182750e+00   1.6728800e+02
   2.1022919e+00   1.4173891e+00   1.6828800e+02
   2.0991113e+00   1.4165096e+00   1.6928800e+02
   2.0959391e+00   1.4156363e+00   1.7028800e+02
   2.0927753e+00   1.4147694e+00   1.7128800e+02
   2.0896198e+00   1.4139087e+00   1.7228800e+02
   2.0864726e+00   1.4130543e+00   1.7328800e+02
   2.0833338e+00   1.4122061e+00   1.7428800e+02
   2.0802033e+00   1.4113642e+00   1.7528800e+02
   2.0770812e+00   1.4105285e+00   1.7628800e+02
   2.0739674e+00   1.4096991e+00   1.7728800e+02
   2.0708618e+00   1.4088759e+00   1.7828800e+02
   2.0677646e+00   1.4080589e+00   1.7928800e+02
   2.0646757e+00   1.4072482e+00   1.8028800e+02
   2.0615950e+00   1.4064436e+00   1.8128800e+02
   2.0585226e+00   1.4056453e+00   1.8228800e+02
   2.0554585e+00   1.4048532e+00   1.8328800e+02
   2.0524027e+00   1.4040672e+00   1.8428800e+02
   2.0493551e+00   1.4032875e+00   1.8528800e+02
   2.0463158e+00   1.4025139e+00   1.8628800e+02
   2.0432847e+00   1.4017465e+00   1.8728800e+02
   2.0402618e+00   1.4009853e+00   1.8828800e+02
   2.0372472e+00   1.4002302e+00   1.8928800e+02
   2.0342408e+00   1.3994813e+00   1.9028800e+02
   2.0312426e+00   1.3987385e+00   1.9128800e+02
   2.0282525e+00   1.3980019e+00   1.9228800e+02
   2.0252707e+00   1.3972714e+00   1.9328800e+02
   2.0222971e+00   1.3965470e+00   1.9428800e+02
   2.0193316e+00   1.3958287e+00   1.9528800e+02
   2.0163744e+00   1.3951166e+00   1.9628800e+02
   2.0134252e+00   1.3944105e+00   1.9728800e+02
   2.0104843e+00   1.3937105e+00   1.9828800e+02
   2.0075515e+00   1.3930167e+00   1.9928800e+02
   2.0046268e+00   1.3923289e+00   2.0028800e+02
   2.0017103e+00   1.3916472e+00   2.0128800e+02
   1.9988018e+00   1.3909716e+00   2.0228800e+02
   1.9959015e+00   1.3903020e+00   2.0328800e+02
   1.9930093e+00   1.3896385e+00   2.0428800e+02
   1.9901253e+00   1.3889810e+00   2.0528800e+02
   1.9872493e+00   1.3883296e+00   2.0628800e+02
   1.9843814e+00   1.3876842e+00   2.0728800e+02
   1.9815215e+00   1.3870448e+00   2.0828800e+02
   1.9786698e+00   1.3864115e+00   2.0928800e+02
   1.9758261e+00   1.3857842e+00   2.1028800e+02
   1.9729905e+00   1.3851629e+00   2.1128800e+02
   1.9701629e+00   1.3845475e+00   2.1228800e+02
   1.9673433e+00   1.3839382e+00   2.1328800e+02
   1.9645318e+00   1.3833349e+00   2.1428800e+02
   1.9617283e+00   1.3827376e+00   2.1528800e+02
   1.9589329e+00   1.3821462e+00   2.1628800e+02
   1.9561454e+00   1.3815608e+00   2.1728800e+02
   1.9533659e+00   1.3809813e+00   2.1828800e+02
   1.9505945e+00   1.3804079e+00   2.1928800e+02
   1.9478310e+00   1.3798403e+00   2.2028800e+02
   1.9450755e+00   1.3792787e+00   2.2128800e+02
   1.9423280e+00   1.3787230e+00   2.2228800e+02
   1.9395885e+00   1.3781733e+00   2.2328800e+02
   1.9368569e+00   1.3776295e+00   2.2428800e+02
   1.9341332e+00   1.3770916e+00   2.2528800e+02
   1.9314175e+00   1.3765596e+00   2.2628800e+02
   1.9287097e+00   1.3760335e+00   2.2728800e+02
   1.9260099e+00   1.3755133e+00   2.2828800e+02
   1.9233179e+00   1.3749990e+00   2.2928800e+02
   1.9206339e+00   1.3744905e+00   2.3028800e+02
   1.9179578e+00   1.3739879e+00   2.3128800e+02
   1.9152896e+00   1.3734912e+00   2.3228800e+02
   1.9126293e+00   1.3730004e+00   2.3328800e+02
   1.9099768e+00   1.3725154e+00   2.3428800e+02
   1.9073322e+00   1.3720363e+00   2.3528800e+02
   1.9046955e+00   1.3715629e+00   2.3628800e+02
   1.9020667e+00   1.3710955e+00   2.3728800e+02
   1.8994457e+00   1.3706338e+00   2.3828800e+02
   1.8968325e+00   1.3701780e+00   2.3928800e+02
   1.8942272e+00   1.3697280e+00   2.4028800e+02
   1.8916297e+00   1.3692837e+00   2.4128800e+02
   1.8890400e+00   1.3688453e+00   2.4228800e+02
   1.8864581e+00   1.3684127e+00   2.4328800e+02
   1.8838841e+00   1.3679858e+00   2.4428800e+02
   1.8813178e+00   1.3675648e+00   2.4528800e+02
   1.8787593e+00   1.3671495e+00   2.4628800e+02
   1.8762086e+00   1.3667399e+00   2.4728800e+02
   1.8736657e+00   1.3663362e+00   2.4828800e+02
   1.8711305e+00   1.3659381e+00   2.4928800e+02
   1.8686031e+00   1.3655458e+00   2.5028800e+02
   1.8660835e+00   1.3651593e+00   2.5128800e+02
   1.8635716e+00   1.3647785e+00   2.5228800e+02
   1.8610674e+00   1.3644034e+00   2.5328800e+02
   1.8585709e+00   1.3640340e+00   2.5428800e+02
   1.8560822e+00   1.3636703e+00   2.5528800e+02
   1.8536012e+00   1.3633123e+00   2.5628800e+02
   1.8511279e+00   1.3629601e+00   2.5728800e+02
   1.8486623e+00   1.3626135e+00   2.5828800e+02
   1.8462043e+00   1.3622726e+00   2.5928800e+02
   1.8437541e+00   1.3619373e+00   2.6028800e+02
   1.8413115e+00   1.3616078e+00   2.6128800e+02
   1.8388766e+00   1.3612839e+00   2.6228800e+02
   1.8364494e+00   1.3609656e+00   2.6328800e+02
   1.8340298e+00   1.3606530e+00   2.6428800e+02
   1.8316179e+00   1.3603461e+00   2.6528800e+02
   1.8292135e+00   1.3600448e+00   2.6628800e+02
   1.8268169e+00   1.3597491e+00   2.6728800e+02
   1.8244278e+00   1.3594590e+00   2.6828800e+02
   1.8220463e+00   1.3591745e+00   2.6928800e+02
   1.8196725e+00   1.3588957e+00   2.7028800e+02
   1.8173063e+00   1.3586224e+00   2.7128800e+02
   1.8149476e+00   1.3583548e+00   2.7228800e+02
   1.8125965e+00   1.3580927e+00   2.7328800e+02
   1.8102530e+00   1.3578362e+00   2.7428800e+02
   1.8079171e+00   1.3575853e+00   2.7528800e+02
   1.8055887e+00   1.3573399e+00   2.7628800e+02
   1.8032679e+00   1.3571001e+00   2.7728800e+02
   1.8009546e+00   1.3568659e+00   2.7828800e+02
   1.7986489e+00   1.3566372e+00   2.7928800e+02
   1.7963506e+00   1.3564140e+00   2.8028800e+02
   1.7940600e+00   1.3561964e+00   2.8128800e+02
   1.7917768e+00   1.3559843e+00   2.8228800e+02
   1.7895011e+00   1.3557777e+00   2.8328800e+02
   1.7872329e+00   1.3555766e+00   2.8428800e+02
   1.7849722e+00   1.3553811e+00   2.8528800e+02
   1.7827190e+00   1.3551910e+00   2.8628800e+02
   1.7804733e+00   1.3550064e+00   2.8728800e+02
   1.7782351e+00   1.3548273e+00   2.8828800e+02
   1.7760043e+00   1.3546537e+00   2.8928800e+02
   1.7737809e+00   1.3544856e+00   2.9028800e+02
   1.7715650e+00   1.3543229e+00   2.9128800e+02
   1.7693565e+00   1.3541657e+00   2.9228800e+02
   1.7671555e+00   1.3540139e+00   2.9328800e+02
   1.7649619e+00   1.3538675e+00   2.9428800e+02
   1.7627757e+00   1.3537267e+00   2.9528800e+02
   1.7605969e+00   1.3535912e+00   2.9628800e+02
   1.7584255e+00   1.3534611e+00   2.9728800e+02
   1.7562615e+00   1.3533365e+00   2.9828800e+02
   1.7541049e+00   1.3532173e+00   2.9928800e+02
   1.7519556e+00   1.3531035e+00   3.0028800e+02
   1.7498138e+00   1.3529951e+00   3.0128800e+02
   1.7476792e+00   1.3528920e+00   3.0228800e+02
   1.7455521e+00   1.3527944e+00   3.0328800e+02
   1.7434323e+00   1.3527021e+00   3.0428800e+02
   1.7413198e+00   1.3526152e+00   3.0528800e+02
   1.7392146e+00   1.3525337e+00   3.0628800e+02
   1.7371168e+00   1.3524575e+00   3.0728800e+02
   1.7350263e+00   1.3523867e+00   3.0828800e+02
   1.7329431e+00   1.3523212e+00   3.0928800e+02
   1.7308672e+00   1.3522610e+00   3.1028800e+02
   1.7287986e+00   1.3522062e+00   3.1128800e+02
   1.7267372e+00   1.3521567e+00   3.1228800e+02
   1.7246832e+00   1.3521125e+00   3.1328800e+02
   1.7226364e+00   1.3520736e+00   3.1428800e+02
   1.7205969e+00   1.3520400e+00   3.1528800e+02
   1.7185646e+00   1.3520117e+00   3.1628800e+02
   1.7165396e+00   1.3519887e+00   3.1728800e+02
   1.7145218e+00   1.3519709e+00   3.1828800e+02
   1.7125112e+00   1.3519585e+00   3.1928800e+02
   1.7105079e+00   1.3519513e+00   3.2028800e+02
   1.7085118e+00   1.3519494e+00   3.2128800e+02
   1.7065229e+00   1.3519527e+00   3.2228800e+02
   1.7045412e+00   1.3519613e+00   3.2328800e+02
   1.7025667e+00   1.3519751e+00   3.2428800e+02
   1.7005993e+00   1.3519941e+00   3.2528800e+02
   1.6986392e+00   1.3520184e+00   3.2628800e+02
   1.6966862e+00   1.3520478e+00   3.2728800e+02
   1.6947404e+00   1.3520825e+00   3.2828800e+02
   1.6928017e+00   1.3521224e+00   3.2928800e+02
   1.6908702e+00   1.3521675e+00   3.3028800e+02
   1.6889458e+00   1.3522178e+00   3.3128800e+02
   1.6870285e+00   1.3522733e+00   3.3228800e+02
   1.6851184e+00   1.3523340e+00   3.3328800e+02
   1.6832154e+00   1.3523998e+00   3.3428800e+02
   1.6813195e+00   1.3524708e+00   3.3528800e+02
   1.6794307e+00   1.3525469e+00   3.3628800e+02
   1.6775490e+00   1.3526282e+00   3.3728800e+02
   1.6756743e+00   1.3527147e+00   3.3828800e+02
   1.6738068e+00   1.3528062e+00   3.3928800e+02
   1.6719463e+00   1.3529029e+00   3.4028800e+02
   1.6700929e+00   1.3530048e+00   3.4128800e+02
   1.6682465e+00   1.3531117e+00   3.4228800e+02
   1.6664072e+00   1.3532238e+00   3.4328800e+02
   1.6645749e+00   1.3533410e+00   3.4428800e+02
   1.6627497e+00   1.3534632e+00   3.4528800e+02
   1.6609315e+00   1.3535906e+00   3.4628800e+02
   1.6591203e+00   1.3537230e+00   3.4728800e+02
   1.6573161e+00   1.3538605e+00   3.4828800e+02
   1.6555189e+00   1.3540031e+00   3.4928800e+02
   1.6537287e+00   1.3541507e+00   3.5028800e+02
   1.6519455e+00   1.3543034e+00   3.5128800e+02
   1.6501693e+00   1.3544611e+00   3.5228800e+02
   1.6484000e+00   1.3546239e+00   3.5328800e+02
   1.6466377e+00   1.3547917e+00   3.5428800e+02
   1.6448823e+00   1.3549646e+00   3.5528800e+02
   1.6431339e+00   1.3551424e+00   3.5628800e+02
   1.6413925e+00   1.3553253e+00   3.5728800e+02
   1.6396580e+00   1.3555132e+00   3.5828800e+02
   1.6379304e+00   1.3557061e+00   3.5928800e+02
   1.6362097e+00   1.3559040e+00   3.6028800e+02
   1.6344959e+00   1.3561069e+00   3.6128800e+02
   1.6327890e+00   1.3563147e+00   3.6228800e+02
   1.6310891e+00   1.3565275e+00   3.6328800e+02
   1.6293960e+00   1.3567453e+00   3.6428800e+02
   1.6277098e+00   1.3569681e+00   3.6528800e+02
   1.6260304e+00   1.3571958e+00   3.6628800e+02
   1.6243579e+00   1.3574284e+00   3.6728800e+02
   1.6226923e+00   1.3576660e+00   3.6828800e+02
   1.6210335e+00   1.3579086e+00   3.6928800e+02
   1.6193816e+00   1.3581560e+00   3.7028800e+02
   1.6177365e+00   1.3584084e+00   3.7128800e+02
   1.6160982e+00   1.3586657e+00   3.7228800e+02
   1.6144668e+00   1.3589278e+00   3.7328800e+02
   1.6128421e+00   1.3591949e+00   3.7428800e+02
   1.6112243e+00   1.3594669e+00   3.7528800e+02
   1.6096132e+00   1.3597438e+00   3.7628800e+02
   1.6080090e+00   1.3600255e+00   3.7728800e+02
   1.6064115e+00   1.3603121e+00   3.7828800e+02
   1.6048208e+00   1.3606036e+00   3.7928800e+02
   1.6032368e+00   1.3608999e+00   3.8028800e+02
   1.6016597e+00   1.3612011e+00   3.8128800e+02
   1.6000892e+00   1.3615072e+00   3.8228800e+02
   1.5985255e+00   1.3618180e+00   3.8328800e+02
   1.5969686e+00   1.3621337e+00   3.8428800e+02
   1.5954183e+00   1.3624542e+00   3.8528800e+02
   1.5938748e+00   1.3627796e+00   3.8628800e+02
   1.5923380e+00   1.3631097e+00   3.8728800e+02
   1.5908079e+00   1.3634447e+00   3.8828800e+02
   1.5892845e+00   1.3637844e+00   3.8928800e+02
   1.5877677e+00   1.3641290e+00   3.9028800e+02
   1.5862577e+00   1.3644783e+00   3.9128800e+02
   1.5847543e+00   1.3648324e+00   3.9228800e+02
   1.5832576e+00   1.3651913e+00   3.9328800e+02
   1.5817676e+00   1.3655549e+00   3.9428800e+02
   1.5802842e+00   1.3659233e+00   3.9528800e+02
   1.5788074e+00   1.3662964e+00   3.9628800e+02
   1.5773373e+00   1.3666743e+00   3.9728800e+02
   1.5758738e+00   1.3670569e+00   3.9828800e+02
   1.5744169e+00   1.3674443e+00   3.9928800e+02
   1.5729667e+00   1.3678363e+00   4.0028800e+02
   1.5715230e+00   1.3682331e+00   4.0128800e+02
   1.5700859e+00   1.3686346e+00   4.0228800e+02
   1.5686555e+00   1.3690408e+00   4.0328800e+02
   1.5672316e+00   1.3694517e+00   4.0428800e+02
   1.5658142e+00   1.3698672e+00   4.0528800e+02
   1.5644035e+00   1.3702875e+00   4.0628800e+02
   1.5629993e+00   1.3707124e+00   4.0728800e+02
   1.5616016e+00   1.3711420e+00   4.0828800e+02
   1.5602105e+00   1.3715763e+00   4.0928800e+02
   1.5588259e+00   1.3720152e+00   4.1028800e+02
   1.5574479e+00   1.3724587e+00   4.1128800e+02
   1.5560764e+00   1.3729069e+00   4.1228800e+02
   1.5547114e+00   1.3733597e+00   4.1328800e+02
   1.5533528e+00   1.3738172e+00   4.1428800e+02
   1.5520008e+00   1.3742793e+00   4.1528800e+02
   1.5506553e+00   1.3747459e+00   4.1628800e+02
   1.5493163e+00   1.3752172e+00   4.1728800e+02
   1.5479837e+00   1.3756931e+00   4.1828800e+02
   1.5466576e+00   1.3761736e+00   4.1928800e+02
   1.5453379e+00   1.3766587e+00   4.2028800e+02
   1.5440247e+00   1.3771483e+00   4.2128800e+02
   1.5427180e+00   1.3776425e+00   4.2228800e+02
   1.5414177e+00   1.3781413e+00   4.2328800e+02
   1.5401238e+00   1.3786447e+00   4.2428800e+02
   1.5388363e+00   1.3791526e+00   4.2528800e+02
   1.5375553e+00   1.3796650e+00   4.2628800e+02
   1.5362806e+00   1.3801820e+00   4.2728800e+02
   1.5350124e+00   1.3807035e+00   4.2828800e+02
   1.5337505e+00   1.3812295e+00   4.2928800e+02
   1.5324950e+00   1.3817601e+00   4.3028800e+02
   1.5312459e+00   1.3822951e+00   4.3128800e+02
   1.5300032e+00   1.3828347e+00   4.3228800e+02
   1.5287668e+00   1.3833787e+00   4.3328800e+02
   1.5275368e+00   1.3839273e+00   4.3428800e+02
   1.5263131e+00   1.3844803e+00   4.3528800e+02
   1.5250957e+00   1.3850378e+00   4.3628800e+02
   1.5238847e+00   1.3855998e+00   4.3728800e+02
   1.5226800e+00   1.3861663e+00   4.3828800e+02
   1.5214816e+00   1.3867372e+00   4.3928800e+02
   1.5202895e+00   1.3873125e+00   4.4028800e+02
   1.5191038e+00   1.3878923e+00   4.4128800e+02
   1.5179243e+00   1.3884765e+00   4.4228800e+02
   1.5167511e+00   1.3890652e+00   4.4328800e+02
   1.5155841e+00   1.3896583e+00   4.4428800e+02
   1.5144235e+00   1.3902558e+00   4.4528800e+02
   1.5132690e+00   1.3908577e+00   4.4628800e+02
   1.5121209e+00   1.3914640e+00   4.4728800e+02
   1.5109790e+00   1.3920747e+00   4.4828800e+02
   1.5098433e+00   1.3926897e+00   4.4928800e+02
   1.5087139e+00   1.3933092e+00   4.5028800e+02
   1.5075906e+00   1.3939331e+00   4.5128800e+02
   1.5064736e+00   1.3945613e+00   4.5228800e+02
   1.5053628e+00   1.3951938e+00   4.5328800e+02
   1.5042582e+00   1.3958308e+00   4.5428800e+02
   1.5031598e+00   1.3964720e+00   4.5528800e+02
   1.5020676e+00   1.3971176e+00   4.5628800e+02
   1.5009815e+00   1.3977676e+00   4.5728800e+02
   1.4999016e+00   1.3984219e+00   4.5828800e+02
   1.4988279e+00   1.3990805e+00   4.5928800e+02
   1.4977603e+00   1.3997434e+00   4.6028800e+02
   1.4966989e+00   1.4004106e+00   4.6128800e+02
   1.4956436e+00   1.4010821e+00   4.6228800e+02
   1.4945944e+00   1.4017579e+00   4.6328800e+02
   1.4935514e+00   1.4024380e+00   4.6428800e+02
   1.4925144e+00   1.4031223e+00   4.6528800e+02
   1.4914836e+00   1.4038110e+00   4.6628800e+02
   1.4904589e+00   1.4045039e+00   4.6728800e+02
   1.4894403e+00   1.4052011e+00   4.6828800e+02
   1.4884277e+00   1.4059025e+00   4.6928800e+02
   1.4874213e+00   1.4066081e+00   4.7028800e+02
   1.4864209e+00   1.4073180e+00   4.7128800e+02
   1.4854265e+00   1.4080322e+00   4.7228800e+02
   1.4844382e+00   1.4087505e+00   4.7328800e+02
   1.4834560e+00   1.4094731e+00   4.7428800e+02
   1.4824798e+00   1.4101999e+00   4.7528800e+02
   1.4815096e+00   1.4109309e+00   4.7628800e+02
   1.4805455e+00   1.4116661e+00   4.7728800e+02
   1.4795873e+00   1.4124055e+00   4.7828800e+02
   1.4786352e+00   1.4131490e+00   4.7928800e+02
   1.4776891e+00   1.4138968e+00   4.8028800e+02
   1.4767489e+00   1.4146487e+00   4.8128800e+02
   1.4758148e+00   1.4154047e+00   4.8228800e+02
   1.4748866e+00   1.4161650e+00   4.8328800e+02
   1.4739644e+00   1.4169293e+00   4.8428800e+02
   1.4730481e+00   1.4176979e+00   4.8528800e+02
   1.4721378e+00   1.4184705e+00   4.8628800e+02
   1.4712335e+00   1.4192473e+00   4.8728800e+02
   1.4703351e+00   1.4200282e+00   4.8828800e+02
   1.4694426e+00   1.4208132e+00   4.8928800e+02
   1.4685561e+00   1.4216024e+00   4.9028800e+02
   1.4676754e+00   1.4223956e+00   4.9128800e+02
   1.4668007e+00   1.4231929e+00   4.9228800e+02
   1.4659319e+00   1.4239944e+00   4.9328800e+02
   1.4650689e+00   1.4247999e+00   4.9428800e+02
   1.4642119e+00   1.4256094e+00   4.9528800e+02
   1.4633607e+00   1.4264231e+00   4.9628800e+02
   1.4625154e+00   1.4272408e+00   4.9728800e+02
   1.4616760e+00   1.4280626e+00   4.9828800e+02
   1.4608424e+00   1.4288884e+00   4.9928800e+02
   1.4600146e+00   1.4297182e+00   5.0028800e+02
   1.4591927e+00   1.4305521e+00   5.0128800e+02
   1.4583767e+00   1.4313900e+00   5.0228800e+02
   1.4575664e+00   1.4322319e+00   5.0328800e+02
   1.4567620e+00   1.4330779e+00   5.0428800e+02
   1.4559634e+00   1.4339278e+00   5.0528800e+02
   1.4551706e+00   1.4347818e+00   5.0628800e+02
   1.4543835e+00   1.4356397e+00   5.0728800e+02
   1.4536023e+00   1.4365017e+00   5.0828800e+02
   1.4528268e+00   1.4373676e+00   5.0928800e+02
   1.4520571e+00   1.4382374e+00   5.1028800e+02
   1.4512932e+00   1.4391113e+00   5.1128800e+02
   1.4505350e+00   1.4399891e+00   5.1228800e+02
   1.4497826e+00   1.4408709e+00   5.1328800e+02
   1.4490359e+00   1.4417566e+00   5.1428800e+02
   1.4482950e+00   1.4426462e+00   5.1528800e+02
   1.4475597e+00   1.4435398e+00   5.1628800e+02
   1.4468302e+00   1.4444373e+00   5.1728800e+02
   1.4461064e+00   1.4453387e+00   5.1828800e+02
   1.4453883e+00   1.4462440e+00   5.1928800e+02
   1.4446759e+00   1.4471533e+00   5.2028800e+02
   1.4439692e+00   1.4480664e+00   5.2128800e+02
   1.4432681e+00   1.4489834e+00   5.2228800e+02
   1.4425728e+00   1.4499043e+00   5.2328800e+02
   1.4418830e+00   1.4508291e+00   5.2428800e+02
   1.4411990e+00   1.4517578e+00   5.2528800e+02
   1.4405206e+00   1.4526903e+00   5.2628800e+02
   1.4398478e+00   1.4536267e+00   5.2728800e+02
   1.4391807e+00   1.4545669e+00   5.2828800e+02
   1.4385192e+00   1.4555110e+00   5.2928800e+02
   1.4378633e+00   1.4564589e+00   5.3028800e+02
   1.4372130e+00   1.4574106e+00   5.3128800e+02
   1.4365683e+00   1.4583662e+00   5.3228800e+02
   1.4359292e+00   1.4593255e+00   5.3328800e+02
   1.4352957e+00   1.4602887e+00   5.3428800e+02
   1.4346678e+00   1.4612557e+00   5.3528800e+02
   1.4340455e+00   1.4622265e+00   5.3628800e+02
   1.4334287e+00   1.4632011e+00   5.3728800e+02
   1.4328175e+00   1.4641794e+00   5.3828800e+02
   1.4322118e+00   1.4651615e+00   5.3928800e+02
   1.4316117e+00   1.4661474e+00   5.4028800e+02
   1.4310171e+00   1.4671371e+00   5.4128800e+02
   1.4304280e+00   1.4681305e+00   5.4228800e+02
   1.4298444e+00   1.4691277e+00   5.4328800e+02
   1.4292664e+00   1.4701286e+00   5.4428800e+02
   1.4286938e+00   1.4711332e+00   5.4528800e+02
   1.4281268e+00   1.4721416e+00   5.4628800e+02
   1.4275652e+00   1.4731537e+00   5.4728800e+02
   1.4270091e+00   1.4741695e+00   5.4828800e+02
   1.4264585e+00   1.4751890e+00   5.4928800e+02
   1.4259134e+00   1.4762122e+00   5.5028800e+02
   1.4253737e+00   1.4772391e+00   5.5128800e+02
   1.4248394e+00   1.4782697e+00   5.5228800e+02
   1.4243106e+00   1.4793039e+00   5.5328800e+02
   1.4237873e+00   1.4803419e+00   5.5428800e+02
   1.4232693e+00   1.4813835e+00   5.5528800e+02
   1.4227568e+00   1.4824287e+00   5.5628800e+02
   1.4222497e+00   1.4834777e+00   5.5728800e+02
   1.4217480e+00   1.4845302e+00   5.5828800e+02
   1.4212517e+00   1.4855864e+00   5.5928800e+02
   1.4207608e+00   1.4866463e+00   5.6028800e+02
   1.4202752e+00   1.4877097e+00   5.6128800e+02
   1.4197951e+00   1.4887768e+00   5.6228800e+02
   1.4193203e+00   1.4898475e+00   5.6328800e+02
   1.4188508e+00   1.4909218e+00   5.6428800e+02
   1.4183867e+00   1.4919997e+00   5.6528800e+02
   1.4179280e+00   1.4930812e+00   5.6628800e+02
   1.4174745e+00   1.4941662e+00   5.6728800e+02
   1.4170264e+00   1.4952549e+00   5.6828800e+02
   1.4165837e+00   1.4963471e+00   5.6928800e+02
   1.4161462e+00   1.4974429e+00   5.7028800e+02
   1.4157141e+00   1.4985422e+00   5.7128800e+02
   1.4152872e+00   1.4996451e+00   5.7228800e+02
   1.4148656e+00   1.5007516e+00   5.7328800e+02
   1.4144493e+00   1.5018615e+00   5.7428800e+02
   1.4140383e+00   1.5029750e+00   5.7528800e+02
   1.4136326e+00   1.5040921e+00   5.7628800e+02
   1.4132321e+00   1.5052126e+00   5.7728800e+02
   1.4128368e+00   1.5063367e+00   5.7828800e+02
   1.4124468e+00   1.5074642e+00   5.7928800e+02
   1.4120621e+00   1.5085953e+00   5.8028800e+02
   1.4116825e+00   1.5097298e+00   5.8128800e+02
   1.4113082e+00   1.5108678e+00   5.8228800e+02
   1.4109391e+00   1.5120093e+00   5.8328800e+02
   1.4105752e+00   1.5131543e+00   5.8428800e+02
   1.4102165e+00   1.5143027e+00   5.8528800e+02
   1.4098630e+00   1.5154546e+00   5.8628800e+02
   1.4095146e+00   1.5166099e+00   5.8728800e+02
   1.4091715e+00   1.5177687e+00   5.8828800e+02
   1.4088335e+00   1.5189309e+00   5.8928800e+02
   1.4085007e+00   1.5200966e+00   5.9028800e+02
   1.4081730e+00   1.5212656e+00   5.9128800e+02
   1.4078504e+00   1.5224381e+00   5.9228800e+02
   1.4075330e+00   1.5236140e+00   5.9328800e+02
   1.4072208e+00   1.5247932e+00   5.9428800e+02
   1.4069136e+00   1.5259759e+00   5.9528800e+02
   1.4066116e+00   1.5271620e+00   5.9628800e+02
   1.4063146e+00   1.5283514e+00   5.9728800e+02
   1.4060228e+00   1.5295442e+00   5.9828800e+02
   1.4057360e+00   1.5307404e+00   5.9928800e+02
   1.4054544e+00   1.5319400e+00   6.0028800e+02
   1.4051778e+00   1.5331429e+00   6.0128800e+02
   1.4049063e+00   1.5343491e+00   6.0228800e+02
   1.4046398e+00   1.5355587e+00   6.0328800e+02
   1.4043784e+00   1.5367716e+00   6.0428800e+02
   1.4041220e+00   1.5379878e+00   6.0528800e+02
   1.4038707e+00   1.5392074e+00   6.0628800e+02
   1.4036244e+00   1.5404303e+00   6.0728800e+02
   1.4033831e+00   1.5416564e+00   6.0828800e+02
   1.4031468e+00   1.5428859e+00   6.0928800e+02
   1.4029156e+00   1.5441187e+00   6.1028800e+02
   1.4026893e+00   1.5453547e+00   6.1128800e+02
   1.4024680e+00   1.5465940e+00   6.1228800e+02
   1.4022517e+00   1.5478366e+00   6.1328800e+02
   1.4020404e+00   1.5490825e+00   6.1428800e+02
   1.4018341e+00   1.5503316e+00   6.1528800e+02
   1.4016327e+00   1.5515840e+00   6.1628800e+02
   1.4014362e+00   1.5528396e+00   6.1728800e+02
   1.4012447e+00   1.5540985e+00   6.1828800e+02
   1.4010582e+00   1.5553606e+00   6.1928800e+02
   1.4008766e+00   1.5566259e+00   6.2028800e+02
   1.4006998e+00   1.5578944e+00   6.2128800e+02
   1.4005281e+00   1.5591661e+00   6.2228800e+02
   1.4003612e+00   1.5604411e+00   6.2328800e+02
   1.4001992e+00   1.5617192e+00   6.2428800e+02
   1.4000421e+00   1.5630005e+00   6.2528800e+02
   1.3998899e+00   1.5642851e+00   6.2628800e+02
   1.3997425e+00   1.5655727e+00   6.2728800e+02
   1.3996001e+00   1.5668636e+00   6.2828800e+02
   1.3994625e+00   1.5681576e+00   6.2928800e+02
   1.3993297e+00   1.5694548e+00   6.3028800e+02
   1.3992018e+00   1.5707551e+00   6.3128800e+02
   1.3990787e+00   1.5720586e+00   6.3228800e+02
   1.3989605e+00   1.5733652e+00   6.3328800e+02
   1.3988471e+00   1.5746749e+00   6.3428800e+02
   1.3987385e+00   1.5759877e+00   6.3528800e+02
   1.3986347e+00   1.5773037e+00   6.3628800e+02
   1.3985357e+00   1.5786228e+00   6.3728800e+02
   1.3984415e+00   1.5799449e+00   6.3828800e+02
   1.3983521e+00   1.5812702e+00   6.3928800e+02
   1.3982674e+00   1.5825986e+00   6.4028800e+02
   1.3981876e+00   1.5839300e+00   6.4128800e+02
   1.3981124e+00   1.5852645e+00   6.4228800e+02
   1.3980421e+00   1.5866021e+00   6.4328800e+02
   1.3979765e+00   1.5879427e+00   6.4428800e+02
   1.3979156e+00   1.5892864e+00   6.4528800e+02
   1.3978594e+00   1.5906331e+00   6.4628800e+02
   1.3978080e+00   1.5919829e+00   6.4728800e+02
   1.3977613e+00   1.5933357e+00   6.4828800e+02
   1.3977193e+00   1.5946915e+00   6.4928800e+02
   1.3976820e+00   1.5960504e+00   6.5028800e+02
   1.3976494e+00   1.5974123e+00   6.5128800e+02
   1.3976215e+00   1.5987771e+00   6.5228800e+02
   1.3975982e+00   1.6001450e+00   6.5328800e+02
   1.3975797e+00   1.6015159e+00   6.5428800e+02
   1.3975658e+00   1.6028897e+00   6.5528800e+02
   1.3975565e+00   1.6042666e+00   6.5628800e+02
   1.3975519e+00   1.6056464e+00   6.5728800e+02
   1.3975519e+00   1.6070291e+00   6.5828800e+02
   1.3975566e+00   1.6084148e+00   6.5928800e+02
   1.3975658e+00   1.6098035e+00   6.6028800e+02
   1.3975797e+00   1.6111951e+00   6.6128800e+02
   1.3975982e+00   1.6125897e+00   6.6228800e+02
   1.3976213e+00   1.6139872e+00   6.6328800e+02
   1.3976490e+00   1.6153876e+00   6.6428800e+02
   1.3976813e+00   1.6167909e+00   6.6528800e+02
   1.3977182e+00   1.6181971e+00   6.6628800e+02
   1.3977596e+00   1.6196063e+00   6.6728800e+02
   1.3978056e+00   1.6210183e+00   6.6828800e+02
   1.3978562e+00   1.6224333e+00   6.6928800e+02
   1.3979113e+00   1.6238511e+00   6.7028800e+02
   1.3979709e+00   1.6252718e+00   6.7128800e+02
   1.3980351e+00   1.6266953e+00   6.7228800e+02
   1.3981038e+00   1.6281217e+00   6.7328800e+02
   1.3981770e+00   1.6295510e+00   6.7428800e+02
   1.3982547e+00   1.6309831e+00   6.7528800e+02
   1.3983369e+00   1.6324181e+00   6.7628800e+02
   1.3984236e+00   1.6338559e+00   6.7728800e+02
   1.3985148e+00   1.6352965e+00   6.7828800e+02
   1.3986105e+00   1.6367400e+00   6.7928800e+02
   1.3987106e+00   1.6381863e+00   6.8028800e+02
   1.3988152e+00   1.6396354e+00   6.8128800e+02
   1.3989243e+00   1.6410872e+00   6.8228800e+02
   1.3990378e+00   1.6425419e+00   6.8328800e+02
   1.3991558e+00   1.6439994e+00   6.8428800e+02
   1.3992782e+00   1.6454596e+00   6.8528800e+02
   1.3994050e+00   1.6469226e+00   6.8628800e+02
   1.3995362e+00   1.6483884e+00   6.8728800e+02
   1.3996718e+00   1.6498570e+00   6.8828800e+02
   1.3998119e+00   1.6513283e+00   6.8928800e+02
   1.3999563e+00   1.6528023e+00   6.9028800e+02
   1.4001051e+00   1.6542791e+00   6.9128800e+02
   1.4002583e+00   1.6557586e+00   6.9228800e+02
   1.4004159e+00   1.6572409e+00   6.9328800e+02
   1.4005778e+00   1.6587258e+00   6.9428800e+02
   1.4007441e+00   1.6602135e+00   6.9528800e+02
   1.4009148e+00   1.6617039e+00   6.9628800e+02
   1.4010897e+00   1.6631970e+00   6.9728800e+02
   1.4012690e+00   1.6646928e+00   6.9828800e+02
   1.4014527e+00   1.6661912e+00   6.9928800e+02
   1.4016406e+00   1.6676924e+00   7.0028800e+02
   1.4018329e+00   1.6691962e+00   7.0128800e+02
   1.4020295e+00   1.6707027e+00   7.0228800e+02
   1.4022303e+00   1.6722118e+00   7.0328800e+02
   1.4024355e+00   1.6737236e+00   7.0428800e+02
   1.4026449e+00   1.6752380e+00   7.0528800e+02
   1.4028586e+00   1.6767551e+00   7.0628800e+02
   1.4030766e+00   1.6782748e+00   7.0728800e+02
   1.4032988e+00   1.6797971e+00   7.0828800e+02
   1.4035253e+00   1.6813221e+00   7.0928800e+02
   1.4037560e+00   1.6828496e+00   7.1028800e+02
   1.4039909e+00   1.6843798e+00   7.1128800e+02
   1.4042301e+00   1.6859126e+00   7.1228800e+02
   1.4044735e+00   1.6874479e+00   7.1328800e+02
   1.4047211e+00   1.6889858e+00   7.1428800e+02
   1.4049729e+00   1.6905264e+00   7.1528800e+02
   1.4052289e+00   1.6920694e+00   7.1628800e+02
   1.4054891e+00   1.6936151e+00   7.1728800e+02
   1.4057535e+00   1.6951633e+00   7.1828800e+02
   1.4060220e+00   1.6967140e+00   7.1928800e+02
   1.4062947e+00   1.6982673e+00   7.2028800e+02
   1.4065716e+00   1.6998231e+00   7.2128800e+02
   1.4068526e+00   1.7013815e+00   7.2228800e+02
   1.4071377e+00   1.7029424e+00   7.2328800e+02
   1.4074270e+00   1.7045058e+00   7.2428800e+02
   1.4077204e+00   1.7060717e+00   7.2528800e+02
   1.4080180e+00   1.7076401e+00   7.2628800e+02
   1.4083196e+00   1.7092110e+00   7.2728800e+02
   1.4086254e+00   1.7107844e+00   7.2828800e+02
   1.4089352e+00   1.7123603e+00   7.2928800e+02
   1.4092491e+00   1.7139386e+00   7.3028800e+02
   1.4095672e+00   1.7155194e+00   7.3128800e+02
   1.4098892e+00   1.7171027e+00   7.3228800e+02
   1.4102154e+00   1.7186884e+00   7.3328800e+02
   1.4105456e+00   1.7202766e+00   7.3428800e+02
   1.4108799e+00   1.7218672e+00   7.3528800e+02
   1.4112182e+00   1.7234603e+00   7.3628800e+02
   1.4115605e+00   1.7250557e+00   7.3728800e+02
   1.4119069e+00   1.7266536e+00   7.3828800e+02
   1.4122573e+00   1.7282539e+00   7.3928800e+02
   1.4126117e+00   1.7298567e+00   7.4028800e+02
   1.4129701e+00   1.7314618e+00   7.4128800e+02
   1.4133325e+00   1.7330693e+00   7.4228800e+02
   1.4136988e+00   1.7346792e+00   7.4328800e+02
   1.4140692e+00   1.7362915e+00   7.4428800e+02
   1.4144435e+00   1.7379061e+00   7.4528800e+02
   1.4148219e+00   1.7395231e+00   7.4628800e+02
   1.4152041e+00   1.7411425e+00   7.4728800e+02
   1.4155903e+00   1.7427642e+00   7.4828800e+02
   1.4159805e+00   1.7443883e+00   7.4928800e+02
   1.4163746e+00   1.7460147e+00   7.5028800e+02
   1.4167726e+00   1.7476434e+00   7.5128800e+02
   1.4171746e+00   1.7492745e+00   7.5228800e+02
   1.4175804e+00   1.7509079e+00   7.5328800e+02
   1.4179902e+00   1.7525436e+00   7.5428800e+02
   1.4184038e+00   1.7541816e+00   7.5528800e+02
   1.4188214e+00   1.7558219e+00   7.5628800e+02
   1.4192428e+00   1.7574645e+00   7.5728800e+02
   1.4196681e+00   1.7591093e+00   7.5828800e+02
   1.4200973e+00   1.7607565e+00   7.5928800e+02
   1.4205303e+00   1.7624059e+00   7.6028800e+02
   1.4209672e+00   1.7640576e+00   7.6128800e+02
   1.4214079e+00   1.7657115e+00   7.6228800e+02
   1.4218525e+00   1.7673677e+00   7.6328800e+02
   1.4223009e+00   1.7690262e+00   7.6428800e+02
   1.4227531e+00   1.7706868e+00   7.6528800e+02
   1.4232091e+00   1.7723497e+00   7.6628800e+02
   1.4236690e+00   1.7740148e+00   7.6728800e+02
   1.4241326e+00   1.7756822e+00   7.6828800e+02
   1.4246000e+00   1.7773517e+00   7.6928800e+02
   1.4250712e+00   1.7790235e+00   7.7028800e+02
   1.4255462e+00   1.7806974e+00   7.7128800e+02
   1.4260249e+00   1.7823736e+00   7.7228800e+02
   1.4265074e+00   1.7840519e+00   7.7328800e+02
   1.4269937e+00   1.7857324e+00   7.7428800e+02
   1.4274837e+00   1.7874150e+00   7.7528800e+02
   1.4279774e+00   1.7890998e+00   7.7628800e+02
   1.4284749e+00   1.7907868e+00   7.7728800e+02
   1.4289761e+00   1.7924759e+00   7.7828800e+02
   1.4294810e+00   1.7941672e+00   7.7928800e+02
   1.4299896e+00   1.7958606e+00   7.8028800e+02
   1.4305019e+00   1.7975561e+00   7.8128800e+02
   1.4310179e+00   1.7992538e+00   7.8228800e+02
   1.4315376e+00   1.8009535e+00   7.8328800e+02
   1.4320609e+00   1.8026554e+00   7.8428800e+02
   1.4325879e+00   1.8043594e+00   7.8528800e+02
   1.4331186e+00   1.8060654e+00   7.8628800e+02
   1.4336530e+00   1.8077736e+00   7.8728800e+02
   1.4341909e+00   1.8094838e+00   7.8828800e+02
   1.4347326e+00   1.8111961e+00   7.8928800e+02
   1.4352778e+00   1.8129105e+00   7.9028800e+02
   1.4358267e+00   1.8146269e+00   7.9128800e+02
   1.4363792e+00   1.8163454e+00   7.9228800e+02
   1.4369352e+00   1.8180659e+00   7.9328800e+02
   1.4374949e+00   1.8197884e+00   7.9428800e+02
   1.4380582e+00   1.8215130e+00   7.9528800e+02
   1.4386251e+00   1.8232397e+00   7.9628800e+02
   1.4391955e+00   1.8249683e+00   7.9728800e+02
   1.4397695e+00   1.8266989e+00   7.9828800e+02
   1.4403471e+00   1.8284316e+00   7.9928800e+02
   1.4409282e+00   1.8301663e+00   8.0028800e+02
   1.4415129e+00   1.8319029e+00   8.0128800e+02
   1.4421011e+00   1.8336415e+00   8.0228800e+02
   1.4426928e+00   1.8353821e+00   8.0328800e+02
   1.4432881e+00   1.8371247e+00   8.0428800e+02
   1.4438869e+00   1.8388692e+00   8.0528800e+02
   1.4444892e+00   1.8406157e+00   8.0628800e+02
   1.4450950e+00   1.8423642e+00   8.0728800e+02
   1.4457042e+00   1.8441146e+00   8.0828800e+02
   1.4463170e+00   1.8458669e+00   8.0928800e+02
   1.4469332e+00   1.8476212e+00   8.1028800e+02
   1.4475529e+00   1.8493774e+00   8.1128800e+02
   1.4481761e+00   1.8511354e+00   8.1228800e+02
   1.4488027e+00   1.8528955e+00   8.1328800e+02
   1.4494328e+00   1.8546574e+00   8.1428800e+02
   1.4500663e+00   1.8564212e+00   8.1528800e+02
   1.4507032e+00   1.8581869e+00   8.1628800e+02
   1.4513436e+00   1.8599544e+00   8.1728800e+02
   1.4519874e+00   1.8617239e+00   8.1828800e+02
   1.4526345e+00   1.8634952e+00   8.1928800e+02
   1.4532851e+00   1.8652684e+00   8.2028800e+02
   1.4539391e+00   1.8670434e+00   8.2128800e+02
   1.4545965e+00   1.8688203e+00   8.2228800e+02
   1.4552572e+00   1.8705991e+00   8.2328800e+02
   1.4559213e+00   1.8723796e+00   8.2428800e+02
   1.4565888e+00   1.8741620e+00   8.2528800e+02
   1.4572596e+00   1.8759462e+00   8.2628800e+02
   1.4579338e+00   1.8777322e+00   8.2728800e+02
   1.4586113e+00   1.8795201e+00   8.2828800e+02
   1.4592921e+00   1.8813097e+00   8.2928800e+02
   1.4599763e+00   1.8831011e+00   8.3028800e+02
   1.4606638e+00   1.8848943e+00   8.3128800e+02
   1.4613546e+00   1.8866893e+00   8.3228800e+02
   1.4620487e+00   1.8884861e+00   8.3328800e+02
   1.4627461e+00   1.8902846e+00   8.3428800e+02
   1.4634467e+00   1.8920849e+00   8.3528800e+02
   1.4641507e+00   1.8938870e+00   8.3628800e+02
   1.4648579e+00   1.8956908e+00   8.3728800e+02
   1.4655684e+00   1.8974963e+00   8.3828800e+02
   1.4662821e+00   1.8993036e+00   8.3928800e+02
   1.4669991e+00   1.9011126e+00   8.4028800e+02
   1.4677193e+00   1.9029233e+00   8.4128800e+02
   1.4684428e+00   1.9047357e+00   8.4228800e+02
   1.4691695e+00   1.9065498e+00   8.4328800e+02
   1.4698994e+00   1.9083656e+00   8.4428800e+02
   1.4706325e+00   1.9101832e+00   8.4528800e+02
   1.4713688e+00   1.9120024e+00   8.4628800e+02
   1.4721083e+00   1.9138232e+00   8.4728800e+02
   1.4728510e+00   1.9156458e+00   8.4828800e+02
   1.4735969e+00   1.9174700e+00   8.4928800e+02
   1.4743459e+00   1.9192959e+00   8.5028800e+02
   1.4750981e+00   1.9211234e+00   8.5128800e+02
   1.4758535e+00   1.9229526e+00   8.5228800e+02
   1.4766120e+00   1.9247834e+00   8.5328800e+02
   1.4773736e+00   1.9266158e+00   8.5428800e+02
   1.4781384e+00   1.9284499e+00   8.5528800e+02
   1.4789063e+00   1.9302855e+00   8.5628800e+02
   1.4796773e+00   1.9321228e+00   8.5728800e+02
   1.4804515e+00   1.9339617e+00   8.5828800e+02
   1.4812287e+00   1.9358022e+00   8.5928800e+02
   1.4820090e+00   1.9376443e+00   8.6028800e+02
   1.4827924e+00   1.9394879e+00   8.6128800e+02
   1.4835789e+00   1.9413332e+00   8.6228800e+02
   1.4843685e+00   1.9431800e+00   8.6328800e+02
   1.4851611e+00   1.9450283e+00   8.6428800e+02
   1.4859568e+00   1.9468782e+00   8.6528800e+02
   1.4867555e+00   1.9487297e+00   8.6628800e+02
   1.4875573e+00   1.9505827e+00   8.6728800e+02
   1.4883621e+00   1.9524373e+00   8.6828800e+02
   1.4891700e+00   1.9542933e+00   8.6928800e+02
   1.4899808e+00   1.9561509e+00   8.7028800e+02
   1.4907947e+00   1.9580100e+00   8.7128800e+02
   1.4916116e+00   1.9598707e+00   8.7228800e+02
   1.4924314e+00   1.9617328e+00   8.7328800e+02
   1.4932543e+00   1.9635964e+00   8.7428800e+02
   1.4940801e+00   1.9654615e+00   8.7528800e+02
   1.4949089e+00   1.9673281e+00   8.7628800e+02
   1.4957407e+00   1.9691961e+00   8.7728800e+02
   1.4965754e+00   1.9710656e+00   8.7828800e+02
   1.4974131e+00   1.9729366e+00   8.7928800e+02
   1.4982537e+00   1.9748090e+00   8.8028800e+02
   1.4990972e+00   1.9766829e+00   8.8128800e+02
   1.4999437e+00   1.9785582e+00   8.8228800e+02
   1.5007931e+00   1.9804350e+00   8.8328800e+02
   1.5016454e+00   1.9823132e+00   8.8428800e+02
   1.5025006e+00   1.9841928e+00   8.8528800e+02
   1.5033587e+00   1.9860738e+00   8.8628800e+02
   1.5042197e+00   1.9879562e+00   8.8728800e+02
   1.5050836e+00   1.9898400e+00   8.8828800e+02
   1.5059503e+00   1.9917252e+00   8.8928800e+02
   1.5068199e+00   1.9936118e+00   8.9028800e+02
   1.5076924e+00   1.9954998e+00   8.9128800e+02
   1.5085677e+00   1.9973891e+00   8.9228800e+02
   1.5094459e+00   1.9992798e+00   8.9328800e+02
   1.5103269e+00   2.0011719e+00   8.9428800e+02
   1.5112107e+00   2.0030653e+00   8.9528800e+02
   1.5120973e+00   2.0049601e+00   8.9628800e+02
   1.5129868e+00   2.0068562e+00   8.9728800e+02
   1.5138790e+00   2.0087536e+00   8.9828800e+02
   1.5147741e+00   2.0106524e+00   8.9928800e+02
   1.5156719e+00   2.0125524e+00   9.0028800e+02
   1.5165726e+00   2.0144538e+00   9.0128800e+02
   1.5174760e+00   2.0163565e+00   9.0228800e+02
   1.5183821e+00   2.0182605e+00   9.0328800e+02
   1.5192910e+00   2.0201657e+00   9.0428800e+02
   1.5202027e+00   2.0220723e+00   9.0528800e+02
   1.5211171e+00   2.0239801e+00   9.0628800e+02
   1.5220343e+00   2.0258892e+00   9.0728800e+02
   1.5229541e+00   2.0277996e+00   9.0828800e+02
   1.5238767e+00   2.0297112e+00   9.0928800e+02
   1.5248021e+00   2.0316241e+00   9.1028800e+02
   1.5257301e+00   2.0335382e+00   9.1128800e+02
   1.5266608e+00   2.0354535e+00   9.1228800e+02
   1.5275942e+00   2.0373701e+00   9.1328800e+02
   1.5285303e+00   2.0392879e+00   9.1428800e+02
   1.5294690e+00   2.0412069e+00   9.1528800e+02
   1.5304104e+00   2.0431271e+00   9.1628800e+02
   1.5313545e+00   2.0450485e+00   9.1728800e+02
   1.5323012e+00   2.0469711e+00   9.1828800e+02
   1.5332506e+00   2.0488949e+00   9.1928800e+02
   1.5342026e+00   2.0508199e+00   9.2028800e+02
   1.5351573e+00   2.0527461e+00   9.2128800e+02
   1.5361145e+00   2.0546734e+00   9.2228800e+02
   1.5370744e+00   2.0566019e+00   9.2328800e+02
   1.5380369e+00   2.0585315e+00   9.2428800e+02
   1.5390020e+00   2.0604623e+00   9.2528800e+02
   1.5399696e+00   2.0623942e+00   9.2628800e+02
   1.5409399e+00   2.0643273e+00   9.2728800e+02
   1.5419127e+00   2.0662615e+00   9.2828800e+02
   1.5428881e+00   2.0681968e+00   9.2928800e+02
   1.5438660e+00   2.0701332e+00   9.3028800e+02
   1.5448465e+00   2.0720707e+00   9.3128800e+02
   1.5458296e+00   2.0740093e+00   9.3228800e+02
   1.5468152e+00   2.0759491e+00   9.3328800e+02
   1.5478033e+00   2.0778899e+00   9.3428800e+02
   1.5487939e+00   2.0798317e+00   9.3528800e+02
   1.5497870e+00   2.0817747e+00   9.3628800e+02
   1.5507827e+00   2.0837187e+00   9.3728800e+02
   1.5517808e+00   2.0856638e+00   9.3828800e+02
   1.5527815e+00   2.0876099e+00   9.3928800e+02
   1.5537846e+00   2.0895571e+00   9.4028800e+02
   1.5547902e+00   2.0915053e+00   9.4128800e+02
   1.5557983e+00   2.0934545e+00   9.4228800e+02
   1.5568088e+00   2.0954048e+00   9.4328800e+02
   1.5578218e+00   2.0973561e+00   9.4428800e+02
   1.5588372e+00   2.0993084e+00   9.4528800e+02
   1.5598550e+00   2.1012617e+00   9.4628800e+02
   1.5608753e+00   2.1032159e+00   9.4728800e+02
   1.5618980e+00   2.1051712e+00   9.4828800e+02
   1.5629232e+00   2.1071275e+00   9.4928800e+02
   1.5639507e+00   2.1090847e+00   9.5028800e+02
   1.5649806e+00   2.1110430e+00   9.5128800e+02
   1.5660130e+00   2.1130021e+00   9.5228800e+02
   1.5670477e+00   2.1149623e+00   9.5328800e+02
   1.5680847e+00   2.1169233e+00   9.5428800e+02
   1.5691242e+00   2.1188854e+00   9.5528800e+02
   1.5701660e+00   2.1208483e+00   9.5628800e+02
   1.5712102e+00   2.1228122e+00   9.5728800e+02
   1.5722567e+00   2.1247770e+00   9.5828800e+02
   1.5733055e+00   2.1267428e+00   9.5928800e+02
   1.5743567e+00   2.1287094e+00   9.6028800e+02
   1.5754102e+00   2.1306769e+00   9.6128800e+02
   1.5764660e+00   2.1326454e+00   9.6228800e+02
   1.5775241e+00   2.1346147e+00   9.6328800e+02
   1.5785845e+00   2.1365849e+00   9.6428800e+02
   1.5796472e+00   2.1385560e+00   9.6528800e+02
   1.5807122e+00   2.1405279e+00   9.6628800e+02
   1.5817795e+00   2.1425007e+00   9.6728800e+02
   1.5828490e+00   2.1444744e+00   9.6828800e+02
   1.5839208e+00   2.1464489e+00   9.6928800e+02
   1.5849949e+00   2.1484242e+00   9.7028800e+02
   1.5860712e+00   2.1504004e+00   9.7128800e+02
   1.5871497e+00   2.1523774e+00   9.7228800e+02
   1.5882305e+00   2.1543552e+00   9.7328800e+02
   1.5893135e+00   2.1563339e+00   9.7428800e+02
   1.5903987e+00   2.1583133e+00   9.7528800e+02
   1.5914861e+00   2.1602936e+00   9.7628800e+02
   1.5925757e+00   2.1622746e+00   9.7728800e+02
   1.5936676e+00   2.1642564e+00   9.7828800e+02
   1.5947615e+00   2.1662391e+00   9.7928800e+02
   1.5958577e+00   2.1682224e+00   9.8028800e+02
   1.5969561e+00   2.1702066e+00   9.8128800e+02
   1.5980566e+00   2.1721915e+00   9.8228800e+02
   1.5991592e+00   2.1741771e+00   9.8328800e+02
   1.6002640e+00   2.1761635e+00   9.8428800e+02
   1.6013710e+00   2.1781507e+00   9.8528800e+02
   1.6024800e+00   2.1801385e+00   9.8628800e+02
   1.6035912e+00   2.1821271e+00   9.8728800e+02
   1.6047045e+00   2.1841164e+00   9.8828800e+02
   1.6058200e+00   2.1861065e+00   9.8928800e+02
   1.6069375e+00   2.1880972e+00   9.9028800e+02
   1.6080571e+00   2.1900886e+00   9.9128800e+02
   1.6091788e+00   2.1920807e+00   9.9228800e+02
   1.6103026e+00   2.1940735e+00   9.9328800e+02
   1.6114284e+00   2.1960670e+00   9.9428800e+02
   1.6125563e+00   2.1980611e+00   9.9528800e+02
   1.6136863e+00   2.2000560e+00   9.9628800e+02
   1.6148183e+00   2.2020514e+00   9.9728800e+02
   1.6159523e+00   2.2040475e+00   9.9828800e+02
   1.6170884e+00   2.2060443e+00   9.9928800e+02
   1.6182265e+00   2.2080417e+00   1.0002880e+03
   1.6193667e+00   2.2100397e+00   1.0012880e+03
   1.6205088e+00   2.2120384e+00   1.0022880e+03
   1.6216529e+00   2.2140376e+00   1.0032880e+03
   1.6227991e+00   2.2160375e+00   1.0042880e+03
   1.6239472e+00   2.2180380e+00   1.0052880e+03
   1.6250973e+00   2.2200390e+00   1.0062880e+03
   1.6262493e+00   2.2220407e+00   1.0072880e+03
   1.6274033e+00   2.2240429e+00   1.0082880e+03
   1.6285593e+00   2.2260457e+00   1.0092880e+03
   1.6297173e+00   2.2280491e+00   1.0102880e+03
   1.6308771e+00   2.2300531e+00   1.0112880e+03
   1.6320389e+00   2.2320576e+00   1.0122880e+03
   1.6332027e+00   2.2340626e+00   1.0132880e+03
   1.6343683e+00   2.2360682e+00   1.0142880e+03
   1.6355358e+00   2.2380743e+00   1.0152880e+03
   1.6367053e+00   2.2400810e+00   1.0162880e+03
   1.6378767e+00   2.2420881e+00   1.0172880e+03
   1.6390499e+00   2.2440958e+00   1.0182880e+03
   1.6402250e+00   2.2461040e+00   1.0192880e+03
   1.6414020e+00   2.2481127e+00   1.0202880e+03
   1.6425808e+00   2.2501219e+00   1.0212880e+03
   1.6437615e+00   2.2521316e+00   1.0222880e+03
   1.6449441e+00   2.2541417e+00   1.0232880e+03
   1.6461285e+00   2.2561523e+00   1.0242880e+03
   1.6473147e+00   2.2581634e+00   1.0252880e+03
   1.6485028e+00   2.2601750e+00   1.0262880e+03
   1.6496926e+00   2.2621870e+00   1.0272880e+03
   1.6508843e+00   2.2641994e+00   1.0282880e+03
   1.6520778e+00   2.2662123e+00   1.0292880e+03
   1.6532731e+00   2.2682256e+00   1.0302880e+03
   1.6544701e+00   2.2702393e+00   1.0312880e+03
   1.6556690e+00   2.2722535e+00   1.0322880e+03
   1.6568696e+00   2.2742681e+00   1.0332880e+03
   1.6580720e+00   2.2762830e+00   1.0342880e+03
   1.6592761e+00   2.2782984e+00   1.0352880e+03
   1.6604820e+00   2.2803142e+00   1.0362880e+03
   1.6616896e+00   2.2823303e+00   1.0372880e+03
   1.6628990e+00   2.2843468e+00   1.0382880e+03
   1.6641101e+00   2.2863637e+00   1.0392880e+03
   1.6653229e+00   2.2883810e+00   1.0402880e+03
   1.6665374e+00   2.2903986e+00   1.0412880e+03
   1.6677536e+00   2.2924166e+00   1.0422880e+03
   1.6689716e+00   2.2944349e+00   1.0432880e+03
   1.6701912e+00   2.2964535e+00   1.0442880e+03
   1.6714124e+00   2.2984725e+00   1.0452880e+03
   1.6726354e+00   2.3004918e+00   1.0462880e+03
   1.6738600e+00   2.3025114e+00   1.0472880e+03
   1.6750863e+00   2.3045314e+00   1.0482880e+03
   1.6763142e+00   2.3065516e+00   1.0492880e+03
   1.6775438e+00   2.3085721e+00   1.0502880e+03
   1.6787750e+00   2.3105929e+00   1.0512880e+03
   1.6800078e+00   2.3126140e+00   1.0522880e+03
   1.6812423e+00   2.3146354e+00   1.0532880e+03
   1.6824783e+00   2.3166570e+00   1.0542880e+03
   1.6837160e+00   2.3186789e+00   1.0552880e+03
   1.6849553e+00   2.3207011e+00   1.0562880e+03
   1.6861961e+00   2.3227235e+00   1.0572880e+03
   1.6874385e+00   2.3247461e+00   1.0582880e+03
   1.6886826e+00   2.3267690e+00   1.0592880e+03
   1.6899281e+00   2.3287921e+00   1.0602880e+03
   1.6911752e+00   2.3308154e+00   1.0612880e+03
   1.6924239e+00   2.3328390e+00   1.0622880e+03
   1.6936741e+00   2.3348627e+00   1.0632880e+03
   1.6949259e+00   2.3368867e+00   1.0642880e+03
   1.6961792e+00   2.3389108e+00   1.0652880e+03
   1.6974340e+00   2.3409351e+00   1.0662880e+03
   1.6986903e+00   2.3429597e+00   1.0672880e+03
   1.6999481e+00   2.3449843e+00   1.0682880e+03
   1.7012074e+00   2.3470092e+00   1.0692880e+03
   1.7024682e+00   2.3490342e+00   1.0702880e+03
   1.7037305e+00   2.3510594e+00   1.0712880e+03
   1.7049943e+00   2.3530847e+00   1.0722880e+03
   1.7062595e+00   2.3551101e+00   1.0732880e+03
   1.7075262e+00   2.3571357e+00   1.0742880e+03
   1.7087943e+00   2.3591614e+00   1.0752880e+03
   1.7100639e+00   2.3611872e+00   1.0762880e+03
   1.7113349e+00   2.3632131e+00   1.0772880e+03
   1.7126073e+00   2.3652392e+00   1.0782880e+03
   1.7138812e+00   2.3672653e+00   1.0792880e+03
   1.7151565e+00   2.3692915e+00   1.0802880e+03
   1.7164332e+00   2.3713179e+00   1.0812880e+03
   1.7177112e+00   2.3733443e+00   1.0822880e+03
   1.7189907e+00   2.3753707e+00   1.0832880e+03
   1.7202715e+00   2.3773972e+00   1.0842880e+03
   1.7215538e+00   2.3794238e+00   1.0852880e+03
   1.7228374e+00   2.3814505e+00   1.0862880e+03
   1.7241223e+00   2.3834771e+00   1.0872880e+03
   1.7254086e+00   2.3855039e+00   1.0882880e+03
   1.7266962e+00   2.3875306e+00   1.0892880e+03
   1.7279852e+00   2.3895574e+00   1.0902880e+03
   1.7292755e+00   2.3915842e+00   1.0912880e+03
   1.7305672e+00   2.3936110e+00   1.0922880e+03
   1.7318601e+00   2.3956378e+00   1.0932880e+03
   1.7331544e+00   2.3976645e+00   1.0942880e+03
   1.7344499e+00   2.3996913e+00   1.0952880e+03
   1.7357467e+00   2.4017181e+00   1.0962880e+03
   1.7370448e+00   2.4037448e+00   1.0972880e+03
   1.7383442e+00   2.4057715e+00   1.0982880e+03
   1.7396449e+00   2.4077982e+00   1.0992880e+03
   1.7409468e+00   2.4098249e+00   1.1002880e+03
   1.7422500e+00   2.4118514e+00   1.1012880e+03
   1.7435544e+00   2.4138779e+00   1.1022880e+03
   1.7448601e+00   2.4159044e+00   1.1032880e+03
   1.7461669e+00   2.4179308e+00   1.1042880e+03
   1.7474750e+00   2.4199571e+00   1.1052880e+03
   1.7487844e+00   2.4219833e+00   1.1062880e+03
   1.7500949e+00   2.4240094e+00   1.1072880e+03
   1.7514066e+00   2.4260355e+00   1.1082880e+03
   1.7527195e+00   2.4280614e+00   1.1092880e+03
   1.7540336e+00   2.4300872e+00   1.1102880e+03
   1.7553489e+00   2.4321129e+00   1.1112880e+03
   1.7566653e+00   2.4341384e+00   1.1122880e+03
   1.7579829e+00   2.4361639e+00   1.1132880e+03
   1.7593017e+00   2.4381891e+00   1.1142880e+03
   1.7606216e+00   2.4402143e+00   1.1152880e+03
   1.7619426e+00   2.4422393e+00   1.1162880e+03
   1.7632648e+00   2.4442641e+00   1.1172880e+03
   1.7645881e+00   2.4462888e+00   1.1182880e+03
   1.7659125e+00   2.4483132e+00   1.1192880e+03
   1.7672380e+00   2.4503375e+00   1.1202880e+03
   1.7685646e+00   2.4523617e+00   1.1212880e+03
   1.7698923e+00   2.4543856e+00   1.1222880e+03
   1.7712211e+00   2.4564093e+00   1.1232880e+03
   1.7725509e+00   2.4584328e+00   1.1242880e+03
   1.7738819e+00   2.4604561e+00   1.1252880e+03
   1.7752138e+00   2.4624792e+00   1.1262880e+03
   1.7765469e+00   2.4645020e+00   1.1272880e+03
   1.7778810e+00   2.4665246e+00   1.1282880e+03
   1.7792161e+00   2.4685470e+00   1.1292880e+03
   1.7805523e+00   2.4705691e+00   1.1302880e+03
   1.7818894e+00   2.4725910e+00   1.1312880e+03
   1.7832276e+00   2.4746126e+00   1.1322880e+03
   1.7845668e+00   2.4766339e+00   1.1332880e+03
   1.7859070e+00   2.4786550e+00   1.1342880e+03
   1.7872482e+00   2.4806758e+00   1.1352880e+03
   1.7885904e+00   2.4826963e+00   1.1362880e+03
   1.7899336e+00   2.4847164e+00   1.1372880e+03
   1.7912777e+00   2.4867363e+00   1.1382880e+03
   1.7926228e+00   2.4887559e+00   1.1392880e+03
   1.7939688e+00   2.4907751e+00   1.1402880e+03
   1.7953158e+00   2.4927941e+00   1.1412880e+03
   1.7966637e+00   2.4948127e+00   1.1422880e+03
   1.7980126e+00   2.4968309e+00   1.1432880e+03
   1.7993623e+00   2.4988489e+00   1.1442880e+03
   1.8007130e+00   2.5008664e+00   1.1452880e+03
   1.8020646e+00   2.5028836e+00   1.1462880e+03
   1.8034171e+00   2.5049005e+00   1.1472880e+03
   1.8047705e+00   2.5069170e+00   1.1482880e+03
   1.8061248e+00   2.5089331e+00   1.1492880e+03
   1.8074800e+00   2.5109488e+00   1.1502880e+03
   1.8088360e+00   2.5129641e+00   1.1512880e+03
   1.8101929e+00   2.5149790e+00   1.1522880e+03
   1.8115506e+00   2.5169935e+00   1.1532880e+03
   1.8129092e+00   2.5190076e+00   1.1542880e+03
   1.8142686e+00   2.5210213e+00   1.1552880e+03
   1.8156289e+00   2.5230346e+00   1.1562880e+03
   1.8169900e+00   2.5250474e+00   1.1572880e+03
   1.8183519e+00   2.5270598e+00   1.1582880e+03
   1.8197146e+00   2.5290717e+00   1.1592880e+03
   1.8210781e+00   2.5310832e+00   1.1602880e+03
   1.8224424e+00   2.5330942e+00   1.1612880e+03
   1.8238075e+00   2.5351048e+00   1.1622880e+03
   1.8251734e+00   2.5371149e+00   1.1632880e+03
   1.8265400e+00   2.5391245e+00   1.1642880e+03
   1.8279074e+00   2.5411336e+00   1.1652880e+03
   1.8292756e+00   2.5431422e+00   1.1662880e+03
   1.8306445e+00   2.5451503e+00   1.1672880e+03
   1.8320141e+00   2.5471579e+00   1.1682880e+03
   1.8333845e+00   2.5491650e+00   1.1692880e+03
   1.8347556e+00   2.5511716e+00   1.1702880e+03
   1.8361274e+00   2.5531777e+00   1.1712880e+03
   1.8374999e+00   2.5551832e+00   1.1722880e+03
   1.8388732e+00   2.5571882e+00   1.1732880e+03
   1.8402471e+00   2.5591926e+00   1.1742880e+03
   1.8416217e+00   2.5611964e+00   1.1752880e+03
   1.8429970e+00   2.5631997e+00   1.1762880e+03
   1.8443729e+00   2.5652025e+00   1.1772880e+03
   1.8457496e+00   2.5672046e+00   1.1782880e+03
   1.8471268e+00   2.5692062e+00   1.1792880e+03
   1.8485048e+00   2.5712072e+00   1.1802880e+03
   1.8498833e+00   2.5732076e+00   1.1812880e+03
   1.8512625e+00   2.5752074e+00   1.1822880e+03
   1.8526423e+00   2.5772066e+00   1.1832880e+03
   1.8540228e+00   2.5792051e+00   1.1842880e+03
   1.8554038e+00   2.5812031e+00   1.1852880e+03
   1.8567855e+00   2.5832004e+00   1.1862880e+03
   1.8581677e+00   2.5851971e+00   1.1872880e+03
   1.8595506e+00   2.5871931e+00   1.1882880e+03
   1.8609340e+00   2.5891885e+00   1.1892880e+03
   1.8623180e+00   2.5911832e+00   1.1902880e+03
   1.8637025e+00   2.5931772e+00   1.1912880e+03
   1.8650876e+00   2.5951706e+00   1.1922880e+03
   1.8664733e+00   2.5971633e+00   1.1932880e+03
   1.8678595e+00   2.5991554e+00   1.1942880e+03
   1.8692462e+00   2.6011467e+00   1.1952880e+03
   1.8706335e+00   2.6031373e+00   1.1962880e+03
   1.8720212e+00   2.6051272e+00   1.1972880e+03
   1.8734095e+00   2.6071165e+00   1.1982880e+03
   1.8747983e+00   2.6091050e+00   1.1992880e+03
   1.8761876e+00   2.6110927e+00   1.2002880e+03
   1.8775773e+00   2.6130798e+00   1.2012880e+03
   1.8789676e+00   2.6150661e+00   1.2022880e+03
   1.8803583e+00   2.6170516e+00   1.2032880e+03
   1.8817495e+00   2.6190364e+00   1.2042880e+03
   1.8831411e+00   2.6210205e+00   1.2052880e+03
   1.8845332e+00   2.6230037e+00   1.2062880e+03
   1.8859258e+00   2.6249862e+00   1.2072880e+03
   1.8873187e+00   2.6269679e+00   1.2082880e+03
   1.8887121e+00   2.6289489e+00   1.2092880e+03
   1.8901059e+00   2.6309290e+00   1.2102880e+03
   1.8915002e+00   2.6329084e+00   1.2112880e+03
   1.8928948e+00   2.6348869e+00   1.2122880e+03
   1.8942898e+00   2.6368646e+00   1.2132880e+03
   1.8956852e+00   2.6388415e+00   1.2142880e+03
   1.8970810e+00   2.6408176e+00   1.2152880e+03
   1.8984772e+00   2.6427928e+00   1.2162880e+03
   1.8998737e+00   2.6447672e+00   1.2172880e+03
   1.9012706e+00   2.6467407e+00   1.2182880e+03
   1.9026678e+00   2.6487134e+00   1.2192880e+03
   1.9040654e+00   2.6506853e+00   1.2202880e+03
   1.9054633e+00   2.6526562e+00   1.2212880e+03
   1.9068616e+00   2.6546263e+00   1.2222880e+03
   1.9082601e+00   2.6565955e+00   1.2232880e+03
   1.9096590e+00   2.6585638e+00   1.2242880e+03
   1.9110582e+00   2.6605312e+00   1.2252880e+03
   1.9124576e+00   2.6624977e+00   1.2262880e+03
   1.9138574e+00   2.6644633e+00   1.2272880e+03
   1.9152574e+00   2.6664280e+00   1.2282880e+03
   1.9166578e+00   2.6683918e+00   1.2292880e+03
   1.9180583e+00   2.6703546e+00   1.2302880e+03
   1.9194592e+00   2.6723165e+00   1.2312880e+03
   1.9208603e+00   2.6742775e+00   1.2322880e+03
   1.9222616e+00   2.6762375e+00   1.2332880e+03
   1.9236632e+00   2.6781965e+00   1.2342880e+03
   1.9250650e+00   2.6801546e+00   1.2352880e+03
   1.9264670e+00   2.6821117e+00   1.2362880e+03
   1.9278692e+00   2.6840679e+00   1.2372880e+03
   1.9292716e+00   2.6860230e+00   1.2382880e+03
   1.9306743e+00   2.6879772e+00   1.2392880e+03
   1.9320771e+00   2.6899303e+00   1.2402880e+03
   1.9334801e+00   2.6918825e+00   1.2412880e+03
   1.9348833e+00   2.6938336e+00   1.2422880e+03
   1.9362866e+00   2.6957838e+00   1.2432880e+03
   1.9376901e+00   2.6977329e+00   1.2442880e+03
   1.9390938e+00   2.6996809e+00   1.2452880e+03
   1.9404975e+00   2.7016280e+00   1.2462880e+03
   1.9419015e+00   2.7035739e+00   1.2472880e+03
   1.9433055e+00   2.7055189e+00   1.2482880e+03
   1.9447097e+00   2.7074627e+00   1.2492880e+03
   1.9461140e+00   2.7094056e+00   1.2502880e+03
   1.9475184e+00   2.7113473e+00   1.2512880e+03
   1.9489229e+00   2.7132879e+00   1.2522880e+03
   1.9503275e+00   2.7152275e+00   1.2532880e+03
   1.9517321e+00   2.7171660e+00   1.2542880e+03
   1.9531369e+00   2.7191034e+00   1.2552880e+03
   1.9545417e+00   2.7210396e+00   1.2562880e+03
   1.9559466e+00   2.7229748e+00   1.2572880e+03
   1.9573515e+00   2.7249088e+00   1.2582880e+03
   1.9587564e+00   2.7268417e+00   1.2592880e+03
   1.9601614e+00   2.7287735e+00   1.2602880e+03
   1.9615665e+00   2.7307041e+00   1.2612880e+03
   1.9629715e+00   2.7326336e+00   1.2622880e+03
   1.9643766e+00   2.7345619e+00   1.2632880e+03
   1.9657817e+00   2.7364891e+00   1.2642880e+03
   1.9671867e+00   2.7384151e+00   1.2652880e+03
   1.9685918e+00   2.7403399e+00   1.2662880e+03
   1.9699968e+00   2.7422636e+00   1.2672880e+03
   1.9714018e+00   2.7441860e+00   1.2682880e+03
   1.9728068e+00   2.7461073e+00   1.2692880e+03
   1.9742118e+00   2.7480273e+00   1.2702880e+03
   1.9756167e+00   2.7499462e+00   1.2712880e+03
   1.9770215e+00   2.7518638e+00   1.2722880e+03
   1.9784263e+00   2.7537802e+00   1.2732880e+03
   1.9798310e+00   2.7556954e+00   1.2742880e+03
   1.9812356e+00   2.7576093e+00   1.2752880e+03
   1.9826402e+00   2.7595220e+00   1.2762880e+03
   1.9840446e+00   2.7614335e+00   1.2772880e+03
   1.9854490e+00   2.7633437e+00   1.2782880e+03
   1.9868532e+00   2.7652526e+00   1.2792880e+03
   1.9882573e+00   2.7671602e+00   1.2802880e+03
   1.9896613e+00   2.7690666e+00   1.2812880e+03
   1.9910652e+00   2.7709717e+00   1.2822880e+03
   1.9924689e+00   2.7728755e+00   1.2832880e+03
   1.9938725e+00   2.7747780e+00   1.2842880e+03
   1.9952759e+00   2.7766792e+00   1.2852880e+03
   1.9966792e+00   2.7785791e+00   1.2862880e+03
   1.9980823e+00   2.7804777e+00   1.2872880e+03
   1.9994852e+00   2.7823749e+00   1.2882880e+03
   2.0008880e+00   2.7842709e+00   1.2892880e+03
   2.0022905e+00   2.7861654e+00   1.2902880e+03
   2.0036928e+00   2.7880587e+00   1.2912880e+03
   2.0050950e+00   2.7899506e+00   1.2922880e+03
   2.0064969e+00   2.7918411e+00   1.2932880e+03
   2.0078986e+00   2.7937302e+00   1.2942880e+03
   2.0093000e+00   2.7956180e+00   1.2952880e+03
   2.0107012e+00   2.7975044e+00   1.2962880e+03
   2.0121022e+00   2.7993894e+00   1.2972880e+03
   2.0135029e+00   2.8012731e+00   1.2982880e+03
   2.0149034e+00   2.8031553e+00   1.2992880e+03
   2.0163036e+00   2.8050361e+00   1.3002880e+03
   2.0177035e+00   2.8069155e+00   1.3012880e+03
   2.0191031e+00   2.8087935e+00   1.3022880e+03
   2.0205025e+00   2.8106701e+00   1.3032880e+03
   2.0219015e+00   2.8125452e+00   1.3042880e+03
   2.0233002e+00   2.8144189e+00   1.3052880e+03
   2.0246986e+00   2.8162911e+00   1.3062880e+03
   2.0260967e+00   2.8181619e+00   1.3072880e+03
   2.0274945e+00   2.8200312e+00   1.3082880e+03
   2.0288919e+00   2.8218991e+00   1.3092880e+03
   2.0302890e+00   2.8237655e+00   1.3102880e+03
   2.0316857e+00   2.8256304e+00   1.3112880e+03
   2.0330821e+00   2.8274938e+00   1.3122880e+03
   2.0344781e+00   2.8293557e+00   1.3132880e+03
   2.0358737e+00   2.8312161e+00   1.3142880e+03
   2.0372689e+00   2.8330750e+00   1.3152880e+03
   2.0386638e+00   2.8349324e+00   1.3162880e+03
   2.0400582e+00   2.8367882e+00   1.3172880e+03
   2.0414522e+00   2.8386426e+00   1.3182880e+03
   2.0428459e+00   2.8404954e+00   1.3192880e+03
   2.0442390e+00   2.8423466e+00   1.3202880e+03
   2.0456318e+00   2.8441964e+00   1.3212880e+03
   2.0470241e+00   2.8460445e+00   1.3222880e+03
   2.0484160e+00   2.8478911e+00   1.3232880e+03
   2.0498075e+00   2.8497361e+00   1.3242880e+03
   2.0511984e+00   2.8515796e+00   1.3252880e+03
   2.0525889e+00   2.8534214e+00   1.3262880e+03
   2.0539790e+00   2.8552617e+00   1.3272880e+03
   2.0553685e+00   2.8571004e+00   1.3282880e+03
   2.0567576e+00   2.8589374e+00   1.3292880e+03
   2.0581461e+00   2.8607729e+00   1.3302880e+03
   2.0595342e+00   2.8626067e+00   1.3312880e+03
   2.0609217e+00   2.8644389e+00   1.3322880e+03
   2.0623087e+00   2.8662695e+00   1.3332880e+03
   2.0636952e+00   2.8680985e+00   1.3342880e+03
   2.0650811e+00   2.8699258e+00   1.3352880e+03
   2.0664665e+00   2.8717514e+00   1.3362880e+03
   2.0678514e+00   2.8735754e+00   1.3372880e+03
   2.0692357e+00   2.8753977e+00   1.3382880e+03
   2.0706194e+00   2.8772184e+00   1.3392880e+03
   2.0720025e+00   2.8790374e+00   1.3402880e+03
   2.0733851e+00   2.8808546e+00   1.3412880e+03
   2.0747671e+00   2.8826702e+00   1.3422880e+03
   2.0761485e+00   2.8844841e+00   1.3432880e+03
   2.0775292e+00   2.8862963e+00   1.3442880e+03
   2.0789094e+00   2.8881068e+00   1.3452880e+03
   2.0802889e+00   2.8899156e+00   1.3462880e+03
   2.0816678e+00   2.8917226e+00   1.3472880e+03
   2.0830461e+00   2.8935279e+00   1.3482880e+03
   2.0844237e+00   2.8953314e+00   1.3492880e+03
   2.0858007e+00   2.8971333e+00   1.3502880e+03
   2.0871770e+00   2.8989333e+00   1.3512880e+03
   2.0885527e+00   2.9007316e+00   1.3522880e+03
   2.0899276e+00   2.9025281e+00   1.3532880e+03
   2.0913019e+00   2.9043229e+00   1.3542880e+03
   2.0926755e+00   2.9061159e+00   1.3552880e+03
   2.0940484e+00   2.9079070e+00   1.3562880e+03
   2.0954206e+00   2.9096964e+00   1.3572880e+03
   2.0967921e+00   2.9114840e+00   1.3582880e+03
   2.0981629e+00   2.9132698e+00   1.3592880e+03
   2.0995329e+00   2.9150538e+00   1.3602880e+03
   2.1009022e+00   2.9168359e+00   1.3612880e+03
   2.1022708e+00   2.9186162e+00   1.3622880e+03
   2.1036386e+00   2.9203947e+00   1.3632880e+03
   2.1050056e+00   2.9221713e+00   1.3642880e+03
   2.1063719e+00   2.9239461e+00   1.3652880e+03
   2.1077374e+00   2.9257191e+00   1.3662880e+03
   2.1091022e+00   2.9274901e+00   1.3672880e+03
   2.1104661e+00   2.9292593e+00   1.3682880e+03
   2.1118292e+00   2.9310267e+00   1.3692880e+03
   2.1131916e+00   2.9327921e+00   1.3702880e+03
   2.1145531e+00   2.9345556e+00   1.3712880e+03
   2.1159138e+00   2.9363173e+00   1.3722880e+03
   2.1172737e+00   2.9380771e+00   1.3732880e+03
   2.1186327e+00   2.9398349e+00   1.3742880e+03
   2.1199909e+00   2.9415908e+00   1.3752880e+03
   2.1213483e+00   2.9433448e+00   1.3762880e+03
   2.1227048e+00   2.9450969e+00   1.3772880e+03
   2.1240604e+00   2.9468470e+00   1.3782880e+03
   2.1254151e+00   2.9485952e+00   1.3792880e+03
   2.1267690e+00   2.9503414e+00   1.3802880e+03
   2.1281220e+00   2.9520857e+00   1.3812880e+03
   2.1294741e+00   2.9538280e+00   1.3822880e+03
   2.1308253e+00   2.9555683e+00   1.3832880e+03
   2.1321755e+00   2.9573067e+00   1.3842880e+03
   2.1335249e+00   2.9590431e+00   1.3852880e+03
   2.1348733e+00   2.9607775e+00   1.3862880e+03
   2.1362208e+00   2.9625098e+00   1.3872880e+03
   2.1375673e+00   2.9642402e+00   1.3882880e+03
   2.1389129e+00   2.9659686e+00   1.3892880e+03
   2.1402576e+00   2.9676949e+00   1.3902880e+03
   2.1416013e+00   2.9694193e+00   1.3912880e+03
   2.1429440e+00   2.9711415e+00   1.3922880e+03
   2.1442857e+00   2.9728618e+00   1.3932880e+03
   2.1456264e+00   2.9745800e+00   1.3942880e+03
   2.1469662e+00   2.9762961e+00   1.3952880e+03
   2.1483049e+00   2.9780102e+00   1.3962880e+03
   2.1496426e+00   2.9797222e+00   1.3972880e+03
   2.1509793e+00   2.9814322e+00   1.3982880e+03
   2.1523150e+00   2.9831401e+00   1.3992880e+03
   2.1536497e+00   2.9848458e+00   1.4002880e+03
   2.1549833e+00   2.9865495e+00   1.4012880e+03
   2.1563158e+00   2.9882511e+00   1.4022880e+03
   2.1576473e+00   2.9899506e+00   1.4032880e+03
   2.1589777e+00   2.9916479e+00   1.4042880e+03
   2.1603071e+00   2.9933432e+00   1.4052880e+03
   2.1616354e+00   2.9950363e+00   1.4062880e+03
   2.1629626e+00   2.9967273e+00   1.4072880e+03
   2.1642887e+00   2.9984161e+00   1.4082880e+03
   2.1656137e+00   3.0001028e+00   1.4092880e+03
   2.1669376e+00   3.0017873e+00   1.4102880e+03
   2.1682603e+00   3.0034697e+00   1.4112880e+03
   2.1695820e+00   3.0051499e+00   1.4122880e+03
   2.1709025e+00   3.0068279e+00   1.4132880e+03
   2.1722219e+00   3.0085037e+00   1.4142880e+03
   2.1735401e+00   3.0101774e+00   1.4152880e+03
   2.1748571e+00   3.0118488e+00   1.4162880e+03
   2.1761730e+00   3.0135181e+00   1.4172880e+03
   2.1774878e+00   3.0151851e+00   1.4182880e+03
   2.1788013e+00   3.0168499e+00   1.4192880e+03
   2.1801137e+00   3.0185125e+00   1.4202880e+03
   2.1814249e+00   3.0201729e+00   1.4212880e+03
   2.1827348e+00   3.0218310e+00   1.4222880e+03
   2.1840436e+00   3.0234869e+00   1.4232880e+03
   2.1853511e+00   3.0251405e+00   1.4242880e+03
