   1.0000000e+00   5.5449425e+02   9.2107613e-01   1.4925741e+02   1.9000000e+02   7.9000000e+01   5.1232901e+00   2.8701965e+01   5.7696135e+00   1.4497322e+00   5.9036161e+00   1.5739549e+00   1.8476155e-02   3.9216433e-01   1.4468164e-02   1.6415453e-02   1.5658249e-02   1.7687556e-02   9.9283314e-01   1.0000000e+00
   1.0000000e+00   3.8321453e+02   1.2679297e+00   1.5473451e+02   1.5700000e+02   1.4600000e+02   5.5244612e+00   4.9950473e+01   6.4220217e+00   1.7123439e+00   6.3350583e+00   1.3505039e+00   3.4444725e-02   7.3496353e-01   1.8334349e-02   2.0597288e-02   1.4563269e-02   1.6594795e-02   9.9162524e-01   2.0000000e+00
   1.0000000e+00   2.8343403e+02   1.3751585e+00   1.5792524e+02   4.3000000e+02   1.5600000e+02   6.9049657e+00   7.7751113e+01   6.2942493e+00   1.8474045e+00   5.4765340e+00   1.3434121e+00   1.0308254e-01   2.2812846e+00   3.8248642e-02   4.3247998e-02   2.8059626e-02   3.2385769e-02   9.6868936e-01   3.0000000e+00
   1.0000000e+00   5.6300599e+02   8.9073867e-01   1.4898523e+02   2.5600000e+02   2.4200000e+02   5.5874700e+00   2.5881210e+01   5.7500513e+00   1.4422048e+00   5.9192122e+00   1.6191110e+00   2.2009243e-02   4.7284560e-01   1.9018351e-02   2.1678000e-02   2.1315624e-02   2.4136044e-02   9.8744984e-01   4.0000000e+00
   1.0000000e+00   3.1611510e+02   1.4662174e+00   1.5688018e+02   2.7500000e+02   2.7400000e+02   6.1056587e+00   4.8409029e+01   5.4240352e+00   1.9393259e+00   5.7190233e+00   1.3226729e+00   3.1099968e-02   6.9971485e-01   1.9630745e-02   2.2197312e-02   1.3543712e-02   1.5708324e-02   9.9222403e-01   5.0000000e+00
   1.0000000e+00   4.0618400e+02   1.1011638e+00   1.5400000e+02   3.4100000e+02   2.9000000e+02   6.5019272e+00   7.5113662e+01   5.6944148e+00   1.5700981e+00   5.9943563e+00   1.4258534e+00   3.8305109e-02   8.0445204e-01   1.2372604e-02   1.3921724e-02   1.1270500e-02   1.2751683e-02   9.9551061e-01   6.0000000e+00
   2.0000000e+00   5.4351157e+02   9.0035721e-01   1.2460861e+02   3.3200000e+02   2.3800000e+02   7.0037371e+00   3.4702515e+01   6.3327263e+00   1.3284407e+00   5.9065200e+00   1.4754597e+00   2.9855539e-02   5.8844415e-01   1.7516741e-02   1.9510872e-02   1.9379387e-02   2.1474260e-02   9.8812830e-01   8.0000000e+00
   2.0000000e+00   5.6162699e+02   7.7084921e-01   1.2402932e+02   1.1200000e+02   2.6900000e+02   6.4031556e+00   8.2580618e+01   5.6807302e+00   1.3500386e+00   5.8759067e+00   1.7513654e+00   6.7692468e-02   1.4627169e+00   1.7311866e-02   1.9821286e-02   2.2265565e-02   2.5101288e-02   9.8814956e-01   1.0000000e+01
   2.0000000e+00   5.6254400e+02   8.8371064e-01   1.2400000e+02   2.6600000e+02   2.7600000e+02   6.5781155e+00   4.5413637e+01   6.1571754e+00   1.3610195e+00   5.6883473e+00   1.5401189e+00   2.6327495e-02   5.3603248e-01   1.2187030e-02   1.3681871e-02   1.3725856e-02   1.5308807e-02   9.9438183e-01   1.1000000e+01
   2.0000000e+00   3.7491200e+02   1.4411593e+00   1.3000000e+02   3.4900000e+02   3.2000000e+02   7.4226881e+00   3.8531324e+01   6.3641415e+00   1.9031748e+00   5.8475195e+00   1.3205860e+00   5.7757694e-02   1.2881270e+00   4.4635523e-02   5.0441503e-02   3.1360630e-02   3.6308515e-02   9.5992679e-01   1.3000000e+01
   2.0000000e+00   3.3775223e+02   1.5737007e+00   1.3118828e+02   2.5300000e+02   3.8000000e+02   7.1857120e+00   4.0854079e+01   5.7475783e+00   1.9971724e+00   5.6616059e+00   1.2690929e+00   2.4671890e-02   5.5243610e-01   1.9006430e-02   2.1395727e-02   1.2254650e-02   1.4212820e-02   9.9314192e-01   1.4000000e+01
   3.0000000e+00   7.4914390e+02   7.1108936e-01   1.8303300e+02   3.9000000e+02   1.1600000e+02   5.2155537e+00   3.1674227e+01   6.2381937e+00   1.4423468e+00   6.3904987e+00   2.0283622e+00   3.5473891e-02   8.5267382e-01   2.5455517e-02   3.0378599e-02   3.5516514e-02   4.1159705e-02   9.7597730e-01   3.0000000e+00
   3.0000000e+00   2.5950007e+02   1.5857464e+00   1.9869058e+02   1.3900000e+02   1.2100000e+02   5.0752737e+00   4.1338477e+01   6.3150741e+00   2.1829241e+00   6.2310629e+00   1.3765910e+00   3.9031603e-02   9.5011330e-01   3.2761120e-02   3.7779622e-02   2.0882645e-02   2.4995774e-02   9.8201119e-01   4.0000000e+00
   3.0000000e+00   4.3745600e+02   1.1518640e+00   1.9300000e+02   2.0600000e+02   1.3800000e+02   5.1239478e+00   4.5050169e+01   5.8849836e+00   1.5636549e+00   5.8075919e+00   1.3574995e+00   2.4306265e-02   4.9800592e-01   1.2974033e-02   1.4490059e-02   1.1333778e-02   1.2750110e-02   9.9510372e-01   5.0000000e+00
   3.0000000e+00   4.5724918e+02   1.1095416e+00   1.9236706e+02   3.2700000e+02   2.8100000e+02   6.7921178e+00   9.7467311e+01   6.1462345e+00   1.5314628e+00   6.2192959e+00   1.3802662e+00   8.4187022e-02   1.7202251e+00   2.0345846e-02   2.2731811e-02   1.8412759e-02   2.0681150e-02   9.8756828e-01   9.0000000e+00
   3.0000000e+00   6.3902920e+02   7.4460621e-01   1.8655420e+02   4.2900000e+02   3.9900000e+02   5.2317615e+00   5.5922999e+01   5.5968352e+00   1.3598614e+00   5.7605286e+00   1.8262827e+00   4.0905279e-02   9.0491441e-01   1.5635870e-02   1.8046106e-02   2.0795273e-02   2.3549849e-02   9.9028795e-01   1.2000000e+01
   4.0000000e+00   2.7683275e+02   1.3559615e+00   1.9713633e+02   3.7600000e+02   1.2800000e+02   6.5910653e+00   3.0856969e+01   6.1970286e+00   1.9344557e+00   5.6737060e+00   1.4266303e+00   4.2752266e-02   9.9450363e-01   4.1851583e-02   4.8110270e-02   3.1041971e-02   3.6543066e-02   9.6453366e-01   1.0000000e+00
   4.0000000e+00   6.4926258e+02   7.5397872e-01   1.8522696e+02   4.0000000e+02   2.7700000e+02   6.8225498e+00   7.3092202e+01   5.8209408e+00   1.3392471e+00   6.0677559e+00   1.7762399e+00   6.3239203e-02   1.3705747e+00   1.8155044e-02   2.0816641e-02   2.3855357e-02   2.6889354e-02   9.8676039e-01   3.0000000e+00
   4.0000000e+00   9.4619617e+02   5.7368630e-01   1.7573177e+02   2.4400000e+02   2.8800000e+02   8.4705302e+00   6.9130224e+01   5.9112750e+00   1.4763051e+00   5.4712756e+00   2.5733664e+00   7.0582476e-02   1.9581252e+00   2.4509420e-02   3.1034867e-02   4.2921232e-02   5.1854683e-02   9.7628580e-01   4.0000000e+00
   5.0000000e+00   4.3745600e+02   1.0878574e+00   2.0400000e+02   1.5100000e+02   7.8000000e+01   7.2298618e+00   5.2383481e+01   6.1873424e+00   1.4675828e+00   5.5361685e+00   1.3490580e+00   3.9616865e-02   7.8468175e-01   1.6978935e-02   1.8842354e-02   1.5658966e-02   1.7447922e-02   9.9075207e-01   1.0000000e+00
   5.0000000e+00   3.8494756e+02   1.1292706e+00   2.0567909e+02   3.6800000e+02   8.4000000e+01   7.5482674e+00   8.2110675e+01   6.4176700e+00   1.4798669e+00   6.3331011e+00   1.3104627e+00   6.1379921e-02   1.2021963e+00   1.6884346e-02   1.8669830e-02   1.5047640e-02   1.6743564e-02   9.9103630e-01   2.0000000e+00
   5.0000000e+00   6.8763200e+02   7.5489499e-01   1.9600000e+02   3.8900000e+02   9.1000000e+01   6.7875510e+00   2.7748126e+01   5.5617209e+00   1.4183040e+00   5.5280837e+00   1.8788097e+00   3.6598878e-02   8.4020320e-01   2.9408570e-02   3.4374272e-02   3.8709938e-02   4.4313518e-02   9.6827490e-01   3.0000000e+00
   5.0000000e+00   5.0000000e+02   9.7065914e-01   2.0200000e+02   1.6400000e+02   1.2700000e+02   6.6365511e+00   4.6687145e+01   6.3139111e+00   1.3542504e+00   6.3729840e+00   1.3951864e+00   3.0490604e-02   5.9018884e-01   1.3488748e-02   1.4940138e-02   1.3859215e-02   1.5327719e-02   9.9325674e-01   4.0000000e+00
   5.0000000e+00   7.1360716e+02   6.3817141e-01   1.9516938e+02   3.0600000e+02   2.6700000e+02   6.9322193e+00   4.4337865e+01   5.8536752e+00   1.3412403e+00   5.5037448e+00   2.1016929e+00   3.1589795e-02   7.4609931e-01   1.5375338e-02   1.8154403e-02   2.3805692e-02   2.7211324e-02   9.8995800e-01   6.0000000e+00
   5.0000000e+00   6.5477804e+02   7.8925905e-01   1.9705059e+02   3.4900000e+02   2.7100000e+02   7.3764914e+00   1.1937397e+02   6.1958129e+00   1.2968644e+00   6.4805110e+00   1.6431416e+00   7.8638509e-02   1.6134856e+00   1.3299858e-02   1.4993245e-02   1.6679415e-02   1.8556834e-02   9.9264640e-01   7.0000000e+00
   6.0000000e+00   4.2042682e+02   1.1983198e+00   1.9554455e+02   1.1900000e+02   1.1700000e+02   7.4217155e+00   4.0326107e+01   5.5091229e+00   1.6203813e+00   6.1914515e+00   1.3522110e+00   4.4769889e-02   9.3323495e-01   2.7799771e-02   3.1107601e-02   2.3416996e-02   2.6475812e-02   9.7925703e-01   4.0000000e+00
   6.0000000e+00   5.4692937e+02   9.8511907e-01   1.9149932e+02   3.2800000e+02   2.0700000e+02   6.5271235e+00   3.9892683e+01   5.7171015e+00   1.3274337e+00   5.6235798e+00   1.3474855e+00   2.6406559e-02   4.9821131e-01   1.3272596e-02   1.4628751e-02   1.3469398e-02   1.4833232e-02   9.9329299e-01   1.0000000e+01
   6.0000000e+00   3.9945079e+02   1.2883144e+00   1.9621531e+02   8.6000000e+01   3.8400000e+02   7.1151722e+00   7.6569350e+01   6.3788095e+00   1.7381373e+00   5.6636704e+00   1.3491562e+00   5.0027726e-02   1.0767829e+00   1.7651667e-02   1.9866325e-02   1.3799219e-02   1.5771629e-02   9.9244766e-01   1.6000000e+01
   6.0000000e+00   4.3745600e+02   1.2747115e+00   1.9500000e+02   1.5500000e+02   4.4100000e+02   7.0015975e+00   4.6612603e+01   6.4284592e+00   1.6438216e+00   5.9688314e+00   1.2895637e+00   3.9662820e-02   8.1305939e-01   2.1559925e-02   2.3980186e-02   1.7049891e-02   1.9221941e-02   9.8785577e-01   1.7000000e+01
   7.0000000e+00   5.6346142e+02   9.9260761e-01   1.8797066e+02   9.3000000e+01   7.5000000e+01   6.2438390e+00   3.4639118e+01   6.0769409e+00   1.4276130e+00   6.1952381e+00   1.4382451e+00   2.2977887e-02   4.6319530e-01   1.4548954e-02   1.6250171e-02   1.4656948e-02   1.6363530e-02   9.9274681e-01   1.0000000e+00
   7.0000000e+00   6.2201220e+02   8.4715189e-01   1.8609836e+02   2.6700000e+02   8.9000000e+01   6.6461704e+00   5.4386130e+01   6.0872410e+00   1.3577950e+00   5.7084949e+00   1.6027763e+00   4.5135086e-02   9.3610706e-01   1.7487266e-02   1.9745788e-02   2.0519605e-02   2.2960695e-02   9.8834019e-01   2.0000000e+00
   7.0000000e+00   4.1749974e+02   1.2416319e+00   1.9263815e+02   1.6500000e+02   1.5200000e+02   7.4293531e+00   9.7846277e+01   6.0552415e+00   1.5852159e+00   6.4029430e+00   1.2767197e+00   7.2962824e-02   1.4601300e+00   1.8086763e-02   2.0046338e-02   1.4716486e-02   1.6490353e-02   9.9087449e-01   5.0000000e+00
   7.0000000e+00   2.9384152e+02   1.4062274e+00   1.9659243e+02   3.3400000e+02   1.5900000e+02   7.4502674e+00   1.1295118e+02   5.6990367e+00   1.8964631e+00   6.1505635e+00   1.3486176e+00   9.3872199e-02   2.1047621e+00   2.4673344e-02   2.7968728e-02   1.7721742e-02   2.0559724e-02   9.8722982e-01   6.0000000e+00
   7.0000000e+00   6.2924578e+02   8.1044047e-01   1.8586704e+02   2.0100000e+02   2.0500000e+02   7.0120871e+00   7.8229160e+01   5.5165514e+00   1.2963592e+00   6.4093179e+00   1.5995736e+00   4.6394788e-02   9.3850879e-01   1.1928680e-02   1.3392950e-02   1.4561425e-02   1.6168708e-02   9.9411673e-01   1.1000000e+01
   7.0000000e+00   9.1280025e+02   6.5064562e-01   1.7679968e+02   2.5200000e+02   2.3800000e+02   6.9916753e+00   3.7184816e+01   5.6366003e+00   1.9340218e+00   6.2294138e+00   2.9724658e+00   2.8980501e-02   1.0009193e+00   2.0351570e-02   3.2063727e-02   3.2200024e-02   4.5797485e-02   9.8710285e-01   1.3000000e+01
   7.0000000e+00   8.4837071e+02   5.8018331e-01   1.7885998e+02   8.7000000e+01   2.8100000e+02   7.3206255e+00   6.2415010e+01   5.9864232e+00   1.5742829e+00   5.7196616e+00   2.7134233e+00   5.6590136e-02   1.6679255e+00   2.2582857e-02   2.9928314e-02   3.9321547e-02   4.9006655e-02   9.8092280e-01   1.9000000e+01
   7.0000000e+00   8.3439503e+02   5.5923987e-01   1.7930689e+02   2.1400000e+02   2.8900000e+02   7.0460766e+00   4.3284520e+01   5.8201253e+00   1.4570021e+00   6.0799203e+00   2.6053258e+00   4.0163507e-02   1.1112501e+00   2.2034863e-02   2.7908334e-02   3.9416756e-02   4.7401360e-02   9.8024532e-01   2.0000000e+01
   7.0000000e+00   8.8029738e+02   6.3572972e-01   1.7783905e+02   1.1300000e+02   4.2500000e+02   7.4409962e+00   3.2822121e+01   6.3809445e+00   1.5811227e+00   5.8872799e+00   2.4870989e+00   3.7012641e-02   1.0354996e+00   2.7753846e-02   3.5986156e-02   4.3616920e-02   5.3373804e-02   9.7266886e-01   3.1000000e+01
   7.0000000e+00   7.9103540e+02   5.7038180e-01   1.8069342e+02   1.9200000e+02   4.2900000e+02   6.8272796e+00   2.7809911e+01   6.4862790e+00   1.3586563e+00   6.0910569e+00   2.3820120e+00   2.7067948e-02   6.8723966e-01   2.1602550e-02   2.6216791e-02   3.7722347e-02   4.3802374e-02   9.7967974e-01   3.2000000e+01
   8.0000000e+00   3.0857597e+02   1.2657456e+00   1.9312126e+02   4.4100000e+02   1.3000000e+02   6.6005852e+00   5.1242181e+01   6.7559181e+00   1.7576405e+00   5.9612676e+00   1.3886206e+00   6.0663819e-02   1.3330711e+00   3.2516847e-02   3.6742457e-02   2.5865357e-02   2.9711718e-02   9.7505310e-01   1.0000000e+00
   8.0000000e+00   5.6254400e+02   1.0271621e+00   1.8500000e+02   2.8500000e+02   2.0000000e+02   6.7158411e+00   5.5236633e+01   5.5969825e+00   1.3894750e+00   5.6092658e+00   1.3527319e+00   2.8018823e-02   5.4134860e-01   1.0717157e-02   1.1848465e-02   1.0446580e-02   1.1565269e-02   9.9593571e-01   3.0000000e+00
   8.0000000e+00   8.0371752e+02   6.3853023e-01   1.7728788e+02   3.1600000e+02   3.3700000e+02   7.3978719e+00   5.1910291e+01   6.1132043e+00   1.5235822e+00   6.0614627e+00   2.3860769e+00   4.5881648e-02   1.2320061e+00   2.1150377e-02   2.6755120e-02   3.2964587e-02   3.9573059e-02   9.8343871e-01   7.0000000e+00
   8.0000000e+00   4.6872800e+02   1.0579833e+00   1.8800000e+02   1.7400000e+02   3.6600000e+02   6.8418048e+00   8.0936380e+01   5.4944940e+00   1.4873827e+00   5.5808898e+00   1.4058660e+00   4.6328947e-02   9.4223824e-01   1.3105590e-02   1.4632245e-02   1.2400150e-02   1.3889628e-02   9.9452633e-01   9.0000000e+00
   9.0000000e+00   4.2017612e+02   1.1387857e+00   1.9255257e+02   3.3300000e+02   1.9100000e+02   6.7751842e+00   5.0632301e+01   6.0967918e+00   1.4747909e+00   5.9485080e+00   1.2950557e+00   3.1231092e-02   6.0814666e-01   1.3832494e-02   1.5280624e-02   1.2215501e-02   1.3582068e-02   9.9394869e-01   1.0000000e+00
   9.0000000e+00   7.2613986e+02   6.7090093e-01   1.8276862e+02   1.4600000e+02   2.8500000e+02   7.3995992e+00   9.2551723e+01   6.1488590e+00   1.3656839e+00   5.9350887e+00   2.0355969e+00   6.4452075e-02   1.5080540e+00   1.5121922e-02   1.7842239e-02   2.2270592e-02   2.5480287e-02   9.9064188e-01   2.0000000e+00
   1.0000000e+01   5.3307688e+02   9.6203902e-01   1.8494228e+02   1.6200000e+02   1.1400000e+02   6.6743635e+00   6.5079753e+01   6.1414008e+00   1.3737224e+00   6.1101878e+00   1.4279280e+00   3.9254396e-02   7.7383021e-01   1.2681429e-02   1.4103621e-02   1.3158193e-02   1.4606124e-02   9.9413052e-01   1.0000000e+00
   1.0000000e+01   6.5801229e+02   8.0012842e-01   1.8094716e+02   3.9500000e+02   1.7700000e+02   6.8192038e+00   6.8037488e+01   6.4986277e+00   1.3830498e+00   6.2385349e+00   1.7285348e+00   6.5692872e-02   1.4258267e+00   2.0880010e-02   2.3914407e-02   2.5890562e-02   2.9265073e-02   9.8355764e-01   3.0000000e+00
   1.0000000e+01   2.8109600e+02   1.3953000e+00   1.9300000e+02   3.3100000e+02   1.8500000e+02   6.8296062e+00   4.5380956e+01   6.1788369e+00   1.7719646e+00   6.1632239e+00   1.2699524e+00   4.3927311e-02   9.2599155e-01   2.6580369e-02   2.9675245e-02   1.9286959e-02   2.1947271e-02   9.8378100e-01   4.0000000e+00
   1.0000000e+01   6.5056552e+02   7.7162292e-01   1.8118529e+02   2.2200000e+02   2.5200000e+02   6.7432280e+00   2.5703026e+01   5.7877381e+00   1.3482235e+00   6.0303461e+00   1.7472569e+00   1.8346742e-02   3.9552701e-01   1.5050077e-02   1.7221120e-02   1.9333826e-02   2.1786265e-02   9.9100027e-01   6.0000000e+00
   1.0000000e+01   8.6823078e+02   5.7193735e-01   1.7422490e+02   2.7600000e+02   2.5400000e+02   7.2274227e+00   5.3454756e+01   6.0806283e+00   1.5960972e+00   5.5290666e+00   2.7906854e+00   4.2726285e-02   1.2940752e+00   2.0207882e-02   2.7118840e-02   3.5965907e-02   4.5453197e-02   9.8479625e-01   7.0000000e+00
   1.0000000e+01   6.6118848e+02   7.4300619e-01   1.8084560e+02   2.9000000e+02   3.1400000e+02   6.9461885e+00   7.7868815e+01   5.5384766e+00   1.3313951e+00   5.5171797e+00   1.7919031e+00   4.9360216e-02   1.0708038e+00   1.3288333e-02   1.5226462e-02   1.7697515e-02   1.9909035e-02   9.9277694e-01   8.0000000e+00
   1.0000000e+01   9.0027003e+02   5.1447984e-01   1.7320037e+02   2.0700000e+02   3.2000000e+02   7.5290966e+00   4.3375100e+01   5.8487026e+00   1.5221029e+00   6.2593722e+00   2.9585278e+00   4.0983980e-02   1.2607382e+00   2.3748023e-02   3.1497430e-02   4.7222745e-02   5.9761812e-02   9.7734906e-01   9.0000000e+00
   1.0000000e+01   7.0597029e+02   6.6816573e-01   1.7941359e+02   1.9300000e+02   3.2700000e+02   7.4713123e+00   9.1100495e+01   5.9084320e+00   1.2624381e+00   5.8052403e+00   1.8894086e+00   5.5454136e-02   1.2042352e+00   1.2176705e-02   1.3987573e-02   1.7963569e-02   2.0127782e-02   9.9329270e-01   1.0000000e+01
   1.0000000e+01   5.5252078e+02   8.9280138e-01   1.8432052e+02   3.1900000e+02   3.3000000e+02   6.6165831e+00   3.3007084e+01   6.2546937e+00   1.3442470e+00   5.5934573e+00   1.5056507e+00   2.3653437e-02   4.7353664e-01   1.4830125e-02   1.6576903e-02   1.6537004e-02   1.8373781e-02   9.9158616e-01   1.1000000e+01
   1.0000000e+01   3.4364000e+02   1.6810047e+00   1.9100000e+02   3.2200000e+02   3.4800000e+02   7.7763141e+00   6.4428073e+01   5.6799212e+00   2.1395941e+00   5.9851002e+00   1.2728067e+00   5.3076120e-02   1.2311248e+00   2.8203371e-02   3.1927364e-02   1.7012675e-02   1.9948989e-02   9.8662062e-01   1.2000000e+01
   1.0000000e+01   7.4193881e+02   6.2830984e-01   1.7826340e+02   2.6100000e+02   3.5300000e+02   7.0321107e+00   5.2126871e+01   5.4747744e+00   1.3958713e+00   5.7581994e+00   2.2216288e+00   3.3634211e-02   8.3126237e-01   1.4482235e-02   1.7446383e-02   2.2811598e-02   2.6428817e-02   9.9139394e-01   1.3000000e+01
   1.0000000e+01   4.3168217e+02   1.2022831e+00   1.8818463e+02   2.3800000e+02   3.7800000e+02   7.2491864e+00   1.2517077e+02   6.0873825e+00   1.5792259e+00   5.5694362e+00   1.3135225e+00   5.9470032e-02   1.2047946e+00   1.1516032e-02   1.2810144e-02   9.6504309e-03   1.0835433e-02   9.9623402e-01   1.5000000e+01
   1.0000000e+01   2.8109600e+02   1.6889581e+00   1.9300000e+02   1.3800000e+02   3.9400000e+02   8.5729363e+00   1.3100061e+02   6.3216979e+00   2.3059211e+00   6.3060586e+00   1.3652920e+00   8.8282856e-02   2.2083638e+00   2.5028799e-02   2.9004578e-02   1.4949027e-02   1.8055216e-02   9.9040288e-01   1.7000000e+01
   1.1000000e+01   8.4750941e+02   7.2739407e-01   1.8388752e+02   3.2700000e+02   1.6500000e+02   6.5555136e+00   2.9001489e+01   6.1033703e+00   1.5214082e+00   6.4470772e+00   2.0915873e+00   2.9057174e-02   7.2754760e-01   2.3780931e-02   2.8991296e-02   3.2526028e-02   3.8374094e-02   9.8026219e-01   1.0000000e+00
   1.1000000e+01   3.8423851e+02   1.4532712e+00   1.9870176e+02   1.2100000e+02   2.1500000e+02   6.4709537e+00   3.8977384e+01   6.3386785e+00   1.9463122e+00   5.9858098e+00   1.3392629e+00   3.7363979e-02   8.4741675e-01   2.9273839e-02   3.3221414e-02   2.0355974e-02   2.3712236e-02   9.8289829e-01   2.0000000e+00
   1.1000000e+01   9.5983264e+02   5.2961878e-01   1.8029571e+02   1.4700000e+02   2.8300000e+02   6.8499850e+00   4.6794164e+01   6.2761421e+00   1.5611284e+00   5.9328535e+00   2.9476455e+00   3.6932467e-02   1.1445215e+00   2.0001028e-02   2.6871458e-02   3.8615057e-02   4.9147312e-02   9.8428830e-01   3.0000000e+00
   1.1000000e+01   9.6155361e+02   5.9031550e-01   1.8024067e+02   2.5600000e+02   3.1800000e+02   8.0602578e+00   4.0215853e+01   6.1209814e+00   1.9548143e+00   6.6430537e+00   3.3114738e+00   6.7796450e-02   2.5509431e+00   4.4700138e-02   7.3983145e-02   8.1805628e-02   1.2083468e-01   9.3832711e-01   5.0000000e+00
   1.1000000e+01   2.1131020e+02   1.8390162e+00   2.0423157e+02   2.9500000e+02   3.9800000e+02   7.3596624e+00   1.2705447e+02   5.7996775e+00   2.7369091e+00   5.9612473e+00   1.4882464e+00   9.8679865e-02   2.8462271e+00   3.5038176e-02   4.2942798e-02   1.8897466e-02   2.4398220e-02   9.8552471e-01   6.0000000e+00
   1.1000000e+01   5.4183489e+02   8.3229449e-01   1.9366223e+02   3.0800000e+02   4.2800000e+02   6.6432310e+00   3.4979785e+01   6.0705484e+00   1.4157085e+00   6.0190351e+00   1.7009706e+00   2.4794577e-02   5.3989920e-01   1.5630485e-02   1.7923524e-02   1.8667613e-02   2.1170451e-02   9.9109015e-01   8.0000000e+00
   1.2000000e+01   3.7491200e+02   1.1530276e+00   2.0000000e+02   3.5700000e+02   6.9000000e+01   6.5835871e+00   2.6900291e+01   6.2082820e+00   1.5812874e+00   6.2100405e+00   1.3714219e+00   2.3616345e-02   4.8915535e-01   2.1405270e-02   2.3966163e-02   1.8645188e-02   2.1035398e-02   9.8701555e-01   1.0000000e+00
   1.2000000e+01   5.1605785e+02   1.0296562e+00   1.9548651e+02   1.6000000e+02   1.9000000e+02   7.1094168e+00   1.2430987e+02   5.8994363e+00   1.4552334e+00   5.7568453e+00   1.4133198e+00   6.7206007e-02   1.3554198e+00   1.2082780e-02   1.3484459e-02   1.1749519e-02   1.3130630e-02   9.9516327e-01   4.0000000e+00
   1.2000000e+01   8.6462201e+02   6.7941598e-01   1.8434030e+02   3.9700000e+02   2.0200000e+02   6.7875069e+00   4.8114905e+01   5.8115297e+00   1.5480242e+00   6.4467697e+00   2.2784630e+00   5.3782836e-02   1.4215407e+00   2.7005641e-02   3.3867943e-02   3.9606664e-02   4.7530747e-02   9.7439898e-01   5.0000000e+00
   1.2000000e+01   6.6394085e+02   6.9686685e-01   1.9075758e+02   1.2100000e+02   2.8100000e+02   6.8964893e+00   5.5518115e+01   6.1297679e+00   1.2834832e+00   6.4342548e+00   1.8417912e+00   4.3972669e-02   9.5099540e-01   1.6059086e-02   1.8405481e-02   2.2776110e-02   2.5529289e-02   9.8876874e-01   9.0000000e+00
   1.2000000e+01   8.9305542e+02   5.4334444e-01   1.8343107e+02   2.6100000e+02   3.0900000e+02   7.2203467e+00   7.1392760e+01   5.7967332e+00   1.5254961e+00   5.6706393e+00   2.8076041e+00   4.9646187e-02   1.4754569e+00   1.7260917e-02   2.2654787e-02   3.2231582e-02   4.0128592e-02   9.8817209e-01   1.1000000e+01
   1.2000000e+01   8.1731686e+02   5.6313905e-01   1.8585300e+02   2.4500000e+02   3.1200000e+02   7.0313450e+00   2.4936346e+01   6.1677985e+00   1.3287762e+00   5.3944426e+00   2.3595881e+00   2.5197755e-02   6.3278966e-01   2.2183643e-02   2.6673568e-02   3.9072967e-02   4.5315249e-02   9.7823013e-01   1.2000000e+01
   1.3000000e+01   3.4364000e+02   1.2855917e+00   2.0400000e+02   3.3800000e+02   1.1800000e+02   6.9041920e+00   7.3326509e+01   6.1075124e+00   1.7300993e+00   5.6591533e+00   1.3457611e+00   6.2959600e-02   1.3496585e+00   2.3035770e-02   2.5923312e-02   1.8051087e-02   2.0613095e-02   9.8709686e-01   1.0000000e+00
   1.3000000e+01   3.7498897e+02   1.4392155e+00   2.0299754e+02   8.9000000e+01   1.4800000e+02   6.6983062e+00   9.6125410e+01   6.1772058e+00   1.8279629e+00   6.2733083e+00   1.2701107e+00   8.2389853e-02   1.7641924e+00   2.4371101e-02   2.7270065e-02   1.7155933e-02   1.9617478e-02   9.8701002e-01   2.0000000e+00
   1.3000000e+01   5.2609193e+02   9.5815448e-01   1.9816565e+02   8.1000000e+01   3.1500000e+02   7.4324723e+00   1.3045430e+02   5.6102562e+00   1.4504991e+00   5.8490275e+00   1.5138468e+00   8.0594289e-02   1.6760182e+00   1.3845632e-02   1.5596122e-02   1.4428050e-02   1.6220342e-02   9.9348118e-01   3.0000000e+00
   1.3000000e+01   6.8763200e+02   6.7021559e-01   1.9300000e+02   4.0100000e+02   3.9000000e+02   7.2037706e+00   1.1113276e+02   6.4104369e+00   1.4985399e+00   6.5263843e+00   2.2359072e+00   6.3338022e-02   1.6318867e+00   1.3513557e-02   1.6635638e-02   2.0063362e-02   2.3759135e-02   9.9322060e-01   4.0000000e+00
   1.4000000e+01   6.2508800e+02   8.3470391e-01   1.8500000e+02   1.3600000e+02   1.1700000e+02   5.9634202e+00   2.6497128e+01   6.4953499e+00   1.3719754e+00   6.4103491e+00   1.6436671e+00   2.2738882e-02   4.7981991e-01   1.8338691e-02   2.0801034e-02   2.1826693e-02   2.4505904e-02   9.8730280e-01   1.0000000e+00
   1.4000000e+01   6.6408768e+02   7.7944272e-01   1.8375289e+02   1.9700000e+02   1.6200000e+02   7.0015889e+00   5.7676428e+01   5.6554336e+00   1.3384370e+00   5.5486804e+00   1.7171717e+00   4.4256932e-02   9.4292778e-01   1.6073682e-02   1.8309655e-02   2.0441985e-02   2.2942187e-02   9.8969054e-01   2.0000000e+00
   1.4000000e+01   4.8509830e+02   1.0635479e+00   1.8947652e+02   7.2000000e+01   2.1700000e+02   7.3127085e+00   1.7587789e+02   5.7182024e+00   1.5257670e+00   5.8543754e+00   1.4346012e+00   1.0992003e-01   2.2849799e+00   1.4712932e-02   1.6527781e-02   1.3864176e-02   1.5627597e-02   9.9335231e-01   3.0000000e+00
   1.4000000e+01   5.5629839e+02   8.9446231e-01   1.8719972e+02   9.7000000e+01   3.5100000e+02   7.0542621e+00   8.4897389e+01   5.6142688e+00   1.3822984e+00   6.3332590e+00   1.5453959e+00   5.1639662e-02   1.0594288e+00   1.3017716e-02   1.4634591e-02   1.4475262e-02   1.6179242e-02   9.9374550e-01   4.0000000e+00
   1.5000000e+01   9.4079823e+02   6.8710042e-01   1.9090438e+02   1.5500000e+02   1.2900000e+02   6.1010083e+00   2.8406314e+01   6.1090587e+00   2.3957360e+00   7.4514764e+00   3.4867334e+00   3.7305902e-02   1.6773013e+00   3.5041584e-02   7.0135142e-02   6.1774509e-02   1.0593171e-01   9.6756657e-01   3.0000000e+00
   1.5000000e+01   7.9306241e+02   6.8561101e-01   1.9562860e+02   1.9300000e+02   1.4200000e+02   6.4423157e+00   2.9181783e+01   6.1315582e+00   1.5921007e+00   5.7645811e+00   2.3221634e+00   2.9101459e-02   7.8601124e-01   2.4423694e-02   3.1197554e-02   3.5467948e-02   4.3090699e-02   9.7954410e-01   5.0000000e+00
   1.5000000e+01   6.2508800e+02   8.0512131e-01   2.0100000e+02   2.1100000e+02   2.0500000e+02   6.3957986e+00   5.0559950e+01   6.5095503e+00   1.3457454e+00   5.7681148e+00   1.6714815e+00   2.6174259e-02   5.5141990e-01   1.0869587e-02   1.2335329e-02   1.3375961e-02   1.5001868e-02   9.9534363e-01   8.0000000e+00
   1.5000000e+01   2.5769523e+02   1.4576870e+00   2.1274830e+02   4.0800000e+02   2.1300000e+02   6.8586823e+00   4.5167421e+01   6.1627634e+00   1.8769774e+00   6.3555665e+00   1.2876409e+00   5.2210010e-02   1.1389362e+00   3.3874960e-02   3.8053550e-02   2.3543381e-02   2.7075324e-02   9.7610431e-01   9.0000000e+00
   1.5000000e+01   5.7903405e+02   8.6233292e-01   2.0247269e+02   2.4500000e+02   2.1800000e+02   7.4033759e+00   1.2425384e+02   5.8197969e+00   1.3327716e+00   5.9136361e+00   1.5455418e+00   6.0407838e-02   1.2194924e+00   9.9975631e-03   1.1207989e-02   1.1524596e-02   1.2823430e-02   9.9607639e-01   1.0000000e+01
   1.5000000e+01   6.5636000e+02   7.5919875e-01   2.0000000e+02   2.8200000e+02   2.6500000e+02   6.5997601e+00   6.8237065e+01   5.9392681e+00   1.4118972e+00   6.0550347e+00   1.8597202e+00   3.5063293e-02   7.9718395e-01   1.1364754e-02   1.3258924e-02   1.4855346e-02   1.6991791e-02   9.9510629e-01   1.3000000e+01
   1.5000000e+01   7.9082485e+02   6.1486903e-01   1.9570015e+02   1.7000000e+02   2.8200000e+02   7.0682368e+00   6.8591454e+01   5.8324659e+00   1.4260032e+00   5.9322193e+00   2.3191983e+00   4.4609901e-02   1.1418623e+00   1.4868799e-02   1.8232884e-02   2.4005782e-02   2.8124488e-02   9.9104866e-01   1.5000000e+01
   1.5000000e+01   6.7605054e+02   6.8513981e-01   1.9937035e+02   2.7600000e+02   3.0400000e+02   6.9179291e+00   8.8788552e+01   5.6596380e+00   1.3077430e+00   5.9435180e+00   1.9087244e+00   6.3335543e-02   1.4065410e+00   1.4759236e-02   1.7074325e-02   2.1286470e-02   2.4023374e-02   9.9066449e-01   1.6000000e+01
   1.5000000e+01   5.4903499e+02   8.7249222e-01   2.0343198e+02   6.9000000e+01   3.5500000e+02   7.1600964e+00   1.5919185e+02   3.5963889e+00   1.4921981e+00   6.2404898e+00   1.7102710e+00   8.7110457e-02   1.9743857e+00   1.3542946e-02   1.5471998e-02   1.5321975e-02   1.7302369e-02   9.9399951e-01   2.0000000e+01
   1.5000000e+01   6.5264593e+02   7.5168762e-01   2.0011877e+02   3.1600000e+02   3.7900000e+02   7.3313111e+00   1.5300566e+02   6.1340762e+00   1.3097948e+00   6.1093430e+00   1.7424723e+00   8.0523058e-02   1.7087950e+00   1.0796397e-02   1.2299515e-02   1.4196791e-02   1.5912376e-02   9.9514122e-01   2.4000000e+01
   1.6000000e+01   4.6872800e+02   1.0669747e+00   1.8500000e+02   9.5000000e+01   1.3600000e+02   6.3341785e+00   4.0614021e+01   5.4327303e+00   1.4806821e+00   6.1402644e+00   1.3877387e+00   2.8160963e-02   5.6725807e-01   1.5791091e-02   1.7584457e-02   1.4819619e-02   1.6569086e-02   9.9204431e-01   1.0000000e+00
   1.6000000e+01   4.0618400e+02   1.1336141e+00   1.8700000e+02   2.2800000e+02   1.4200000e+02   6.8127205e+00   4.9269429e+01   6.4086565e+00   1.4397571e+00   6.2329788e+00   1.2700592e+00   2.8701837e-02   5.4690353e-01   1.2689516e-02   1.3958072e-02   1.1256737e-02   1.2463367e-02   9.9471995e-01   2.0000000e+00
   1.6000000e+01   3.4364000e+02   1.5270471e+00   1.8900000e+02   1.9500000e+02   2.7000000e+02   7.4814678e+00   7.9491856e+01   6.0898554e+00   1.9077690e+00   6.0693213e+00   1.2493191e+00   5.5820892e-02   1.2098551e+00   2.1000634e-02   2.3493035e-02   1.3914727e-02   1.5980320e-02   9.9105005e-01   5.0000000e+00
   1.6000000e+01   9.3008726e+02   5.5577838e-01   1.7024689e+02   3.5600000e+02   3.2400000e+02   7.2646673e+00   2.5877497e+01   5.7644824e+00   1.6626013e+00   5.5071756e+00   2.9914826e+00   4.4319844e-02   1.4347486e+00   4.4573887e-02   6.2366827e-02   8.2858216e-02   1.0859631e-01   9.3148503e-01   6.0000000e+00
   1.6000000e+01   3.8146292e+02   1.2325654e+00   1.8779052e+02   2.7400000e+02   3.3100000e+02   7.0351722e+00   1.0599499e+02   5.9189497e+00   1.6117916e+00   5.8835099e+00   1.3076723e+00   4.9535310e-02   1.0112847e+00   1.1579179e-02   1.2893675e-02   9.4708204e-03   1.0661569e-02   9.9632447e-01   7.0000000e+00
   1.6000000e+01   5.3996446e+02   9.4019582e-01   1.8272204e+02   3.7700000e+02   3.8200000e+02   8.1768490e+00   9.8820575e+01   5.8212125e+00   1.3961605e+00   5.7670203e+00   1.4849678e+00   7.9630180e-02   1.6125703e+00   1.7322114e-02   1.9393477e-02   1.8387693e-02   2.0520710e-02   9.8927502e-01   1.0000000e+01
   1.6000000e+01   3.8253974e+02   1.4209782e+00   1.8775608e+02   2.8600000e+02   3.9700000e+02   7.1139155e+00   8.6451023e+01   6.4750815e+00   1.7696397e+00   6.4399440e+00   1.2453673e+00   5.5608625e-02   1.1611903e+00   1.7656682e-02   1.9634024e-02   1.2592022e-02   1.4288851e-02   9.9280941e-01   1.1000000e+01
   1.6000000e+01   2.1855200e+02   1.7050982e+00   1.9300000e+02   3.3000000e+02   4.1700000e+02   7.6699746e+00   6.6615128e+01   6.3852532e+00   2.3138074e+00   6.2607641e+00   1.3569936e+00   6.5309961e-02   1.6310383e+00   3.6651287e-02   4.2437667e-02   2.1696757e-02   2.6160095e-02   9.7980243e-01   1.2000000e+01
   1.7000000e+01   7.5179460e+02   7.4764101e-01   1.8594824e+02   4.3600000e+02   1.0900000e+02   6.9029103e+00   3.6996379e+01   5.9849123e+00   1.5439415e+00   5.9922006e+00   2.0650839e+00   6.8591213e-02   1.7222607e+00   4.4063650e-02   5.4007539e-02   5.8439348e-02   6.9360951e-02   9.3708151e-01   3.0000000e+00
   1.7000000e+01   7.1890400e+02   7.0299374e-01   1.8700000e+02   3.7600000e+02   1.5800000e+02   7.6555678e+00   4.4124386e+01   5.9505802e+00   1.4237990e+00   6.1276155e+00   2.0253366e+00   6.7737627e-02   1.6205735e+00   3.4341844e-02   4.0948813e-02   4.8519541e-02   5.6116312e-02   9.5636718e-01   4.0000000e+00
   1.7000000e+01   4.3745600e+02   1.2882123e+00   1.9600000e+02   4.1900000e+02   3.8900000e+02   6.4669914e+00   2.8607487e+01   5.6303078e+00   1.6755358e+00   6.1570944e+00   1.3006675e+00   2.4708688e-02   5.1281942e-01   2.2342624e-02   2.4919775e-02   1.7513973e-02   1.9812464e-02   9.8730196e-01   1.4000000e+01
   1.7000000e+01   3.2565503e+02   1.5913038e+00   1.9957511e+02   2.0800000e+02   3.9300000e+02   7.4198401e+00   1.2384337e+02   5.7418794e+00   1.9700865e+00   5.8873643e+00   1.2380329e+00   6.6959372e-02   1.4708169e+00   1.6754572e-02   1.8759967e-02   1.0690902e-02   1.2325773e-02   9.9458435e-01   1.5000000e+01
   1.7000000e+01   6.7790638e+02   6.1639415e-01   1.8831100e+02   9.3000000e+01   3.9700000e+02   6.6989850e+00   4.7788154e+01   6.4253452e+00   1.2924265e+00   6.5056411e+00   2.0967533e+00   3.0798034e-02   7.1379225e-01   1.3487381e-02   1.5798727e-02   2.1562473e-02   2.4459884e-02   9.9184365e-01   1.7000000e+01
   1.7000000e+01   7.6006292e+02   6.4005114e-01   1.8568384e+02   1.9800000e+02   4.1300000e+02   7.3564286e+00   4.0741727e+01   5.6430122e+00   1.4168899e+00   6.2818249e+00   2.2137136e+00   3.9450767e-02   9.8132033e-01   2.1962986e-02   2.6570760e-02   3.3982921e-02   3.9529971e-02   9.8090716e-01   2.0000000e+01
   1.8000000e+01   3.7491200e+02   1.3175952e+00   1.9700000e+02   1.0700000e+02   8.3000000e+01   6.3019469e+00   8.0024309e+01   6.4566667e+00   1.7348174e+00   5.6534827e+00   1.3166542e+00   7.3284033e-02   1.5566628e+00   2.4657681e-02   2.7620663e-02   1.8911447e-02   2.1532330e-02   9.8538577e-01   1.0000000e+00
   1.8000000e+01   3.2857906e+02   1.2684626e+00   1.9848161e+02   2.7400000e+02   1.0300000e+02   6.4477162e+00   4.6377745e+01   6.2303395e+00   1.7623100e+00   6.3204614e+00   1.3893275e+00   4.2648988e-02   9.3646795e-01   2.5169665e-02   2.8528161e-02   1.9981763e-02   2.2989584e-02   9.8490895e-01   2.0000000e+00
   1.8000000e+01   2.2324666e+02   1.8474372e+00   2.0184988e+02   2.6600000e+02   1.5900000e+02   6.3703910e+00   4.2496115e+01   6.7616496e+00   2.9307413e+00   5.8298901e+00   1.5863821e+00   5.5230316e-02   1.7377490e+00   6.4708077e-02   8.2908707e-02   3.3530297e-02   4.5082843e-02   9.5840305e-01   3.0000000e+00
   1.8000000e+01   5.0400716e+02   9.6990152e-01   1.9287186e+02   1.7300000e+02   2.0600000e+02   6.3993922e+00   3.1045125e+01   6.0142840e+00   1.3051990e+00   5.8595543e+00   1.3457026e+00   2.8221007e-02   5.2786817e-01   1.7902394e-02   1.9712460e-02   1.8424296e-02   2.0256011e-02   9.8756487e-01   4.0000000e+00
   1.8000000e+01   4.2784461e+02   1.2541811e+00   1.9530735e+02   2.8800000e+02   3.0800000e+02   6.6714631e+00   6.5147248e+01   5.6466453e+00   1.5815718e+00   5.6532344e+00   1.2610394e+00   4.0668543e-02   8.0880571e-01   1.5099167e-02   1.6699054e-02   1.2149457e-02   1.3598021e-02   9.9363339e-01   6.0000000e+00
   1.8000000e+01   7.1890400e+02   7.1089098e-01   1.8600000e+02   4.3200000e+02   3.3300000e+02   6.3955724e+00   3.0351184e+01   6.2769052e+00   1.6841498e+00   6.2248130e+00   2.3690691e+00   3.7404380e-02   1.0501759e+00   3.1036566e-02   4.0899379e-02   4.3653615e-02   5.4448987e-02   9.6933071e-01   7.0000000e+00
   1.8000000e+01   4.7457268e+02   1.0553079e+00   1.9381310e+02   1.3000000e+02   3.8200000e+02   6.4762708e+00   7.2132097e+01   6.0468253e+00   1.4472517e+00   6.2503016e+00   1.3714022e+00   4.6459333e-02   9.2101545e-01   1.4255177e-02   1.5837195e-02   1.3543956e-02   1.5085799e-02   9.9326995e-01   8.0000000e+00
   1.9000000e+01   8.4399200e+02   6.6481514e-01   1.8400000e+02   3.9900000e+02   1.1500000e+02   6.7512775e+00   2.2724696e+01   5.8635638e+00   1.8309864e+00   6.3497913e+00   2.7541286e+00   3.9677555e-02   1.2665545e+00   4.5345169e-02   6.6375841e-02   6.9359774e-02   9.3220718e-02   9.3809840e-01   2.0000000e+00
   1.9000000e+01   3.0399767e+02   1.2757625e+00   2.0126766e+02   4.4000000e+02   1.1500000e+02   6.4660741e+00   3.1208133e+01   6.1329885e+00   1.6872770e+00   6.3292556e+00   1.3225635e+00   4.2302677e-02   8.8756647e-01   3.5350030e-02   3.9572303e-02   2.7949509e-02   3.1710466e-02   9.6900296e-01   3.0000000e+00
   1.9000000e+01   8.6093679e+02   5.5137416e-01   1.8345815e+02   2.7900000e+02   2.7600000e+02   6.4944799e+00   2.5946811e+01   5.4866823e+00   1.4774690e+00   6.2420770e+00   2.6796124e+00   2.5978504e-02   7.3750485e-01   2.4204731e-02   3.0945828e-02   4.4093260e-02   5.3625154e-02   9.7648729e-01   6.0000000e+00
   1.9000000e+01   8.4936320e+02   5.7756004e-01   1.8382824e+02   3.0300000e+02   2.9000000e+02   6.6713715e+00   4.6191403e+01   6.5666960e+00   1.5027054e+00   6.3435718e+00   2.6018168e+00   4.4240439e-02   1.2456022e+00   2.3240097e-02   2.9716102e-02   4.0365450e-02   4.9051361e-02   9.7903172e-01   7.0000000e+00
   1.9000000e+01   2.1694936e+02   2.0365711e+00   2.0405125e+02   1.6500000e+02   3.8600000e+02   6.4630337e+00   4.0965494e+01   5.8077318e+00   2.8448324e+00   6.3219137e+00   1.3968736e+00   2.9862779e-02   8.5980876e-01   3.5706009e-02   4.3597664e-02   1.7324512e-02   2.1919423e-02   9.8659820e-01   8.0000000e+00
   1.9000000e+01   3.7122857e+02   1.3866842e+00   1.9911779e+02   2.5500000e+02   4.1300000e+02   7.1894867e+00   7.0621936e+01   5.7241281e+00   1.8328342e+00   6.1823033e+00   1.3217387e+00   4.1991856e-02   9.1771505e-01   1.6977572e-02   1.9127204e-02   1.2380211e-02   1.4237030e-02   9.9360150e-01   9.0000000e+00
   2.0000000e+01   8.8106800e+02   5.5142747e-01   1.7581440e+02   2.1200000e+02   3.0200000e+02   7.0601991e+00   4.3731975e+01   6.1989526e+00   1.4331842e+00   6.1427175e+00   2.5990440e+00   4.2503243e-02   1.1658598e+00   2.2843268e-02   2.8718982e-02   4.1514465e-02   4.9682826e-02   9.7832004e-01   3.0000000e+00
   2.0000000e+01   3.7242855e+02   1.4506947e+00   1.9207941e+02   2.1100000e+02   3.3500000e+02   6.8238066e+00   4.4501972e+01   5.6319503e+00   1.8475785e+00   6.4087456e+00   1.2735819e+00   3.5904738e-02   7.7363284e-01   2.3255130e-02   2.6036433e-02   1.6252093e-02   1.8610409e-02   9.8834755e-01   4.0000000e+00
   2.0000000e+01   7.7155285e+02   5.9039813e-01   1.7931642e+02   1.4200000e+02   3.4400000e+02   6.9642493e+00   4.6028267e+01   6.0977543e+00   1.3937418e+00   6.3273436e+00   2.3606812e+00   2.9323708e-02   7.5066399e-01   1.4412999e-02   1.7596675e-02   2.4246316e-02   2.8334823e-02   9.9125707e-01   5.0000000e+00
   2.0000000e+01   5.7568954e+02   8.2572144e-01   1.8557964e+02   3.4800000e+02   3.5300000e+02   7.1358451e+00   6.0928894e+01   6.3557929e+00   1.3501063e+00   5.9765459e+00   1.6350626e+00   4.6051630e-02   9.6132795e-01   1.5856840e-02   1.7945832e-02   1.9071574e-02   2.1365608e-02   9.9023529e-01   6.0000000e+00
   2.1000000e+01   3.1236800e+02   1.3781158e+00   2.0300000e+02   9.4000000e+01   8.6000000e+01   7.2895823e+00   9.3723508e+01   5.6340051e+00   1.8109175e+00   6.3815301e+00   1.3140533e+00   9.6778200e-02   2.0963298e+00   2.9121478e-02   3.2730157e-02   2.1371527e-02   2.4496803e-02   9.8107328e-01   3.0000000e+00
   2.1000000e+01   6.3738956e+02   7.4336000e-01   1.9260663e+02   1.0700000e+02   2.9400000e+02   7.4568634e+00   6.1878320e+01   6.1677795e+00   1.4009381e+00   6.3409390e+00   1.8846024e+00   4.7679501e-02   1.0873859e+00   1.6972515e-02   1.9812283e-02   2.2651739e-02   2.5876137e-02   9.8896628e-01   1.1000000e+01
   2.1000000e+01   2.8109600e+02   1.9180512e+00   2.0400000e+02   1.8400000e+02   4.0100000e+02   7.0621845e+00   3.7499936e+01   5.8697239e+00   2.7559009e+00   5.7196153e+00   1.4368234e+00   2.8924471e-02   8.2482115e-01   3.5637686e-02   4.3341219e-02   1.8450183e-02   2.3486047e-02   9.8552396e-01   1.5000000e+01
   2.2000000e+01   9.4715215e+02   6.3381429e-01   1.9070120e+02   2.1100000e+02   1.5800000e+02   1.0800479e+01   1.2696863e+02   6.0148801e+00   1.7051007e+00   5.4949291e+00   2.6902213e+00   8.3104168e-02   2.5359567e+00   1.6810895e-02   2.3210957e-02   2.6976041e-02   3.4731643e-02   9.9039822e-01   2.0000000e+00
   2.2000000e+01   3.6062306e+02   1.2988142e+00   2.0945692e+02   2.9400000e+02   1.7100000e+02   9.5005015e+00   7.1909373e+01   5.7753674e+00   1.7687437e+00   5.6112240e+00   1.3618143e+00   4.8273890e-02   1.0519740e+00   1.8445885e-02   2.0836920e-02   1.4318145e-02   1.6435407e-02   9.9194010e-01   3.0000000e+00
   2.2000000e+01   2.4490162e+02   1.7047027e+00   2.1315741e+02   1.4400000e+02   1.9400000e+02   9.9184505e+00   5.5213938e+01   5.7242413e+00   2.6138626e+00   5.3900243e+00   1.5333246e+00   3.9566728e-02   1.1255408e+00   3.0125400e-02   3.6824316e-02   1.7608007e-02   2.2709320e-02   9.8812380e-01   4.0000000e+00
   2.2000000e+01   7.4540410e+02   7.2861043e-01   1.9715259e+02   3.7300000e+02   2.1700000e+02   1.0905978e+01   1.7195870e+02   5.5125582e+00   1.6771690e+00   6.0217061e+00   2.3018734e+00   1.4963615e-01   4.1232946e+00   2.1943316e-02   2.8492781e-02   3.0015853e-02   3.7149189e-02   9.8458838e-01   5.0000000e+00
   2.2000000e+01   4.0864190e+02   1.2553685e+00   2.0792140e+02   8.3000000e+01   3.3300000e+02   1.0466351e+01   1.9509654e+02   6.3858539e+00   1.7497776e+00   6.4298382e+00   1.3938358e+00   1.2352151e-01   2.7043917e+00   1.7221654e-02   1.9499366e-02   1.3827118e-02   1.5880985e-02   9.9277505e-01   1.1000000e+01
   2.2000000e+01   9.2118529e+02   5.4851202e-01   1.9153155e+02   1.1200000e+02   3.4400000e+02   1.0213324e+01   7.4111577e+01   5.9813873e+00   1.6582633e+00   5.5729312e+00   3.0232032e+00   5.5450810e-02   1.8051731e+00   1.9437955e-02   2.7295269e-02   3.6697563e-02   4.8243059e-02   9.8607298e-01   1.3000000e+01
   2.3000000e+01   2.4032475e+02   1.2524167e+00   1.9630376e+02   2.6500000e+02   6.9000000e+01   1.0636279e+01   1.1819260e+02   5.7576004e+00   1.7432697e+00   5.8604819e+00   1.3919247e+00   1.2592181e-01   2.7538223e+00   2.8812980e-02   3.2640473e-02   2.3172070e-02   2.6622885e-02   9.7996340e-01   1.0000000e+00
   2.3000000e+01   4.3745600e+02   1.2563917e+00   1.9000000e+02   3.4800000e+02   1.4300000e+02   9.1652393e+00   4.9810201e+01   6.0559997e+00   1.6295435e+00   6.1784343e+00   1.2970028e+00   3.9302698e-02   8.0374790e-01   1.9773990e-02   2.2013563e-02   1.5874284e-02   1.7885262e-02   9.8957518e-01   5.0000000e+00
   2.3000000e+01   4.6281172e+02   1.0879903e+00   1.8918919e+02   3.3100000e+02   3.1800000e+02   9.4024854e+00   6.1652387e+01   5.8503695e+00   1.5354396e+00   6.2064407e+00   1.4112623e+00   4.2700297e-02   8.8337785e-01   1.6391184e-02   1.8381385e-02   1.5109797e-02   1.7018759e-02   9.9188638e-01   1.3000000e+01
   2.3000000e+01   3.5568525e+02   1.4683878e+00   1.9261482e+02   1.9100000e+02   3.3300000e+02   9.5393444e+00   8.8424230e+01   6.3404436e+00   1.8385656e+00   6.2399765e+00   1.2520981e+00   4.8976899e-02   1.0449757e+00   1.5869941e-02   1.7717108e-02   1.0951389e-02   1.2509529e-02   9.9453514e-01   1.5000000e+01
   2.3000000e+01   2.5860924e+02   1.6583603e+00   1.9571907e+02   3.5600000e+02   3.8600000e+02   9.1426483e+00   5.8789885e+01   6.4685680e+00   2.2698866e+00   5.6012082e+00   1.3687536e+00   4.7639005e-02   1.1864147e+00   2.9514853e-02   3.4213991e-02   1.7991741e-02   2.1675652e-02   9.8635242e-01   1.7000000e+01
   2.3000000e+01   3.5892215e+02   1.5738977e+00   1.9251132e+02   1.0800000e+02   4.2900000e+02   9.4048566e+00   7.3282112e+01   6.4240036e+00   1.9807165e+00   5.6692294e+00   1.2584785e+00   4.2195576e-02   9.3753284e-01   1.7994087e-02   2.0211399e-02   1.1594097e-02   1.3404387e-02   9.9379088e-01   1.9000000e+01
   2.4000000e+01   7.1890400e+02   8.4587189e-01   1.7700000e+02   3.9800000e+02   7.6000000e+01   9.6354048e+00   6.2073067e+01   5.8267323e+00   1.3838962e+00   6.0222696e+00   1.6360588e+00   6.3942977e-02   1.3534894e+00   2.2138926e-02   2.5147993e-02   2.6043769e-02   2.9310701e-02   9.8188820e-01   1.0000000e+00
   2.4000000e+01   8.5565386e+02   6.4425190e-01   1.7262708e+02   1.7400000e+02   2.2300000e+02   9.3060278e+00   6.9480185e+01   6.1552736e+00   1.5942562e+00   6.0683434e+00   2.4745852e+00   6.8292451e-02   1.9129185e+00   2.4190336e-02   3.1522219e-02   3.7499650e-02   4.6032375e-02   9.7935759e-01   4.0000000e+00
   2.4000000e+01   4.2367772e+02   1.2177870e+00   1.8644059e+02   1.1100000e+02   2.3600000e+02   8.4497000e+00   5.1877591e+01   5.9431644e+00   1.6268969e+00   6.0718585e+00   1.3359454e+00   3.2532628e-02   6.7429499e-01   1.5754280e-02   1.7613492e-02   1.3011706e-02   1.4701869e-02   9.9331012e-01   6.0000000e+00
   2.4000000e+01   6.4572369e+02   7.3272281e-01   1.7934012e+02   3.6000000e+02   2.8600000e+02   1.0389142e+01   6.6132799e+01   5.5967163e+00   1.2836497e+00   5.6182204e+00   1.7518900e+00   8.4572445e-02   1.7858272e+00   2.5724600e-02   2.9263712e-02   3.4766476e-02   3.8838427e-02   9.7210467e-01   8.0000000e+00
   2.4000000e+01   2.7216683e+02   1.7292973e+00   1.9128553e+02   2.0700000e+02   2.8700000e+02   8.7185074e+00   4.5911793e+01   6.6328605e+00   2.1978002e+00   6.3998702e+00   1.2709210e+00   3.4318039e-02   8.1098303e-01   2.6597703e-02   3.0272230e-02   1.5560765e-02   1.8301037e-02   9.8868424e-01   9.0000000e+00
   2.4000000e+01   7.8004300e+02   6.8501220e-01   1.7504493e+02   4.0100000e+02   3.1200000e+02   1.2094486e+01   9.2113959e+01   6.2636927e+00   1.5736546e+00   5.9527696e+00   2.2972651e+00   8.1529030e-02   2.1768373e+00   2.1491622e-02   2.7242009e-02   3.1231026e-02   3.7710852e-02   9.8389565e-01   1.2000000e+01
   2.4000000e+01   4.1093039e+02   1.3155960e+00   1.8684822e+02   2.4400000e+02   4.1500000e+02   9.0644122e+00   7.8974254e+01   5.9345061e+00   1.7225185e+00   5.9339455e+00   1.3093065e+00   4.3570846e-02   9.1934012e-01   1.4717623e-02   1.6479171e-02   1.1284294e-02   1.2832649e-02   9.9469718e-01   1.5000000e+01
   2.5000000e+01   5.5359834e+02   8.7185708e-01   1.9028606e+02   1.5500000e+02   3.3100000e+02   8.4215846e+00   5.3388762e+01   6.0278542e+00   1.4377273e+00   5.9888057e+00   1.6490401e+00   3.5308556e-02   7.6295007e-01   1.4767131e-02   1.6875623e-02   1.6907974e-02   1.9164721e-02   9.9230005e-01   7.0000000e+00
   2.5000000e+01   6.5636000e+02   6.8306191e-01   1.8700000e+02   1.0000000e+02   3.5500000e+02   7.4439443e+00   3.7793163e+01   6.1520898e+00   1.3334022e+00   5.9003578e+00   1.9520956e+00   3.0815390e-02   6.9786654e-01   1.7229562e-02   2.0072243e-02   2.4928534e-02   2.8280519e-02   9.8759005e-01   9.0000000e+00
   2.6000000e+01   3.9498074e+02   1.1462241e+00   1.9235825e+02   2.8400000e+02   1.4100000e+02   8.5583795e+00   6.3663320e+01   6.2375358e+00   1.4937504e+00   6.0258215e+00   1.3031923e+00   2.9976932e-02   5.8898608e-01   1.0721929e-02   1.1862291e-02   9.4099568e-03   1.0482981e-02   9.9642561e-01   1.0000000e+00
   2.6000000e+01   9.3012330e+02   6.9852077e-01   1.7524574e+02   3.8000000e+02   1.6700000e+02   9.4308637e+00   4.5091351e+01   5.9300112e+00   1.9518703e+00   5.7167530e+00   2.7942911e+00   7.5775437e-02   2.5146068e+00   4.3633964e-02   6.7667809e-02   6.3596833e-02   8.9670085e-02   9.4554469e-01   3.0000000e+00
   2.6000000e+01   8.3282987e+02   7.3636765e-01   1.7835694e+02   2.8400000e+02   1.8400000e+02   9.0976636e+00   7.0236375e+01   5.5153468e+00   1.5511000e+00   6.2981020e+00   2.1064206e+00   5.9748176e-02   1.5141783e+00   2.0466852e-02   2.5116281e-02   2.7643839e-02   3.2828686e-02   9.8565187e-01   4.0000000e+00
   2.6000000e+01   3.3619763e+02   1.5615727e+00   1.9423799e+02   8.1000000e+01   2.1100000e+02   8.3549541e+00   7.7521843e+01   6.4829452e+00   2.0043293e+00   6.2659790e+00   1.2835325e+00   6.1480802e-02   1.3874696e+00   2.5148159e-02   2.8371562e-02   1.6314307e-02   1.8949656e-02   9.8810151e-01   6.0000000e+00
   2.6000000e+01   9.0776483e+02   6.6658855e-01   1.7596070e+02   4.3100000e+02   3.0100000e+02   8.7330986e+00   2.9034456e+01   6.2683156e+00   1.9619198e+00   6.4001533e+00   2.9432246e+00   4.8101120e-02   1.6648692e+00   4.3081196e-02   6.8701619e-02   6.6218100e-02   9.5280250e-02   9.4617367e-01   9.0000000e+00
   2.6000000e+01   4.8412735e+02   1.0307687e+00   1.8950757e+02   2.1600000e+02   3.1800000e+02   8.1767939e+00   4.0547652e+01   6.3948878e+00   1.5156384e+00   5.7789183e+00   1.4703962e+00   3.5205407e-02   7.3832038e-01   2.0341352e-02   2.2918990e-02   1.9754426e-02   2.2301307e-02   9.8714411e-01   1.1000000e+01
   2.7000000e+01   4.0618400e+02   1.2693281e+00   1.9800000e+02   3.4400000e+02   2.9900000e+02   8.7412235e+00   4.0814713e+01   6.0061127e+00   1.7123626e+00   5.7315565e+00   1.3490308e+00   5.0630988e-02   1.0825409e+00   3.2905559e-02   3.7028084e-02   2.6098578e-02   2.9775255e-02   9.7361907e-01   4.0000000e+00
   2.7000000e+01   7.5994573e+02   6.0128704e-01   1.8668759e+02   1.2400000e+02   3.4600000e+02   8.1469107e+00   4.0955200e+01   6.0229019e+00   1.5242840e+00   5.6499705e+00   2.5350355e+00   3.6953499e-02   1.0291508e+00   2.1883120e-02   2.8058311e-02   3.6431980e-02   4.4241933e-02   9.8186603e-01   7.0000000e+00
   2.8000000e+01   9.1469174e+02   7.3795459e-01   1.8773920e+02   3.6600000e+02   2.7900000e+02   7.7006274e+00   2.4997671e+01   5.6784205e+00   2.0345106e+00   6.7862258e+00   2.7569591e+00   3.6829619e-02   1.2543313e+00   3.9424048e-02   6.1421321e-02   5.5173744e-02   7.9654424e-02   9.5782884e-01   6.0000000e+00
   2.9000000e+01   5.3127200e+02   1.0045913e+00   1.9400000e+02   4.4000000e+02   1.5200000e+02   8.6990909e+00   1.4884203e+02   6.2282857e+00   1.4605681e+00   6.2476961e+00   1.4538929e+00   1.1229228e-01   2.2993846e+00   1.6982153e-02   1.9032805e-02   1.6903623e-02   1.8949123e-02   9.9047364e-01   1.0000000e+00
   2.9000000e+01   9.0827152e+02   6.8753889e-01   1.8194450e+02   2.3400000e+02   2.2800000e+02   8.4527507e+00   4.2772215e+01   6.5128379e+00   1.9617636e+00   6.0369586e+00   2.8533129e+00   3.8608220e-02   1.3043949e+00   2.3787348e-02   3.6891069e-02   3.5263659e-02   4.9807926e-02   9.8304072e-01   5.0000000e+00
   2.9000000e+01   2.2351306e+02   1.7385190e+00   2.0384136e+02   3.5000000e+02   3.9200000e+02   8.4483349e+00   7.5855805e+01   6.1724060e+00   2.3378127e+00   5.7885158e+00   1.3447150e+00   6.0671629e-02   1.5135511e+00   3.0260652e-02   3.4958133e-02   1.7595581e-02   2.1215611e-02   9.8639061e-01   1.0000000e+01
   3.0000000e+01   8.2305936e+02   7.5592331e-01   1.7366937e+02   1.4400000e+02   8.5000000e+01   8.1611515e+00   3.3602014e+01   6.4254570e+00   1.7832605e+00   5.8890486e+00   2.3590495e+00   3.4879475e-02   1.0042234e+00   2.6823242e-02   3.6228326e-02   3.5472089e-02   4.5432735e-02   9.7858808e-01   1.0000000e+00
   3.0000000e+01   9.0611993e+02   7.0064672e-01   1.7101331e+02   3.0500000e+02   8.8000000e+01   8.1905866e+00   2.2089539e+01   5.9716598e+00   2.2518027e+00   5.8057585e+00   3.2138917e+00   2.7921774e-02   1.0975553e+00   3.0941959e-02   6.0251015e-02   4.6380480e-02   7.8553852e-02   9.7273214e-01   2.0000000e+00
   3.0000000e+01   5.3127200e+02   9.3924200e-01   1.8300000e+02   3.2500000e+02   1.2600000e+02   8.8104184e+00   8.8386555e+01   5.6187929e+00   1.3928433e+00   6.1799099e+00   1.4829440e+00   5.2987080e-02   1.0702015e+00   1.2872649e-02   1.4399441e-02   1.3645151e-02   1.5219321e-02   9.9403689e-01   3.0000000e+00
   3.0000000e+01   8.8988136e+02   7.1795300e-01   1.7153257e+02   3.6600000e+02   1.9400000e+02   8.7142090e+00   3.2471009e+01   6.3133501e+00   1.9533859e+00   5.9619606e+00   2.7207713e+00   5.1273098e-02   1.6729719e+00   4.1158600e-02   6.2824417e-02   5.7994799e-02   8.1062013e-02   9.5188150e-01   7.0000000e+00
   3.0000000e+01   5.4596385e+02   9.0826761e-01   1.8253019e+02   3.8600000e+02   2.6900000e+02   8.9524142e+00   5.7156627e+01   6.3366284e+00   1.3883638e+00   6.1017090e+00   1.5285845e+00   5.8382342e-02   1.1966977e+00   2.1903397e-02   2.4614204e-02   2.4022427e-02   2.6866894e-02   9.8270086e-01   1.0000000e+01
   3.0000000e+01   2.3078629e+02   1.7434302e+00   1.9260878e+02   3.2800000e+02   2.8200000e+02   8.5402256e+00   4.7640260e+01   6.7059216e+00   2.4521452e+00   5.5430486e+00   1.4065061e+00   5.7753202e-02   1.5252252e+00   4.9025678e-02   5.8043444e-02   2.8098063e-02   3.4496101e-02   9.6767235e-01   1.1000000e+01
   3.0000000e+01   4.5212075e+02   1.1882344e+00   1.8553106e+02   3.4800000e+02   3.3300000e+02   8.6678122e+00   9.2550450e+01   5.6527910e+00   1.5795312e+00   6.3697996e+00   1.3293095e+00   5.2525920e-02   1.0702965e+00   1.3787163e-02   1.5354947e-02   1.1679452e-02   1.3127141e-02   9.9459775e-01   1.3000000e+01
   3.1000000e+01   8.4399200e+02   6.7025937e-01   1.7700000e+02   1.8500000e+02   1.6500000e+02   7.4293609e+00   3.4578082e+01   5.9073805e+00   1.5278774e+00   5.7864896e+00   2.2795315e+00   3.3615545e-02   8.8061296e-01   2.3233169e-02   2.9036094e-02   3.4503438e-02   4.1179875e-02   9.8053731e-01   5.0000000e+00
   3.1000000e+01   4.5690591e+02   1.0917541e+00   1.8937804e+02   1.5300000e+02   2.0300000e+02   7.3260629e+00   3.8981485e+01   6.0973000e+00   1.4835726e+00   5.6363943e+00   1.3588889e+00   2.7028462e-02   5.4050826e-01   1.5784786e-02   1.7553108e-02   1.4473486e-02   1.6165624e-02   9.9215502e-01   1.0000000e+01
   3.1000000e+01   7.2940844e+02   6.2557159e-01   1.8066409e+02   3.5400000e+02   3.0100000e+02   7.7948057e+00   5.5239471e+01   6.2183908e+00   1.4823824e+00   5.7851765e+00   2.3696446e+00   4.8768225e-02   1.2877084e+00   2.0799171e-02   2.5959152e-02   3.3089739e-02   3.9333811e-02   9.8340773e-01   1.8000000e+01
   3.1000000e+01   8.8619949e+02   5.9456110e-01   1.7565031e+02   4.2200000e+02   3.4600000e+02   7.6960568e+00   3.7862315e+01   6.4636422e+00   1.7436461e+00   6.6056015e+00   2.9326609e+00   4.0469404e-02   1.3263302e+00   2.8203049e-02   4.0257836e-02   4.9148973e-02   6.5333511e-02   9.7314067e-01   2.0000000e+01
   3.2000000e+01   5.1240957e+02   9.6501673e-01   1.9760317e+02   4.3600000e+02   2.0200000e+02   8.3880273e+00   1.1493996e+02   6.2561351e+00   1.4533088e+00   6.3157564e+00   1.5059934e+00   8.9163681e-02   1.8521534e+00   1.7431376e-02   1.9629030e-02   1.8034267e-02   2.0267973e-02   9.8978282e-01   2.0000000e+00
   3.2000000e+01   7.6489930e+02   6.7610526e-01   1.8952919e+02   2.1000000e+02   2.0500000e+02   7.9402807e+00   7.9894740e+01   5.6264540e+00   1.5016855e+00   5.9514134e+00   2.2210825e+00   4.7863661e-02   1.2281102e+00   1.4097387e-02   1.7403364e-02   2.0702700e-02   2.4504931e-02   9.9265405e-01   3.0000000e+00
   3.2000000e+01   3.9923715e+02   1.2626767e+00   2.0122214e+02   3.2900000e+02   3.3500000e+02   7.7425350e+00   4.9084831e+01   6.0393526e+00   1.5839487e+00   6.2278609e+00   1.2544373e+00   3.5374709e-02   7.0199579e-01   1.7440160e-02   1.9285198e-02   1.3940753e-02   1.5600828e-02   9.9155425e-01   4.0000000e+00
   3.2000000e+01   5.3153326e+02   9.5457606e-01   1.9699165e+02   3.7500000e+02   3.9400000e+02   8.0615945e+00   5.2765657e+01   5.7894340e+00   1.4294392e+00   5.8586467e+00   1.4974597e+00   3.7769915e-02   7.7675978e-01   1.5789883e-02   1.7740518e-02   1.6519587e-02   1.8516433e-02   9.9139158e-01   6.0000000e+00
   3.3000000e+01   9.0653600e+02   7.3454305e-01   1.8200000e+02   2.9900000e+02   1.5700000e+02   7.1065644e+00   2.0850195e+01   5.7709369e+00   2.0753216e+00   5.8317488e+00   2.8253233e+00   2.6838823e-02   9.2741214e-01   3.3086716e-02   5.4471264e-02   4.5994231e-02   6.8534799e-02   9.6949443e-01   3.0000000e+00
   3.3000000e+01   2.6491131e+02   1.6273226e+00   2.0251755e+02   1.6500000e+02   1.6300000e+02   7.5667796e+00   1.1075024e+02   5.6196989e+00   2.1832062e+00   5.7627824e+00   1.3415940e+00   1.0382448e-01   2.5017298e+00   3.2683691e-02   3.7500106e-02   2.0315619e-02   2.4177665e-02   9.8234632e-01   4.0000000e+00
   3.3000000e+01   6.5876236e+02   7.5141625e-01   1.8992318e+02   1.8000000e+02   1.7500000e+02   6.9575069e+00   4.2522438e+01   6.3085114e+00   1.4109776e+00   6.2866117e+00   1.8777577e+00   3.5084992e-02   8.0143609e-01   1.8275080e-02   2.1345801e-02   2.4141596e-02   2.7616585e-02   9.8738188e-01   6.0000000e+00
   3.3000000e+01   2.9925134e+02   1.7784043e+00   2.0141944e+02   1.1800000e+02   2.8700000e+02   7.3272525e+00   5.8732574e+01   6.3847741e+00   2.3609530e+00   5.5526342e+00   1.3275682e+00   4.1163561e-02   1.0303733e+00   2.6884118e-02   3.1084503e-02   1.5301973e-02   1.8420180e-02   9.8946295e-01   1.0000000e+01
   3.3000000e+01   5.0225782e+02   1.0024277e+00   1.9492780e+02   2.5500000e+02   2.9700000e+02   7.3525635e+00   6.8836526e+01   5.7036958e+00   1.4460096e+00   5.7182714e+00   1.4425077e+00   3.4691947e-02   7.0450666e-01   1.1214937e-02   1.2542640e-02   1.1190185e-02   1.2516646e-02   9.9576367e-01   1.1000000e+01
   3.3000000e+01   5.3127200e+02   9.3486667e-01   1.9400000e+02   3.5400000e+02   3.9600000e+02   7.3392312e+00   3.0706045e+01   6.1078275e+00   1.3774284e+00   5.7851557e+00   1.4733955e+00   2.5057437e-02   5.0271913e-01   1.7323753e-02   1.9354375e-02   1.8435560e-02   2.0528423e-02   9.8913543e-01   1.7000000e+01
   3.4000000e+01   6.9417550e+02   6.5179604e-01   1.9879076e+02   2.6300000e+02   2.7900000e+02   7.0169116e+00   5.2443959e+01   5.6602989e+00   1.3914182e+00   6.4546035e+00   2.1347447e+00   3.6756222e-02   8.9123207e-01   1.5599607e-02   1.8634689e-02   2.3728810e-02   2.7391314e-02   9.9013974e-01   1.9000000e+01
   3.4000000e+01   6.5636000e+02   6.4908087e-01   2.0000000e+02   1.6000000e+02   3.1500000e+02   7.0081979e+00   7.7002424e+01   5.9757660e+00   1.4574208e+00   6.0366430e+00   2.2453610e+00   5.2033969e-02   1.3238965e+00   1.5596591e-02   1.9138383e-02   2.3829195e-02   2.7997164e-02   9.9060755e-01   2.0000000e+01
   3.4000000e+01   5.5020296e+02   8.4203599e-01   2.0339464e+02   2.8400000e+02   3.5100000e+02   7.0867474e+00   4.9453693e+01   6.2594405e+00   1.4087804e+00   6.0515323e+00   1.6730644e+00   3.2772578e-02   7.0639828e-01   1.4529916e-02   1.6598388e-02   1.7157769e-02   1.9407163e-02   9.9227500e-01   2.6000000e+01
