   2.1131020e+02   2.7369091e+00   1.4882464e+00
   2.1694936e+02   2.8448324e+00   1.3968736e+00
   2.1855200e+02   2.3138074e+00   1.3569936e+00
   2.2324666e+02   2.9307413e+00   1.5863821e+00
   2.2351306e+02   2.3378127e+00   1.3447150e+00
   2.3078629e+02   2.4521452e+00   1.4065061e+00
   2.4032475e+02   1.7432697e+00   1.3919247e+00
   2.4490162e+02   2.6138626e+00   1.5333246e+00
   2.5769523e+02   1.8769774e+00   1.2876409e+00
   2.5860924e+02   2.2698866e+00   1.3687536e+00
   2.5950007e+02   2.1829241e+00   1.3765910e+00
   2.6491131e+02   2.1832062e+00   1.3415940e+00
   2.7216683e+02   2.1978002e+00   1.2709210e+00
   2.7683275e+02   1.9344557e+00   1.4266303e+00
   2.8109600e+02   1.7719646e+00   1.2699524e+00
   2.8109600e+02   2.3059211e+00   1.3652920e+00
   2.8109600e+02   2.7559009e+00   1.4368234e+00
   2.8343403e+02   1.8474045e+00   1.3434121e+00
   2.9384152e+02   1.8964631e+00   1.3486176e+00
   2.9925134e+02   2.3609530e+00   1.3275682e+00
   3.0399767e+02   1.6872770e+00   1.3225635e+00
   3.0857597e+02   1.7576405e+00   1.3886206e+00
   3.1236800e+02   1.8109175e+00   1.3140533e+00
   3.1611510e+02   1.9393259e+00   1.3226729e+00
   3.2565503e+02   1.9700865e+00   1.2380329e+00
   3.2857906e+02   1.7623100e+00   1.3893275e+00
   3.3619763e+02   2.0043293e+00   1.2835325e+00
   3.3775223e+02   1.9971724e+00   1.2690929e+00
   3.4364000e+02   2.1395941e+00   1.2728067e+00
   3.4364000e+02   1.7300993e+00   1.3457611e+00
   3.4364000e+02   1.9077690e+00   1.2493191e+00
   3.5568525e+02   1.8385656e+00   1.2520981e+00
   3.5892215e+02   1.9807165e+00   1.2584785e+00
   3.6062306e+02   1.7687437e+00   1.3618143e+00
   3.7122857e+02   1.8328342e+00   1.3217387e+00
   3.7242855e+02   1.8475785e+00   1.2735819e+00
   3.7491200e+02   1.9031748e+00   1.3205860e+00
   3.7491200e+02   1.5812874e+00   1.3714219e+00
   3.7491200e+02   1.7348174e+00   1.3166542e+00
   3.7498897e+02   1.8279629e+00   1.2701107e+00
   3.8146292e+02   1.6117916e+00   1.3076723e+00
   3.8253974e+02   1.7696397e+00   1.2453673e+00
   3.8321453e+02   1.7123439e+00   1.3505039e+00
   3.8423851e+02   1.9463122e+00   1.3392629e+00
   3.8494756e+02   1.4798669e+00   1.3104627e+00
   3.9498074e+02   1.4937504e+00   1.3031923e+00
   3.9923715e+02   1.5839487e+00   1.2544373e+00
   3.9945079e+02   1.7381373e+00   1.3491562e+00
   4.0618400e+02   1.5700981e+00   1.4258534e+00
   4.0618400e+02   1.4397571e+00   1.2700592e+00
   4.0618400e+02   1.7123626e+00   1.3490308e+00
   4.0864190e+02   1.7497776e+00   1.3938358e+00
   4.1093039e+02   1.7225185e+00   1.3093065e+00
   4.1749974e+02   1.5852159e+00   1.2767197e+00
   4.2017612e+02   1.4747909e+00   1.2950557e+00
   4.2042682e+02   1.6203813e+00   1.3522110e+00
   4.2367772e+02   1.6268969e+00   1.3359454e+00
   4.2784461e+02   1.5815718e+00   1.2610394e+00
   4.3168217e+02   1.5792259e+00   1.3135225e+00
   4.3745600e+02   1.5636549e+00   1.3574995e+00
   4.3745600e+02   1.4675828e+00   1.3490580e+00
   4.3745600e+02   1.6438216e+00   1.2895637e+00
   4.3745600e+02   1.6755358e+00   1.3006675e+00
   4.3745600e+02   1.6295435e+00   1.2970028e+00
   4.5212075e+02   1.5795312e+00   1.3293095e+00
   4.5690591e+02   1.4835726e+00   1.3588889e+00
   4.5724918e+02   1.5314628e+00   1.3802662e+00
   4.6281172e+02   1.5354396e+00   1.4112623e+00
   4.6872800e+02   1.4873827e+00   1.4058660e+00
   4.6872800e+02   1.4806821e+00   1.3877387e+00
   4.7457268e+02   1.4472517e+00   1.3714022e+00
   4.8412735e+02   1.5156384e+00   1.4703962e+00
   4.8509830e+02   1.5257670e+00   1.4346012e+00
   5.0000000e+02   1.3542504e+00   1.3951864e+00
   5.0225782e+02   1.4460096e+00   1.4425077e+00
   5.0400716e+02   1.3051990e+00   1.3457026e+00
   5.1240957e+02   1.4533088e+00   1.5059934e+00
   5.1605785e+02   1.4552334e+00   1.4133198e+00
   5.2609193e+02   1.4504991e+00   1.5138468e+00
   5.3127200e+02   1.4605681e+00   1.4538929e+00
   5.3127200e+02   1.3928433e+00   1.4829440e+00
   5.3127200e+02   1.3774284e+00   1.4733955e+00
   5.3153326e+02   1.4294392e+00   1.4974597e+00
   5.3307688e+02   1.3737224e+00   1.4279280e+00
   5.3996446e+02   1.3961605e+00   1.4849678e+00
   5.4183489e+02   1.4157085e+00   1.7009706e+00
   5.4351157e+02   1.3284407e+00   1.4754597e+00
   5.4596385e+02   1.3883638e+00   1.5285845e+00
   5.4692937e+02   1.3274337e+00   1.3474855e+00
   5.4903499e+02   1.4921981e+00   1.7102710e+00
   5.5020296e+02   1.4087804e+00   1.6730644e+00
   5.5252078e+02   1.3442470e+00   1.5056507e+00
   5.5359834e+02   1.4377273e+00   1.6490401e+00
   5.5449425e+02   1.4497322e+00   1.5739549e+00
   5.5629839e+02   1.3822984e+00   1.5453959e+00
   5.6162699e+02   1.3500386e+00   1.7513654e+00
   5.6254400e+02   1.3610195e+00   1.5401189e+00
   5.6254400e+02   1.3894750e+00   1.3527319e+00
   5.6300599e+02   1.4422048e+00   1.6191110e+00
   5.6346142e+02   1.4276130e+00   1.4382451e+00
   5.7568954e+02   1.3501063e+00   1.6350626e+00
   5.7903405e+02   1.3327716e+00   1.5455418e+00
   6.2201220e+02   1.3577950e+00   1.6027763e+00
   6.2508800e+02   1.3719754e+00   1.6436671e+00
   6.2508800e+02   1.3457454e+00   1.6714815e+00
   6.2924578e+02   1.2963592e+00   1.5995736e+00
   6.3738956e+02   1.4009381e+00   1.8846024e+00
   6.3902920e+02   1.3598614e+00   1.8262827e+00
   6.4572369e+02   1.2836497e+00   1.7518900e+00
   6.4926258e+02   1.3392471e+00   1.7762399e+00
   6.5056552e+02   1.3482235e+00   1.7472569e+00
   6.5264593e+02   1.3097948e+00   1.7424723e+00
   6.5477804e+02   1.2968644e+00   1.6431416e+00
   6.5636000e+02   1.4118972e+00   1.8597202e+00
   6.5636000e+02   1.3334022e+00   1.9520956e+00
   6.5636000e+02   1.4574208e+00   2.2453610e+00
   6.5801229e+02   1.3830498e+00   1.7285348e+00
   6.5876236e+02   1.4109776e+00   1.8777577e+00
   6.6118848e+02   1.3313951e+00   1.7919031e+00
   6.6394085e+02   1.2834832e+00   1.8417912e+00
   6.6408768e+02   1.3384370e+00   1.7171717e+00
   6.7605054e+02   1.3077430e+00   1.9087244e+00
   6.7790638e+02   1.2924265e+00   2.0967533e+00
   6.8763200e+02   1.4183040e+00   1.8788097e+00
   6.8763200e+02   1.4985399e+00   2.2359072e+00
   6.9417550e+02   1.3914182e+00   2.1347447e+00
   7.0597029e+02   1.2624381e+00   1.8894086e+00
   7.1360716e+02   1.3412403e+00   2.1016929e+00
   7.1890400e+02   1.4237990e+00   2.0253366e+00
   7.1890400e+02   1.6841498e+00   2.3690691e+00
   7.1890400e+02   1.3838962e+00   1.6360588e+00
   7.2613986e+02   1.3656839e+00   2.0355969e+00
   7.2940844e+02   1.4823824e+00   2.3696446e+00
   7.4193881e+02   1.3958713e+00   2.2216288e+00
   7.4540410e+02   1.6771690e+00   2.3018734e+00
   7.4914390e+02   1.4423468e+00   2.0283622e+00
   7.5179460e+02   1.5439415e+00   2.0650839e+00
   7.5994573e+02   1.5242840e+00   2.5350355e+00
   7.6006292e+02   1.4168899e+00   2.2137136e+00
   7.6489930e+02   1.5016855e+00   2.2210825e+00
   7.7155285e+02   1.3937418e+00   2.3606812e+00
   7.8004300e+02   1.5736546e+00   2.2972651e+00
   7.9082485e+02   1.4260032e+00   2.3191983e+00
   7.9103540e+02   1.3586563e+00   2.3820120e+00
   7.9306241e+02   1.5921007e+00   2.3221634e+00
   8.0371752e+02   1.5235822e+00   2.3860769e+00
   8.1731686e+02   1.3287762e+00   2.3595881e+00
   8.2305936e+02   1.7832605e+00   2.3590495e+00
   8.3282987e+02   1.5511000e+00   2.1064206e+00
   8.3439503e+02   1.4570021e+00   2.6053258e+00
   8.4399200e+02   1.8309864e+00   2.7541286e+00
   8.4399200e+02   1.5278774e+00   2.2795315e+00
   8.4750941e+02   1.5214082e+00   2.0915873e+00
   8.4837071e+02   1.5742829e+00   2.7134233e+00
   8.4936320e+02   1.5027054e+00   2.6018168e+00
   8.5565386e+02   1.5942562e+00   2.4745852e+00
   8.6093679e+02   1.4774690e+00   2.6796124e+00
   8.6462201e+02   1.5480242e+00   2.2784630e+00
   8.6823078e+02   1.5960972e+00   2.7906854e+00
   8.8029738e+02   1.5811227e+00   2.4870989e+00
   8.8106800e+02   1.4331842e+00   2.5990440e+00
   8.8619949e+02   1.7436461e+00   2.9326609e+00
   8.8988136e+02   1.9533859e+00   2.7207713e+00
   8.9305542e+02   1.5254961e+00   2.8076041e+00
   9.0027003e+02   1.5221029e+00   2.9585278e+00
   9.0611993e+02   2.2518027e+00   3.2138917e+00
   9.0653600e+02   2.0753216e+00   2.8253233e+00
   9.0776483e+02   1.9619198e+00   2.9432246e+00
   9.0827152e+02   1.9617636e+00   2.8533129e+00
   9.1280025e+02   1.9340218e+00   2.9724658e+00
   9.1469174e+02   2.0345106e+00   2.7569591e+00
   9.2118529e+02   1.6582633e+00   3.0232032e+00
   9.3008726e+02   1.6626013e+00   2.9914826e+00
   9.3012330e+02   1.9518703e+00   2.7942911e+00
   9.4079823e+02   2.3957360e+00   3.4867334e+00
   9.4619617e+02   1.4763051e+00   2.5733664e+00
   9.4715215e+02   1.7051007e+00   2.6902213e+00
   9.5983264e+02   1.5611284e+00   2.9476455e+00
   9.6155361e+02   1.9548143e+00   3.3114738e+00
