   3.3991186e+00   1.7172780e+00   1.1131020e+02
   3.3902781e+00   1.7138402e+00   1.1231020e+02
   3.3814593e+00   1.7104175e+00   1.1331020e+02
   3.3726624e+00   1.7070101e+00   1.1431020e+02
   3.3638873e+00   1.7036178e+00   1.1531020e+02
   3.3551340e+00   1.7002408e+00   1.1631020e+02
   3.3464024e+00   1.6968789e+00   1.1731020e+02
   3.3376926e+00   1.6935322e+00   1.1831020e+02
   3.3290045e+00   1.6902006e+00   1.1931020e+02
   3.3203381e+00   1.6868842e+00   1.2031020e+02
   3.3116934e+00   1.6835829e+00   1.2131020e+02
   3.3030704e+00   1.6802968e+00   1.2231020e+02
   3.2944691e+00   1.6770257e+00   1.2331020e+02
   3.2858894e+00   1.6737698e+00   1.2431020e+02
   3.2773313e+00   1.6705290e+00   1.2531020e+02
   3.2687948e+00   1.6673032e+00   1.2631020e+02
   3.2602799e+00   1.6640925e+00   1.2731020e+02
   3.2517866e+00   1.6608969e+00   1.2831020e+02
   3.2433148e+00   1.6577163e+00   1.2931020e+02
   3.2348646e+00   1.6545507e+00   1.3031020e+02
   3.2264359e+00   1.6514002e+00   1.3131020e+02
   3.2180287e+00   1.6482647e+00   1.3231020e+02
   3.2096430e+00   1.6451442e+00   1.3331020e+02
   3.2012787e+00   1.6420387e+00   1.3431020e+02
   3.1929360e+00   1.6389482e+00   1.3531020e+02
   3.1846146e+00   1.6358727e+00   1.3631020e+02
   3.1763146e+00   1.6328121e+00   1.3731020e+02
   3.1680361e+00   1.6297665e+00   1.3831020e+02
   3.1597789e+00   1.6267358e+00   1.3931020e+02
   3.1515431e+00   1.6237201e+00   1.4031020e+02
   3.1433287e+00   1.6207193e+00   1.4131020e+02
   3.1351355e+00   1.6177333e+00   1.4231020e+02
   3.1269637e+00   1.6147623e+00   1.4331020e+02
   3.1188132e+00   1.6118062e+00   1.4431020e+02
   3.1106839e+00   1.6088650e+00   1.4531020e+02
   3.1025760e+00   1.6059386e+00   1.4631020e+02
   3.0944892e+00   1.6030271e+00   1.4731020e+02
   3.0864237e+00   1.6001304e+00   1.4831020e+02
   3.0783794e+00   1.5972486e+00   1.4931020e+02
   3.0703562e+00   1.5943816e+00   1.5031020e+02
   3.0623543e+00   1.5915294e+00   1.5131020e+02
   3.0543735e+00   1.5886920e+00   1.5231020e+02
   3.0464138e+00   1.5858694e+00   1.5331020e+02
   3.0384753e+00   1.5830616e+00   1.5431020e+02
   3.0305578e+00   1.5802686e+00   1.5531020e+02
   3.0226615e+00   1.5774903e+00   1.5631020e+02
   3.0147862e+00   1.5747268e+00   1.5731020e+02
   3.0069319e+00   1.5719780e+00   1.5831020e+02
   2.9990987e+00   1.5692439e+00   1.5931020e+02
   2.9912865e+00   1.5665246e+00   1.6031020e+02
   2.9834953e+00   1.5638200e+00   1.6131020e+02
   2.9757251e+00   1.5611300e+00   1.6231020e+02
   2.9679759e+00   1.5584548e+00   1.6331020e+02
   2.9602475e+00   1.5557942e+00   1.6431020e+02
   2.9525402e+00   1.5531483e+00   1.6531020e+02
   2.9448537e+00   1.5505171e+00   1.6631020e+02
   2.9371881e+00   1.5479005e+00   1.6731020e+02
   2.9295434e+00   1.5452985e+00   1.6831020e+02
   2.9219196e+00   1.5427112e+00   1.6931020e+02
   2.9143166e+00   1.5401385e+00   1.7031020e+02
   2.9067344e+00   1.5375803e+00   1.7131020e+02
   2.8991730e+00   1.5350368e+00   1.7231020e+02
   2.8916324e+00   1.5325078e+00   1.7331020e+02
   2.8841126e+00   1.5299935e+00   1.7431020e+02
   2.8766136e+00   1.5274936e+00   1.7531020e+02
   2.8691352e+00   1.5250084e+00   1.7631020e+02
   2.8616776e+00   1.5225376e+00   1.7731020e+02
   2.8542407e+00   1.5200814e+00   1.7831020e+02
   2.8468245e+00   1.5176397e+00   1.7931020e+02
   2.8394290e+00   1.5152125e+00   1.8031020e+02
   2.8320541e+00   1.5127998e+00   1.8131020e+02
   2.8246998e+00   1.5104016e+00   1.8231020e+02
   2.8173661e+00   1.5080179e+00   1.8331020e+02
   2.8100531e+00   1.5056486e+00   1.8431020e+02
   2.8027606e+00   1.5032938e+00   1.8531020e+02
   2.7954887e+00   1.5009535e+00   1.8631020e+02
   2.7882373e+00   1.4986275e+00   1.8731020e+02
   2.7810065e+00   1.4963160e+00   1.8831020e+02
   2.7737961e+00   1.4940189e+00   1.8931020e+02
   2.7666063e+00   1.4917362e+00   1.9031020e+02
   2.7594369e+00   1.4894678e+00   1.9131020e+02
   2.7522880e+00   1.4872139e+00   1.9231020e+02
   2.7451595e+00   1.4849743e+00   1.9331020e+02
   2.7380515e+00   1.4827491e+00   1.9431020e+02
   2.7309638e+00   1.4805382e+00   1.9531020e+02
   2.7238966e+00   1.4783417e+00   1.9631020e+02
   2.7168497e+00   1.4761595e+00   1.9731020e+02
   2.7098232e+00   1.4739916e+00   1.9831020e+02
   2.7028170e+00   1.4718380e+00   1.9931020e+02
   2.6958311e+00   1.4696987e+00   2.0031020e+02
   2.6888655e+00   1.4675737e+00   2.0131020e+02
   2.6819202e+00   1.4654629e+00   2.0231020e+02
   2.6749952e+00   1.4633665e+00   2.0331020e+02
   2.6680904e+00   1.4612842e+00   2.0431020e+02
   2.6612059e+00   1.4592162e+00   2.0531020e+02
   2.6543415e+00   1.4571625e+00   2.0631020e+02
   2.6474974e+00   1.4551229e+00   2.0731020e+02
   2.6406735e+00   1.4530976e+00   2.0831020e+02
   2.6338697e+00   1.4510864e+00   2.0931020e+02
   2.6270860e+00   1.4490895e+00   2.1031020e+02
   2.6203225e+00   1.4471067e+00   2.1131020e+02
   2.6135791e+00   1.4451381e+00   2.1231020e+02
   2.6068557e+00   1.4431836e+00   2.1331020e+02
   2.6001525e+00   1.4412433e+00   2.1431020e+02
   2.5934693e+00   1.4393172e+00   2.1531020e+02
   2.5868061e+00   1.4374051e+00   2.1631020e+02
   2.5801630e+00   1.4355072e+00   2.1731020e+02
   2.5735399e+00   1.4336233e+00   2.1831020e+02
   2.5669367e+00   1.4317536e+00   2.1931020e+02
   2.5603536e+00   1.4298979e+00   2.2031020e+02
   2.5537904e+00   1.4280563e+00   2.2131020e+02
   2.5472471e+00   1.4262287e+00   2.2231020e+02
   2.5407237e+00   1.4244152e+00   2.2331020e+02
   2.5342202e+00   1.4226158e+00   2.2431020e+02
   2.5277367e+00   1.4208304e+00   2.2531020e+02
   2.5212730e+00   1.4190589e+00   2.2631020e+02
   2.5148291e+00   1.4173015e+00   2.2731020e+02
   2.5084050e+00   1.4155581e+00   2.2831020e+02
   2.5020008e+00   1.4138287e+00   2.2931020e+02
   2.4956164e+00   1.4121132e+00   2.3031020e+02
   2.4892517e+00   1.4104117e+00   2.3131020e+02
   2.4829069e+00   1.4087242e+00   2.3231020e+02
   2.4765817e+00   1.4070506e+00   2.3331020e+02
   2.4702763e+00   1.4053909e+00   2.3431020e+02
   2.4639906e+00   1.4037452e+00   2.3531020e+02
   2.4577246e+00   1.4021133e+00   2.3631020e+02
   2.4514782e+00   1.4004954e+00   2.3731020e+02
   2.4452515e+00   1.3988914e+00   2.3831020e+02
   2.4390445e+00   1.3973012e+00   2.3931020e+02
   2.4328571e+00   1.3957249e+00   2.4031020e+02
   2.4266892e+00   1.3941624e+00   2.4131020e+02
   2.4205410e+00   1.3926138e+00   2.4231020e+02
   2.4144123e+00   1.3910791e+00   2.4331020e+02
   2.4083032e+00   1.3895581e+00   2.4431020e+02
   2.4022136e+00   1.3880510e+00   2.4531020e+02
   2.3961436e+00   1.3865577e+00   2.4631020e+02
   2.3900930e+00   1.3850781e+00   2.4731020e+02
   2.3840619e+00   1.3836124e+00   2.4831020e+02
   2.3780503e+00   1.3821604e+00   2.4931020e+02
   2.3720581e+00   1.3807222e+00   2.5031020e+02
   2.3660854e+00   1.3792977e+00   2.5131020e+02
   2.3601320e+00   1.3778870e+00   2.5231020e+02
   2.3541981e+00   1.3764900e+00   2.5331020e+02
   2.3482836e+00   1.3751067e+00   2.5431020e+02
   2.3423884e+00   1.3737371e+00   2.5531020e+02
   2.3365125e+00   1.3723812e+00   2.5631020e+02
   2.3306560e+00   1.3710390e+00   2.5731020e+02
   2.3248188e+00   1.3697105e+00   2.5831020e+02
   2.3190008e+00   1.3683957e+00   2.5931020e+02
   2.3132022e+00   1.3670945e+00   2.6031020e+02
   2.3074228e+00   1.3658069e+00   2.6131020e+02
   2.3016626e+00   1.3645330e+00   2.6231020e+02
   2.2959217e+00   1.3632727e+00   2.6331020e+02
   2.2901999e+00   1.3620260e+00   2.6431020e+02
   2.2844974e+00   1.3607929e+00   2.6531020e+02
   2.2788140e+00   1.3595734e+00   2.6631020e+02
   2.2731498e+00   1.3583675e+00   2.6731020e+02
   2.2675047e+00   1.3571751e+00   2.6831020e+02
   2.2618787e+00   1.3559964e+00   2.6931020e+02
   2.2562718e+00   1.3548311e+00   2.7031020e+02
   2.2506840e+00   1.3536794e+00   2.7131020e+02
   2.2451153e+00   1.3525412e+00   2.7231020e+02
   2.2395656e+00   1.3514166e+00   2.7331020e+02
   2.2340349e+00   1.3503054e+00   2.7431020e+02
   2.2285233e+00   1.3492077e+00   2.7531020e+02
   2.2230306e+00   1.3481236e+00   2.7631020e+02
   2.2175569e+00   1.3470528e+00   2.7731020e+02
   2.2121022e+00   1.3459956e+00   2.7831020e+02
   2.2066665e+00   1.3449518e+00   2.7931020e+02
   2.2012496e+00   1.3439215e+00   2.8031020e+02
   2.1958517e+00   1.3429045e+00   2.8131020e+02
   2.1904726e+00   1.3419010e+00   2.8231020e+02
   2.1851124e+00   1.3409109e+00   2.8331020e+02
   2.1797711e+00   1.3399342e+00   2.8431020e+02
   2.1744486e+00   1.3389709e+00   2.8531020e+02
   2.1691450e+00   1.3380210e+00   2.8631020e+02
   2.1638601e+00   1.3370844e+00   2.8731020e+02
   2.1585940e+00   1.3361612e+00   2.8831020e+02
   2.1533467e+00   1.3352514e+00   2.8931020e+02
   2.1481181e+00   1.3343548e+00   2.9031020e+02
   2.1429083e+00   1.3334716e+00   2.9131020e+02
   2.1377172e+00   1.3326017e+00   2.9231020e+02
   2.1325448e+00   1.3317452e+00   2.9331020e+02
   2.1273911e+00   1.3309019e+00   2.9431020e+02
   2.1222560e+00   1.3300718e+00   2.9531020e+02
   2.1171396e+00   1.3292551e+00   2.9631020e+02
   2.1120418e+00   1.3284516e+00   2.9731020e+02
   2.1069626e+00   1.3276614e+00   2.9831020e+02
   2.1019020e+00   1.3268844e+00   2.9931020e+02
   2.0968600e+00   1.3261206e+00   3.0031020e+02
   2.0918365e+00   1.3253701e+00   3.0131020e+02
   2.0868316e+00   1.3246327e+00   3.0231020e+02
   2.0818452e+00   1.3239086e+00   3.0331020e+02
   2.0768774e+00   1.3231976e+00   3.0431020e+02
   2.0719280e+00   1.3224998e+00   3.0531020e+02
   2.0669971e+00   1.3218152e+00   3.0631020e+02
   2.0620846e+00   1.3211437e+00   3.0731020e+02
   2.0571906e+00   1.3204854e+00   3.0831020e+02
   2.0523150e+00   1.3198402e+00   3.0931020e+02
   2.0474578e+00   1.3192081e+00   3.1031020e+02
   2.0426189e+00   1.3185892e+00   3.1131020e+02
   2.0377985e+00   1.3179833e+00   3.1231020e+02
   2.0329964e+00   1.3173906e+00   3.1331020e+02
   2.0282126e+00   1.3168109e+00   3.1431020e+02
   2.0234471e+00   1.3162442e+00   3.1531020e+02
   2.0187000e+00   1.3156907e+00   3.1631020e+02
   2.0139711e+00   1.3151502e+00   3.1731020e+02
   2.0092605e+00   1.3146227e+00   3.1831020e+02
   2.0045681e+00   1.3141082e+00   3.1931020e+02
   1.9998940e+00   1.3136068e+00   3.2031020e+02
   1.9952381e+00   1.3131183e+00   3.2131020e+02
   1.9906003e+00   1.3126429e+00   3.2231020e+02
   1.9859808e+00   1.3121804e+00   3.2331020e+02
   1.9813794e+00   1.3117309e+00   3.2431020e+02
   1.9767961e+00   1.3112944e+00   3.2531020e+02
   1.9722310e+00   1.3108708e+00   3.2631020e+02
   1.9676839e+00   1.3104602e+00   3.2731020e+02
   1.9631550e+00   1.3100625e+00   3.2831020e+02
   1.9586441e+00   1.3096777e+00   3.2931020e+02
   1.9541513e+00   1.3093058e+00   3.3031020e+02
   1.9496765e+00   1.3089469e+00   3.3131020e+02
   1.9452198e+00   1.3086008e+00   3.3231020e+02
   1.9407810e+00   1.3082675e+00   3.3331020e+02
   1.9363602e+00   1.3079472e+00   3.3431020e+02
   1.9319574e+00   1.3076397e+00   3.3531020e+02
   1.9275725e+00   1.3073451e+00   3.3631020e+02
   1.9232056e+00   1.3070632e+00   3.3731020e+02
   1.9188566e+00   1.3067942e+00   3.3831020e+02
   1.9145255e+00   1.3065381e+00   3.3931020e+02
   1.9102123e+00   1.3062947e+00   3.4031020e+02
   1.9059169e+00   1.3060641e+00   3.4131020e+02
   1.9016393e+00   1.3058463e+00   3.4231020e+02
   1.8973796e+00   1.3056413e+00   3.4331020e+02
   1.8931378e+00   1.3054490e+00   3.4431020e+02
   1.8889137e+00   1.3052695e+00   3.4531020e+02
   1.8847073e+00   1.3051027e+00   3.4631020e+02
   1.8805188e+00   1.3049486e+00   3.4731020e+02
   1.8763479e+00   1.3048073e+00   3.4831020e+02
   1.8721948e+00   1.3046786e+00   3.4931020e+02
   1.8680594e+00   1.3045627e+00   3.5031020e+02
   1.8639417e+00   1.3044594e+00   3.5131020e+02
   1.8598417e+00   1.3043688e+00   3.5231020e+02
   1.8557593e+00   1.3042909e+00   3.5331020e+02
   1.8516945e+00   1.3042257e+00   3.5431020e+02
   1.8476474e+00   1.3041730e+00   3.5531020e+02
   1.8436179e+00   1.3041330e+00   3.5631020e+02
   1.8396059e+00   1.3041057e+00   3.5731020e+02
   1.8356116e+00   1.3040909e+00   3.5831020e+02
   1.8316347e+00   1.3040887e+00   3.5931020e+02
   1.8276754e+00   1.3040992e+00   3.6031020e+02
   1.8237336e+00   1.3041222e+00   3.6131020e+02
   1.8198093e+00   1.3041578e+00   3.6231020e+02
   1.8159025e+00   1.3042059e+00   3.6331020e+02
   1.8120132e+00   1.3042666e+00   3.6431020e+02
   1.8081413e+00   1.3043398e+00   3.6531020e+02
   1.8042868e+00   1.3044255e+00   3.6631020e+02
   1.8004497e+00   1.3045238e+00   3.6731020e+02
   1.7966301e+00   1.3046345e+00   3.6831020e+02
   1.7928278e+00   1.3047578e+00   3.6931020e+02
   1.7890428e+00   1.3048935e+00   3.7031020e+02
   1.7852752e+00   1.3050417e+00   3.7131020e+02
   1.7815249e+00   1.3052024e+00   3.7231020e+02
   1.7777919e+00   1.3053755e+00   3.7331020e+02
   1.7740763e+00   1.3055610e+00   3.7431020e+02
   1.7703778e+00   1.3057590e+00   3.7531020e+02
   1.7666967e+00   1.3059694e+00   3.7631020e+02
   1.7630327e+00   1.3061922e+00   3.7731020e+02
   1.7593860e+00   1.3064274e+00   3.7831020e+02
   1.7557565e+00   1.3066750e+00   3.7931020e+02
   1.7521442e+00   1.3069350e+00   3.8031020e+02
   1.7485490e+00   1.3072074e+00   3.8131020e+02
   1.7449710e+00   1.3074920e+00   3.8231020e+02
   1.7414101e+00   1.3077891e+00   3.8331020e+02
   1.7378663e+00   1.3080984e+00   3.8431020e+02
   1.7343396e+00   1.3084201e+00   3.8531020e+02
   1.7308300e+00   1.3087541e+00   3.8631020e+02
   1.7273375e+00   1.3091004e+00   3.8731020e+02
   1.7238620e+00   1.3094590e+00   3.8831020e+02
   1.7204035e+00   1.3098299e+00   3.8931020e+02
   1.7169621e+00   1.3102131e+00   3.9031020e+02
   1.7135376e+00   1.3106085e+00   3.9131020e+02
   1.7101301e+00   1.3110161e+00   3.9231020e+02
   1.7067396e+00   1.3114360e+00   3.9331020e+02
   1.7033660e+00   1.3118681e+00   3.9431020e+02
   1.7000093e+00   1.3123125e+00   3.9531020e+02
   1.6966695e+00   1.3127690e+00   3.9631020e+02
   1.6933466e+00   1.3132377e+00   3.9731020e+02
   1.6900406e+00   1.3137187e+00   3.9831020e+02
   1.6867515e+00   1.3142118e+00   3.9931020e+02
   1.6834791e+00   1.3147170e+00   4.0031020e+02
   1.6802236e+00   1.3152344e+00   4.0131020e+02
   1.6769849e+00   1.3157640e+00   4.0231020e+02
   1.6737630e+00   1.3163056e+00   4.0331020e+02
   1.6705578e+00   1.3168594e+00   4.0431020e+02
   1.6673694e+00   1.3174254e+00   4.0531020e+02
   1.6641977e+00   1.3180034e+00   4.0631020e+02
   1.6610427e+00   1.3185935e+00   4.0731020e+02
   1.6579044e+00   1.3191956e+00   4.0831020e+02
   1.6547828e+00   1.3198099e+00   4.0931020e+02
   1.6516779e+00   1.3204362e+00   4.1031020e+02
   1.6485896e+00   1.3210745e+00   4.1131020e+02
   1.6455179e+00   1.3217249e+00   4.1231020e+02
   1.6424629e+00   1.3223873e+00   4.1331020e+02
   1.6394244e+00   1.3230617e+00   4.1431020e+02
   1.6364025e+00   1.3237482e+00   4.1531020e+02
   1.6333971e+00   1.3244466e+00   4.1631020e+02
   1.6304083e+00   1.3251570e+00   4.1731020e+02
   1.6274361e+00   1.3258793e+00   4.1831020e+02
   1.6244803e+00   1.3266137e+00   4.1931020e+02
   1.6215410e+00   1.3273599e+00   4.2031020e+02
   1.6186181e+00   1.3281182e+00   4.2131020e+02
   1.6157118e+00   1.3288883e+00   4.2231020e+02
   1.6128218e+00   1.3296704e+00   4.2331020e+02
   1.6099483e+00   1.3304643e+00   4.2431020e+02
   1.6070912e+00   1.3312702e+00   4.2531020e+02
   1.6042504e+00   1.3320880e+00   4.2631020e+02
   1.6014261e+00   1.3329176e+00   4.2731020e+02
   1.5986180e+00   1.3337591e+00   4.2831020e+02
   1.5958263e+00   1.3346124e+00   4.2931020e+02
   1.5930509e+00   1.3354776e+00   4.3031020e+02
   1.5902918e+00   1.3363547e+00   4.3131020e+02
   1.5875490e+00   1.3372435e+00   4.3231020e+02
   1.5848224e+00   1.3381442e+00   4.3331020e+02
   1.5821121e+00   1.3390566e+00   4.3431020e+02
   1.5794180e+00   1.3399809e+00   4.3531020e+02
   1.5767402e+00   1.3409169e+00   4.3631020e+02
   1.5740785e+00   1.3418647e+00   4.3731020e+02
   1.5714329e+00   1.3428243e+00   4.3831020e+02
   1.5688036e+00   1.3437956e+00   4.3931020e+02
   1.5661903e+00   1.3447786e+00   4.4031020e+02
   1.5635932e+00   1.3457734e+00   4.4131020e+02
   1.5610122e+00   1.3467799e+00   4.4231020e+02
   1.5584473e+00   1.3477980e+00   4.4331020e+02
   1.5558985e+00   1.3488279e+00   4.4431020e+02
   1.5533657e+00   1.3498695e+00   4.4531020e+02
   1.5508489e+00   1.3509227e+00   4.4631020e+02
   1.5483481e+00   1.3519876e+00   4.4731020e+02
   1.5458634e+00   1.3530642e+00   4.4831020e+02
   1.5433946e+00   1.3541524e+00   4.4931020e+02
   1.5409418e+00   1.3552522e+00   4.5031020e+02
   1.5385049e+00   1.3563637e+00   4.5131020e+02
   1.5360840e+00   1.3574867e+00   4.5231020e+02
   1.5336790e+00   1.3586214e+00   4.5331020e+02
   1.5312899e+00   1.3597676e+00   4.5431020e+02
   1.5289166e+00   1.3609254e+00   4.5531020e+02
   1.5265592e+00   1.3620948e+00   4.5631020e+02
   1.5242177e+00   1.3632758e+00   4.5731020e+02
   1.5218919e+00   1.3644682e+00   4.5831020e+02
   1.5195820e+00   1.3656723e+00   4.5931020e+02
   1.5172879e+00   1.3668878e+00   4.6031020e+02
   1.5150095e+00   1.3681149e+00   4.6131020e+02
   1.5127469e+00   1.3693534e+00   4.6231020e+02
   1.5105001e+00   1.3706035e+00   4.6331020e+02
   1.5082689e+00   1.3718650e+00   4.6431020e+02
   1.5060535e+00   1.3731380e+00   4.6531020e+02
   1.5038537e+00   1.3744225e+00   4.6631020e+02
   1.5016696e+00   1.3757184e+00   4.6731020e+02
   1.4995012e+00   1.3770257e+00   4.6831020e+02
   1.4973484e+00   1.3783445e+00   4.6931020e+02
   1.4952112e+00   1.3796747e+00   4.7031020e+02
   1.4930896e+00   1.3810163e+00   4.7131020e+02
   1.4909836e+00   1.3823693e+00   4.7231020e+02
   1.4888931e+00   1.3837337e+00   4.7331020e+02
   1.4868182e+00   1.3851095e+00   4.7431020e+02
   1.4847588e+00   1.3864966e+00   4.7531020e+02
   1.4827150e+00   1.3878951e+00   4.7631020e+02
   1.4806866e+00   1.3893049e+00   4.7731020e+02
   1.4786737e+00   1.3907261e+00   4.7831020e+02
   1.4766763e+00   1.3921585e+00   4.7931020e+02
   1.4746943e+00   1.3936023e+00   4.8031020e+02
   1.4727277e+00   1.3950574e+00   4.8131020e+02
   1.4707765e+00   1.3965238e+00   4.8231020e+02
   1.4688407e+00   1.3980014e+00   4.8331020e+02
   1.4669203e+00   1.3994904e+00   4.8431020e+02
   1.4650153e+00   1.4009905e+00   4.8531020e+02
   1.4631256e+00   1.4025020e+00   4.8631020e+02
   1.4612512e+00   1.4040246e+00   4.8731020e+02
   1.4593921e+00   1.4055585e+00   4.8831020e+02
   1.4575483e+00   1.4071036e+00   4.8931020e+02
   1.4557197e+00   1.4086599e+00   4.9031020e+02
   1.4539064e+00   1.4102274e+00   4.9131020e+02
   1.4521084e+00   1.4118061e+00   4.9231020e+02
   1.4503255e+00   1.4133960e+00   4.9331020e+02
   1.4485579e+00   1.4149970e+00   4.9431020e+02
   1.4468054e+00   1.4166092e+00   4.9531020e+02
   1.4450681e+00   1.4182325e+00   4.9631020e+02
   1.4433459e+00   1.4198669e+00   4.9731020e+02
   1.4416389e+00   1.4215125e+00   4.9831020e+02
   1.4399470e+00   1.4231692e+00   4.9931020e+02
   1.4382701e+00   1.4248369e+00   5.0031020e+02
   1.4366084e+00   1.4265158e+00   5.0131020e+02
   1.4349617e+00   1.4282057e+00   5.0231020e+02
   1.4333300e+00   1.4299067e+00   5.0331020e+02
   1.4317134e+00   1.4316188e+00   5.0431020e+02
   1.4301117e+00   1.4333419e+00   5.0531020e+02
   1.4285251e+00   1.4350760e+00   5.0631020e+02
   1.4269534e+00   1.4368212e+00   5.0731020e+02
   1.4253967e+00   1.4385773e+00   5.0831020e+02
   1.4238549e+00   1.4403445e+00   5.0931020e+02
   1.4223281e+00   1.4421227e+00   5.1031020e+02
   1.4208161e+00   1.4439118e+00   5.1131020e+02
   1.4193190e+00   1.4457119e+00   5.1231020e+02
   1.4178368e+00   1.4475230e+00   5.1331020e+02
   1.4163695e+00   1.4493450e+00   5.1431020e+02
   1.4149169e+00   1.4511780e+00   5.1531020e+02
   1.4134792e+00   1.4530219e+00   5.1631020e+02
   1.4120563e+00   1.4548767e+00   5.1731020e+02
   1.4106482e+00   1.4567424e+00   5.1831020e+02
   1.4092548e+00   1.4586190e+00   5.1931020e+02
   1.4078761e+00   1.4605065e+00   5.2031020e+02
   1.4065122e+00   1.4624048e+00   5.2131020e+02
   1.4051630e+00   1.4643141e+00   5.2231020e+02
   1.4038285e+00   1.4662342e+00   5.2331020e+02
   1.4025087e+00   1.4681651e+00   5.2431020e+02
   1.4012035e+00   1.4701068e+00   5.2531020e+02
   1.3999130e+00   1.4720594e+00   5.2631020e+02
   1.3986371e+00   1.4740228e+00   5.2731020e+02
   1.3973758e+00   1.4759970e+00   5.2831020e+02
   1.3961290e+00   1.4779820e+00   5.2931020e+02
   1.3948969e+00   1.4799777e+00   5.3031020e+02
   1.3936793e+00   1.4819842e+00   5.3131020e+02
   1.3924762e+00   1.4840015e+00   5.3231020e+02
   1.3912877e+00   1.4860295e+00   5.3331020e+02
   1.3901137e+00   1.4880683e+00   5.3431020e+02
   1.3889541e+00   1.4901178e+00   5.3531020e+02
   1.3878090e+00   1.4921780e+00   5.3631020e+02
   1.3866784e+00   1.4942489e+00   5.3731020e+02
   1.3855621e+00   1.4963305e+00   5.3831020e+02
   1.3844603e+00   1.4984228e+00   5.3931020e+02
   1.3833729e+00   1.5005257e+00   5.4031020e+02
   1.3822999e+00   1.5026393e+00   5.4131020e+02
   1.3812412e+00   1.5047636e+00   5.4231020e+02
   1.3801969e+00   1.5068985e+00   5.4331020e+02
   1.3791669e+00   1.5090440e+00   5.4431020e+02
   1.3781512e+00   1.5112002e+00   5.4531020e+02
   1.3771498e+00   1.5133669e+00   5.4631020e+02
   1.3761627e+00   1.5155443e+00   5.4731020e+02
   1.3751899e+00   1.5177322e+00   5.4831020e+02
   1.3742312e+00   1.5199308e+00   5.4931020e+02
   1.3732868e+00   1.5221398e+00   5.5031020e+02
   1.3723566e+00   1.5243595e+00   5.5131020e+02
   1.3714406e+00   1.5265897e+00   5.5231020e+02
   1.3705388e+00   1.5288304e+00   5.5331020e+02
   1.3696511e+00   1.5310816e+00   5.5431020e+02
   1.3687775e+00   1.5333434e+00   5.5531020e+02
   1.3679181e+00   1.5356156e+00   5.5631020e+02
   1.3670728e+00   1.5378984e+00   5.5731020e+02
   1.3662415e+00   1.5401916e+00   5.5831020e+02
   1.3654243e+00   1.5424953e+00   5.5931020e+02
   1.3646212e+00   1.5448094e+00   5.6031020e+02
   1.3638321e+00   1.5471340e+00   5.6131020e+02
   1.3630570e+00   1.5494691e+00   5.6231020e+02
   1.3622959e+00   1.5518145e+00   5.6331020e+02
   1.3615487e+00   1.5541704e+00   5.6431020e+02
   1.3608156e+00   1.5565367e+00   5.6531020e+02
   1.3600963e+00   1.5589134e+00   5.6631020e+02
   1.3593910e+00   1.5613005e+00   5.6731020e+02
   1.3586997e+00   1.5636979e+00   5.6831020e+02
   1.3580222e+00   1.5661057e+00   5.6931020e+02
   1.3573585e+00   1.5685239e+00   5.7031020e+02
   1.3567088e+00   1.5709524e+00   5.7131020e+02
   1.3560728e+00   1.5733912e+00   5.7231020e+02
   1.3554507e+00   1.5758403e+00   5.7331020e+02
   1.3548424e+00   1.5782998e+00   5.7431020e+02
   1.3542479e+00   1.5807696e+00   5.7531020e+02
   1.3536672e+00   1.5832496e+00   5.7631020e+02
   1.3531002e+00   1.5857399e+00   5.7731020e+02
   1.3525469e+00   1.5882405e+00   5.7831020e+02
   1.3520074e+00   1.5907514e+00   5.7931020e+02
   1.3514815e+00   1.5932725e+00   5.8031020e+02
   1.3509693e+00   1.5958038e+00   5.8131020e+02
   1.3504708e+00   1.5983453e+00   5.8231020e+02
   1.3499860e+00   1.6008971e+00   5.8331020e+02
   1.3495148e+00   1.6034591e+00   5.8431020e+02
   1.3490572e+00   1.6060312e+00   5.8531020e+02
   1.3486131e+00   1.6086136e+00   5.8631020e+02
   1.3481827e+00   1.6112061e+00   5.8731020e+02
   1.3477658e+00   1.6138088e+00   5.8831020e+02
   1.3473625e+00   1.6164216e+00   5.8931020e+02
   1.3469727e+00   1.6190446e+00   5.9031020e+02
   1.3465964e+00   1.6216777e+00   5.9131020e+02
   1.3462336e+00   1.6243209e+00   5.9231020e+02
   1.3458842e+00   1.6269742e+00   5.9331020e+02
   1.3455483e+00   1.6296376e+00   5.9431020e+02
   1.3452259e+00   1.6323111e+00   5.9531020e+02
   1.3449169e+00   1.6349947e+00   5.9631020e+02
   1.3446212e+00   1.6376883e+00   5.9731020e+02
   1.3443390e+00   1.6403920e+00   5.9831020e+02
   1.3440701e+00   1.6431058e+00   5.9931020e+02
   1.3438146e+00   1.6458295e+00   6.0031020e+02
   1.3435724e+00   1.6485633e+00   6.0131020e+02
   1.3433435e+00   1.6513071e+00   6.0231020e+02
   1.3431280e+00   1.6540609e+00   6.0331020e+02
   1.3429257e+00   1.6568247e+00   6.0431020e+02
   1.3427367e+00   1.6595985e+00   6.0531020e+02
   1.3425609e+00   1.6623823e+00   6.0631020e+02
   1.3423983e+00   1.6651760e+00   6.0731020e+02
   1.3422490e+00   1.6679796e+00   6.0831020e+02
   1.3421129e+00   1.6707932e+00   6.0931020e+02
   1.3419899e+00   1.6736167e+00   6.1031020e+02
   1.3418801e+00   1.6764502e+00   6.1131020e+02
   1.3417834e+00   1.6792935e+00   6.1231020e+02
   1.3416999e+00   1.6821467e+00   6.1331020e+02
   1.3416294e+00   1.6850098e+00   6.1431020e+02
   1.3415721e+00   1.6878828e+00   6.1531020e+02
   1.3415278e+00   1.6907657e+00   6.1631020e+02
   1.3414966e+00   1.6936584e+00   6.1731020e+02
   1.3414784e+00   1.6965609e+00   6.1831020e+02
   1.3414733e+00   1.6994733e+00   6.1931020e+02
   1.3414811e+00   1.7023955e+00   6.2031020e+02
   1.3415019e+00   1.7053275e+00   6.2131020e+02
   1.3415357e+00   1.7082693e+00   6.2231020e+02
   1.3415825e+00   1.7112209e+00   6.2331020e+02
   1.3416421e+00   1.7141822e+00   6.2431020e+02
   1.3417147e+00   1.7171534e+00   6.2531020e+02
   1.3418002e+00   1.7201343e+00   6.2631020e+02
   1.3418986e+00   1.7231249e+00   6.2731020e+02
   1.3420098e+00   1.7261253e+00   6.2831020e+02
   1.3421339e+00   1.7291354e+00   6.2931020e+02
   1.3422708e+00   1.7321552e+00   6.3031020e+02
   1.3424205e+00   1.7351847e+00   6.3131020e+02
   1.3425831e+00   1.7382239e+00   6.3231020e+02
   1.3427583e+00   1.7412728e+00   6.3331020e+02
   1.3429464e+00   1.7443313e+00   6.3431020e+02
   1.3431472e+00   1.7473995e+00   6.3531020e+02
   1.3433607e+00   1.7504774e+00   6.3631020e+02
   1.3435869e+00   1.7535649e+00   6.3731020e+02
   1.3438258e+00   1.7566620e+00   6.3831020e+02
   1.3440774e+00   1.7597688e+00   6.3931020e+02
   1.3443416e+00   1.7628851e+00   6.4031020e+02
   1.3446185e+00   1.7660111e+00   6.4131020e+02
   1.3449080e+00   1.7691466e+00   6.4231020e+02
   1.3452101e+00   1.7722917e+00   6.4331020e+02
   1.3455248e+00   1.7754464e+00   6.4431020e+02
   1.3458520e+00   1.7786106e+00   6.4531020e+02
   1.3461918e+00   1.7817844e+00   6.4631020e+02
   1.3465441e+00   1.7849677e+00   6.4731020e+02
   1.3469090e+00   1.7881605e+00   6.4831020e+02
   1.3472863e+00   1.7913628e+00   6.4931020e+02
   1.3476761e+00   1.7945747e+00   6.5031020e+02
   1.3480784e+00   1.7977960e+00   6.5131020e+02
   1.3484932e+00   1.8010268e+00   6.5231020e+02
   1.3489203e+00   1.8042671e+00   6.5331020e+02
   1.3493599e+00   1.8075168e+00   6.5431020e+02
   1.3498118e+00   1.8107760e+00   6.5531020e+02
   1.3502762e+00   1.8140446e+00   6.5631020e+02
   1.3507529e+00   1.8173226e+00   6.5731020e+02
   1.3512419e+00   1.8206101e+00   6.5831020e+02
   1.3517432e+00   1.8239069e+00   6.5931020e+02
   1.3522569e+00   1.8272132e+00   6.6031020e+02
   1.3527829e+00   1.8305288e+00   6.6131020e+02
   1.3533211e+00   1.8338538e+00   6.6231020e+02
   1.3538716e+00   1.8371882e+00   6.6331020e+02
   1.3544343e+00   1.8405319e+00   6.6431020e+02
   1.3550092e+00   1.8438850e+00   6.6531020e+02
   1.3555963e+00   1.8472474e+00   6.6631020e+02
   1.3561956e+00   1.8506191e+00   6.6731020e+02
   1.3568071e+00   1.8540001e+00   6.6831020e+02
   1.3574307e+00   1.8573904e+00   6.6931020e+02
   1.3580665e+00   1.8607900e+00   6.7031020e+02
   1.3587144e+00   1.8641989e+00   6.7131020e+02
   1.3593744e+00   1.8676170e+00   6.7231020e+02
   1.3600464e+00   1.8710444e+00   6.7331020e+02
   1.3607305e+00   1.8744811e+00   6.7431020e+02
   1.3614267e+00   1.8779270e+00   6.7531020e+02
   1.3621349e+00   1.8813821e+00   6.7631020e+02
   1.3628551e+00   1.8848464e+00   6.7731020e+02
   1.3635872e+00   1.8883199e+00   6.7831020e+02
   1.3643314e+00   1.8918026e+00   6.7931020e+02
   1.3650875e+00   1.8952945e+00   6.8031020e+02
   1.3658556e+00   1.8987956e+00   6.8131020e+02
   1.3666356e+00   1.9023058e+00   6.8231020e+02
   1.3674275e+00   1.9058251e+00   6.8331020e+02
   1.3682312e+00   1.9093537e+00   6.8431020e+02
   1.3690469e+00   1.9128913e+00   6.8531020e+02
   1.3698744e+00   1.9164380e+00   6.8631020e+02
   1.3707137e+00   1.9199939e+00   6.8731020e+02
   1.3715649e+00   1.9235588e+00   6.8831020e+02
   1.3724278e+00   1.9271329e+00   6.8931020e+02
   1.3733026e+00   1.9307160e+00   6.9031020e+02
   1.3741891e+00   1.9343082e+00   6.9131020e+02
   1.3750873e+00   1.9379094e+00   6.9231020e+02
   1.3759973e+00   1.9415197e+00   6.9331020e+02
   1.3769190e+00   1.9451390e+00   6.9431020e+02
   1.3778524e+00   1.9487673e+00   6.9531020e+02
   1.3787974e+00   1.9524046e+00   6.9631020e+02
   1.3797542e+00   1.9560510e+00   6.9731020e+02
   1.3807226e+00   1.9597063e+00   6.9831020e+02
   1.3817026e+00   1.9633706e+00   6.9931020e+02
   1.3826942e+00   1.9670439e+00   7.0031020e+02
   1.3836974e+00   1.9707261e+00   7.0131020e+02
   1.3847121e+00   1.9744173e+00   7.0231020e+02
   1.3857385e+00   1.9781174e+00   7.0331020e+02
   1.3867764e+00   1.9818264e+00   7.0431020e+02
   1.3878257e+00   1.9855443e+00   7.0531020e+02
   1.3888866e+00   1.9892712e+00   7.0631020e+02
   1.3899590e+00   1.9930069e+00   7.0731020e+02
   1.3910429e+00   1.9967516e+00   7.0831020e+02
   1.3921382e+00   2.0005051e+00   7.0931020e+02
   1.3932449e+00   2.0042674e+00   7.1031020e+02
   1.3943631e+00   2.0080386e+00   7.1131020e+02
   1.3954927e+00   2.0118187e+00   7.1231020e+02
   1.3966336e+00   2.0156076e+00   7.1331020e+02
   1.3977859e+00   2.0194053e+00   7.1431020e+02
   1.3989496e+00   2.0232118e+00   7.1531020e+02
   1.4001246e+00   2.0270271e+00   7.1631020e+02
   1.4013109e+00   2.0308512e+00   7.1731020e+02
   1.4025085e+00   2.0346840e+00   7.1831020e+02
   1.4037173e+00   2.0385257e+00   7.1931020e+02
   1.4049375e+00   2.0423761e+00   7.2031020e+02
   1.4061689e+00   2.0462352e+00   7.2131020e+02
   1.4074115e+00   2.0501030e+00   7.2231020e+02
   1.4086653e+00   2.0539796e+00   7.2331020e+02
   1.4099303e+00   2.0578649e+00   7.2431020e+02
   1.4112064e+00   2.0617589e+00   7.2531020e+02
   1.4124938e+00   2.0656616e+00   7.2631020e+02
   1.4137923e+00   2.0695730e+00   7.2731020e+02
   1.4151018e+00   2.0734930e+00   7.2831020e+02
   1.4164225e+00   2.0774217e+00   7.2931020e+02
   1.4177543e+00   2.0813591e+00   7.3031020e+02
   1.4190972e+00   2.0853051e+00   7.3131020e+02
   1.4204511e+00   2.0892597e+00   7.3231020e+02
   1.4218160e+00   2.0932229e+00   7.3331020e+02
   1.4231920e+00   2.0971947e+00   7.3431020e+02
   1.4245789e+00   2.1011752e+00   7.3531020e+02
   1.4259769e+00   2.1051642e+00   7.3631020e+02
   1.4273858e+00   2.1091618e+00   7.3731020e+02
   1.4288056e+00   2.1131679e+00   7.3831020e+02
   1.4302364e+00   2.1171826e+00   7.3931020e+02
   1.4316781e+00   2.1212059e+00   7.4031020e+02
   1.4331307e+00   2.1252376e+00   7.4131020e+02
   1.4345941e+00   2.1292779e+00   7.4231020e+02
   1.4360685e+00   2.1333267e+00   7.4331020e+02
   1.4375536e+00   2.1373840e+00   7.4431020e+02
   1.4390496e+00   2.1414498e+00   7.4531020e+02
   1.4405564e+00   2.1455241e+00   7.4631020e+02
   1.4420740e+00   2.1496069e+00   7.4731020e+02
   1.4436024e+00   2.1536980e+00   7.4831020e+02
   1.4451415e+00   2.1577977e+00   7.4931020e+02
   1.4466914e+00   2.1619058e+00   7.5031020e+02
   1.4482519e+00   2.1660223e+00   7.5131020e+02
   1.4498232e+00   2.1701472e+00   7.5231020e+02
   1.4514052e+00   2.1742805e+00   7.5331020e+02
   1.4529978e+00   2.1784222e+00   7.5431020e+02
   1.4546011e+00   2.1825723e+00   7.5531020e+02
   1.4562150e+00   2.1867308e+00   7.5631020e+02
   1.4578396e+00   2.1908976e+00   7.5731020e+02
   1.4594747e+00   2.1950728e+00   7.5831020e+02
   1.4611204e+00   2.1992563e+00   7.5931020e+02
   1.4627767e+00   2.2034481e+00   7.6031020e+02
   1.4644435e+00   2.2076483e+00   7.6131020e+02
   1.4661209e+00   2.2118567e+00   7.6231020e+02
   1.4678088e+00   2.2160735e+00   7.6331020e+02
   1.4695071e+00   2.2202985e+00   7.6431020e+02
   1.4712160e+00   2.2245319e+00   7.6531020e+02
   1.4729353e+00   2.2287735e+00   7.6631020e+02
   1.4746650e+00   2.2330233e+00   7.6731020e+02
   1.4764052e+00   2.2372814e+00   7.6831020e+02
   1.4781557e+00   2.2415477e+00   7.6931020e+02
   1.4799167e+00   2.2458223e+00   7.7031020e+02
   1.4816880e+00   2.2501050e+00   7.7131020e+02
   1.4834697e+00   2.2543960e+00   7.7231020e+02
   1.4852617e+00   2.2586951e+00   7.7331020e+02
   1.4870641e+00   2.2630024e+00   7.7431020e+02
   1.4888767e+00   2.2673179e+00   7.7531020e+02
   1.4906997e+00   2.2716416e+00   7.7631020e+02
   1.4925329e+00   2.2759734e+00   7.7731020e+02
   1.4943763e+00   2.2803133e+00   7.7831020e+02
   1.4962300e+00   2.2846614e+00   7.7931020e+02
   1.4980939e+00   2.2890176e+00   7.8031020e+02
   1.4999680e+00   2.2933818e+00   7.8131020e+02
   1.5018523e+00   2.2977542e+00   7.8231020e+02
   1.5037468e+00   2.3021347e+00   7.8331020e+02
   1.5056513e+00   2.3065232e+00   7.8431020e+02
   1.5075661e+00   2.3109198e+00   7.8531020e+02
   1.5094909e+00   2.3153245e+00   7.8631020e+02
   1.5114258e+00   2.3197371e+00   7.8731020e+02
   1.5133708e+00   2.3241579e+00   7.8831020e+02
   1.5153259e+00   2.3285866e+00   7.8931020e+02
   1.5172910e+00   2.3330234e+00   7.9031020e+02
   1.5192661e+00   2.3374681e+00   7.9131020e+02
   1.5212512e+00   2.3419208e+00   7.9231020e+02
   1.5232464e+00   2.3463815e+00   7.9331020e+02
   1.5252515e+00   2.3508502e+00   7.9431020e+02
   1.5272665e+00   2.3553269e+00   7.9531020e+02
   1.5292915e+00   2.3598114e+00   7.9631020e+02
   1.5313264e+00   2.3643040e+00   7.9731020e+02
   1.5333712e+00   2.3688044e+00   7.9831020e+02
   1.5354259e+00   2.3733127e+00   7.9931020e+02
   1.5374904e+00   2.3778290e+00   8.0031020e+02
   1.5395648e+00   2.3823532e+00   8.0131020e+02
   1.5416491e+00   2.3868852e+00   8.0231020e+02
   1.5437431e+00   2.3914251e+00   8.0331020e+02
   1.5458470e+00   2.3959728e+00   8.0431020e+02
   1.5479606e+00   2.4005284e+00   8.0531020e+02
   1.5500840e+00   2.4050919e+00   8.0631020e+02
   1.5522172e+00   2.4096632e+00   8.0731020e+02
   1.5543600e+00   2.4142423e+00   8.0831020e+02
   1.5565126e+00   2.4188292e+00   8.0931020e+02
   1.5586749e+00   2.4234239e+00   8.1031020e+02
   1.5608468e+00   2.4280263e+00   8.1131020e+02
   1.5630284e+00   2.4326366e+00   8.1231020e+02
   1.5652197e+00   2.4372546e+00   8.1331020e+02
   1.5674205e+00   2.4418804e+00   8.1431020e+02
   1.5696310e+00   2.4465139e+00   8.1531020e+02
   1.5718511e+00   2.4511551e+00   8.1631020e+02
   1.5740807e+00   2.4558041e+00   8.1731020e+02
   1.5763199e+00   2.4604608e+00   8.1831020e+02
   1.5785686e+00   2.4651252e+00   8.1931020e+02
   1.5808269e+00   2.4697973e+00   8.2031020e+02
   1.5830946e+00   2.4744770e+00   8.2131020e+02
   1.5853719e+00   2.4791644e+00   8.2231020e+02
   1.5876586e+00   2.4838595e+00   8.2331020e+02
   1.5899547e+00   2.4885622e+00   8.2431020e+02
   1.5922603e+00   2.4932726e+00   8.2531020e+02
   1.5945753e+00   2.4979906e+00   8.2631020e+02
   1.5968997e+00   2.5027162e+00   8.2731020e+02
   1.5992334e+00   2.5074494e+00   8.2831020e+02
   1.6015766e+00   2.5121902e+00   8.2931020e+02
   1.6039290e+00   2.5169385e+00   8.3031020e+02
   1.6062908e+00   2.5216945e+00   8.3131020e+02
   1.6086619e+00   2.5264580e+00   8.3231020e+02
   1.6110423e+00   2.5312291e+00   8.3331020e+02
   1.6134320e+00   2.5360077e+00   8.3431020e+02
   1.6158310e+00   2.5407938e+00   8.3531020e+02
   1.6182391e+00   2.5455875e+00   8.3631020e+02
   1.6206565e+00   2.5503886e+00   8.3731020e+02
   1.6230831e+00   2.5551973e+00   8.3831020e+02
   1.6255189e+00   2.5600135e+00   8.3931020e+02
   1.6279639e+00   2.5648371e+00   8.4031020e+02
   1.6304180e+00   2.5696682e+00   8.4131020e+02
   1.6328813e+00   2.5745067e+00   8.4231020e+02
   1.6353536e+00   2.5793527e+00   8.4331020e+02
   1.6378351e+00   2.5842061e+00   8.4431020e+02
   1.6403257e+00   2.5890670e+00   8.4531020e+02
   1.6428253e+00   2.5939353e+00   8.4631020e+02
   1.6453340e+00   2.5988109e+00   8.4731020e+02
   1.6478517e+00   2.6036940e+00   8.4831020e+02
   1.6503784e+00   2.6085844e+00   8.4931020e+02
   1.6529141e+00   2.6134822e+00   8.5031020e+02
   1.6554588e+00   2.6183874e+00   8.5131020e+02
   1.6580124e+00   2.6232999e+00   8.5231020e+02
   1.6605750e+00   2.6282198e+00   8.5331020e+02
   1.6631466e+00   2.6331469e+00   8.5431020e+02
   1.6657270e+00   2.6380814e+00   8.5531020e+02
   1.6683163e+00   2.6430232e+00   8.5631020e+02
   1.6709145e+00   2.6479723e+00   8.5731020e+02
   1.6735216e+00   2.6529287e+00   8.5831020e+02
   1.6761375e+00   2.6578924e+00   8.5931020e+02
   1.6787622e+00   2.6628633e+00   8.6031020e+02
   1.6813957e+00   2.6678415e+00   8.6131020e+02
   1.6840380e+00   2.6728269e+00   8.6231020e+02
   1.6866891e+00   2.6778195e+00   8.6331020e+02
   1.6893489e+00   2.6828194e+00   8.6431020e+02
   1.6920175e+00   2.6878265e+00   8.6531020e+02
   1.6946948e+00   2.6928408e+00   8.6631020e+02
   1.6973807e+00   2.6978622e+00   8.6731020e+02
   1.7000754e+00   2.7028909e+00   8.6831020e+02
   1.7027787e+00   2.7079267e+00   8.6931020e+02
   1.7054907e+00   2.7129697e+00   8.7031020e+02
   1.7082113e+00   2.7180198e+00   8.7131020e+02
   1.7109406e+00   2.7230771e+00   8.7231020e+02
   1.7136784e+00   2.7281414e+00   8.7331020e+02
   1.7164248e+00   2.7332129e+00   8.7431020e+02
   1.7191797e+00   2.7382915e+00   8.7531020e+02
   1.7219432e+00   2.7433772e+00   8.7631020e+02
   1.7247153e+00   2.7484700e+00   8.7731020e+02
   1.7274958e+00   2.7535698e+00   8.7831020e+02
   1.7302848e+00   2.7586767e+00   8.7931020e+02
   1.7330823e+00   2.7637907e+00   8.8031020e+02
   1.7358883e+00   2.7689117e+00   8.8131020e+02
   1.7387027e+00   2.7740397e+00   8.8231020e+02
   1.7415255e+00   2.7791748e+00   8.8331020e+02
   1.7443567e+00   2.7843168e+00   8.8431020e+02
   1.7471963e+00   2.7894659e+00   8.8531020e+02
   1.7500443e+00   2.7946219e+00   8.8631020e+02
   1.7529006e+00   2.7997849e+00   8.8731020e+02
   1.7557653e+00   2.8049549e+00   8.8831020e+02
   1.7586383e+00   2.8101318e+00   8.8931020e+02
   1.7615196e+00   2.8153157e+00   8.9031020e+02
   1.7644091e+00   2.8205065e+00   8.9131020e+02
   1.7673070e+00   2.8257043e+00   8.9231020e+02
   1.7702130e+00   2.8309089e+00   8.9331020e+02
   1.7731273e+00   2.8361204e+00   8.9431020e+02
   1.7760499e+00   2.8413389e+00   8.9531020e+02
   1.7789806e+00   2.8465642e+00   8.9631020e+02
   1.7819195e+00   2.8517964e+00   8.9731020e+02
   1.7848665e+00   2.8570354e+00   8.9831020e+02
   1.7878217e+00   2.8622813e+00   8.9931020e+02
   1.7907850e+00   2.8675341e+00   9.0031020e+02
   1.7937565e+00   2.8727936e+00   9.0131020e+02
   1.7967360e+00   2.8780600e+00   9.0231020e+02
   1.7997236e+00   2.8833332e+00   9.0331020e+02
   1.8027192e+00   2.8886132e+00   9.0431020e+02
   1.8057229e+00   2.8938999e+00   9.0531020e+02
   1.8087346e+00   2.8991934e+00   9.0631020e+02
   1.8117543e+00   2.9044937e+00   9.0731020e+02
   1.8147820e+00   2.9098008e+00   9.0831020e+02
   1.8178177e+00   2.9151146e+00   9.0931020e+02
   1.8208613e+00   2.9204351e+00   9.1031020e+02
   1.8239128e+00   2.9257623e+00   9.1131020e+02
   1.8269723e+00   2.9310963e+00   9.1231020e+02
   1.8300397e+00   2.9364369e+00   9.1331020e+02
   1.8331149e+00   2.9417843e+00   9.1431020e+02
   1.8361980e+00   2.9471383e+00   9.1531020e+02
   1.8392890e+00   2.9524990e+00   9.1631020e+02
   1.8423878e+00   2.9578663e+00   9.1731020e+02
   1.8454944e+00   2.9632403e+00   9.1831020e+02
   1.8486088e+00   2.9686209e+00   9.1931020e+02
   1.8517309e+00   2.9740082e+00   9.2031020e+02
   1.8548609e+00   2.9794020e+00   9.2131020e+02
   1.8579985e+00   2.9848025e+00   9.2231020e+02
   1.8611439e+00   2.9902096e+00   9.2331020e+02
   1.8642970e+00   2.9956232e+00   9.2431020e+02
   1.8674578e+00   3.0010434e+00   9.2531020e+02
   1.8706263e+00   3.0064702e+00   9.2631020e+02
   1.8738024e+00   3.0119035e+00   9.2731020e+02
   1.8769862e+00   3.0173434e+00   9.2831020e+02
   1.8801776e+00   3.0227897e+00   9.2931020e+02
   1.8833765e+00   3.0282427e+00   9.3031020e+02
   1.8865831e+00   3.0337021e+00   9.3131020e+02
   1.8897972e+00   3.0391680e+00   9.3231020e+02
   1.8930189e+00   3.0446404e+00   9.3331020e+02
   1.8962481e+00   3.0501192e+00   9.3431020e+02
   1.8994849e+00   3.0556046e+00   9.3531020e+02
   1.9027291e+00   3.0610964e+00   9.3631020e+02
   1.9059808e+00   3.0665946e+00   9.3731020e+02
   1.9092400e+00   3.0720993e+00   9.3831020e+02
   1.9125066e+00   3.0776104e+00   9.3931020e+02
   1.9157807e+00   3.0831279e+00   9.4031020e+02
   1.9190622e+00   3.0886518e+00   9.4131020e+02
   1.9223510e+00   3.0941820e+00   9.4231020e+02
   1.9256472e+00   3.0997187e+00   9.4331020e+02
   1.9289508e+00   3.1052618e+00   9.4431020e+02
   1.9322618e+00   3.1108112e+00   9.4531020e+02
   1.9355800e+00   3.1163669e+00   9.4631020e+02
   1.9389056e+00   3.1219290e+00   9.4731020e+02
   1.9422385e+00   3.1274974e+00   9.4831020e+02
   1.9455786e+00   3.1330721e+00   9.4931020e+02
   1.9489260e+00   3.1386531e+00   9.5031020e+02
   1.9522806e+00   3.1442405e+00   9.5131020e+02
   1.9556424e+00   3.1498341e+00   9.5231020e+02
   1.9590115e+00   3.1554340e+00   9.5331020e+02
   1.9623877e+00   3.1610401e+00   9.5431020e+02
   1.9657711e+00   3.1666525e+00   9.5531020e+02
   1.9691616e+00   3.1722711e+00   9.5631020e+02
   1.9725593e+00   3.1778960e+00   9.5731020e+02
   1.9759641e+00   3.1835271e+00   9.5831020e+02
   1.9793760e+00   3.1891644e+00   9.5931020e+02
   1.9827949e+00   3.1948079e+00   9.6031020e+02
   1.9862210e+00   3.2004576e+00   9.6131020e+02
   1.9896540e+00   3.2061134e+00   9.6231020e+02
   1.9930942e+00   3.2117754e+00   9.6331020e+02
   1.9965413e+00   3.2174436e+00   9.6431020e+02
   1.9999954e+00   3.2231179e+00   9.6531020e+02
   2.0034565e+00   3.2287984e+00   9.6631020e+02
   2.0069245e+00   3.2344850e+00   9.6731020e+02
   2.0103995e+00   3.2401777e+00   9.6831020e+02
   2.0138814e+00   3.2458765e+00   9.6931020e+02
   2.0173702e+00   3.2515814e+00   9.7031020e+02
   2.0208659e+00   3.2572924e+00   9.7131020e+02
   2.0243685e+00   3.2630094e+00   9.7231020e+02
   2.0278779e+00   3.2687325e+00   9.7331020e+02
   2.0313942e+00   3.2744617e+00   9.7431020e+02
   2.0349173e+00   3.2801969e+00   9.7531020e+02
   2.0384471e+00   3.2859381e+00   9.7631020e+02
   2.0419838e+00   3.2916853e+00   9.7731020e+02
   2.0455273e+00   3.2974386e+00   9.7831020e+02
   2.0490774e+00   3.3031978e+00   9.7931020e+02
   2.0526344e+00   3.3089630e+00   9.8031020e+02
   2.0561980e+00   3.3147342e+00   9.8131020e+02
   2.0597683e+00   3.3205114e+00   9.8231020e+02
   2.0633453e+00   3.3262945e+00   9.8331020e+02
   2.0669290e+00   3.3320836e+00   9.8431020e+02
   2.0705193e+00   3.3378786e+00   9.8531020e+02
   2.0741162e+00   3.3436795e+00   9.8631020e+02
   2.0777198e+00   3.3494863e+00   9.8731020e+02
   2.0813299e+00   3.3552990e+00   9.8831020e+02
   2.0849467e+00   3.3611177e+00   9.8931020e+02
   2.0885699e+00   3.3669422e+00   9.9031020e+02
   2.0921998e+00   3.3727725e+00   9.9131020e+02
   2.0958361e+00   3.3786087e+00   9.9231020e+02
   2.0994790e+00   3.3844508e+00   9.9331020e+02
   2.1031283e+00   3.3902987e+00   9.9431020e+02
   2.1067841e+00   3.3961525e+00   9.9531020e+02
   2.1104464e+00   3.4020120e+00   9.9631020e+02
   2.1141150e+00   3.4078773e+00   9.9731020e+02
   2.1177902e+00   3.4137485e+00   9.9831020e+02
   2.1214717e+00   3.4196254e+00   9.9931020e+02
   2.1251596e+00   3.4255081e+00   1.0003102e+03
   2.1288538e+00   3.4313966e+00   1.0013102e+03
   2.1325544e+00   3.4372908e+00   1.0023102e+03
   2.1362614e+00   3.4431907e+00   1.0033102e+03
   2.1399747e+00   3.4490964e+00   1.0043102e+03
   2.1436942e+00   3.4550078e+00   1.0053102e+03
   2.1474200e+00   3.4609249e+00   1.0063102e+03
   2.1511521e+00   3.4668478e+00   1.0073102e+03
   2.1548905e+00   3.4727762e+00   1.0083102e+03
   2.1586350e+00   3.4787104e+00   1.0093102e+03
   2.1623858e+00   3.4846503e+00   1.0103102e+03
   2.1661428e+00   3.4905958e+00   1.0113102e+03
   2.1699059e+00   3.4965469e+00   1.0123102e+03
   2.1736752e+00   3.5025037e+00   1.0133102e+03
   2.1774507e+00   3.5084661e+00   1.0143102e+03
   2.1812322e+00   3.5144341e+00   1.0153102e+03
   2.1850199e+00   3.5204077e+00   1.0163102e+03
   2.1888136e+00   3.5263869e+00   1.0173102e+03
   2.1926135e+00   3.5323717e+00   1.0183102e+03
   2.1964193e+00   3.5383620e+00   1.0193102e+03
   2.2002313e+00   3.5443579e+00   1.0203102e+03
   2.2040492e+00   3.5503594e+00   1.0213102e+03
   2.2078731e+00   3.5563664e+00   1.0223102e+03
   2.2117030e+00   3.5623789e+00   1.0233102e+03
   2.2155389e+00   3.5683970e+00   1.0243102e+03
   2.2193807e+00   3.5744205e+00   1.0253102e+03
   2.2232285e+00   3.5804496e+00   1.0263102e+03
   2.2270822e+00   3.5864841e+00   1.0273102e+03
   2.2309417e+00   3.5925241e+00   1.0283102e+03
   2.2348072e+00   3.5985696e+00   1.0293102e+03
   2.2386785e+00   3.6046205e+00   1.0303102e+03
   2.2425556e+00   3.6106768e+00   1.0313102e+03
   2.2464386e+00   3.6167386e+00   1.0323102e+03
   2.2503274e+00   3.6228059e+00   1.0333102e+03
   2.2542220e+00   3.6288785e+00   1.0343102e+03
   2.2581223e+00   3.6349565e+00   1.0353102e+03
   2.2620284e+00   3.6410399e+00   1.0363102e+03
   2.2659403e+00   3.6471287e+00   1.0373102e+03
   2.2698578e+00   3.6532229e+00   1.0383102e+03
   2.2737811e+00   3.6593224e+00   1.0393102e+03
   2.2777101e+00   3.6654273e+00   1.0403102e+03
   2.2816447e+00   3.6715375e+00   1.0413102e+03
   2.2855850e+00   3.6776530e+00   1.0423102e+03
   2.2895309e+00   3.6837738e+00   1.0433102e+03
   2.2934824e+00   3.6899000e+00   1.0443102e+03
   2.2974395e+00   3.6960314e+00   1.0453102e+03
   2.3014022e+00   3.7021681e+00   1.0463102e+03
   2.3053705e+00   3.7083101e+00   1.0473102e+03
   2.3093444e+00   3.7144574e+00   1.0483102e+03
   2.3133237e+00   3.7206099e+00   1.0493102e+03
   2.3173086e+00   3.7267676e+00   1.0503102e+03
   2.3212989e+00   3.7329306e+00   1.0513102e+03
   2.3252948e+00   3.7390988e+00   1.0523102e+03
   2.3292961e+00   3.7452722e+00   1.0533102e+03
   2.3333028e+00   3.7514508e+00   1.0543102e+03
   2.3373150e+00   3.7576346e+00   1.0553102e+03
   2.3413326e+00   3.7638235e+00   1.0563102e+03
   2.3453555e+00   3.7700176e+00   1.0573102e+03
   2.3493839e+00   3.7762169e+00   1.0583102e+03
   2.3534176e+00   3.7824213e+00   1.0593102e+03
   2.3574566e+00   3.7886309e+00   1.0603102e+03
   2.3615010e+00   3.7948456e+00   1.0613102e+03
