   1.0000000e+00  -3.4424086e+02   1.4543550e+00   1.3600796e+02   1.3900000e+02   7.7000000e+01   1.4087186e+02   4.9136488e+03   6.1250006e+00   2.0480853e+00   5.3673763e+00   1.4082430e+00   7.0250795e+00   1.6734882e+02   4.5923959e-02   5.2923315e-02   3.1889642e-02   3.7873436e-02   9.6126622e-01   1.0000000e+00
   1.0000000e+00  -5.6018334e+01   1.0763935e+00   1.2679133e+02   1.7700000e+02   1.6100000e+02   1.5876848e+02   1.2726842e+04   6.3285617e+00   1.4399566e+00   5.7776831e+00   1.3377604e+00   6.8749963e+00   1.3440932e+02   1.1854207e-02   1.3121572e-02   1.1047483e-02   1.2274944e-02   9.9533103e-01   2.0000000e+00
   1.0000000e+00   1.7897612e+02   7.6298632e-01   1.1927679e+02   3.3900000e+02   2.0600000e+02   1.3437014e+02   5.3578651e+03   6.2838346e+00   1.4441606e+00   5.7829010e+00   1.8927739e+00   7.7048682e+00   1.7852072e+02   3.2523955e-02   3.8223464e-02   4.2288009e-02   4.8674955e-02   9.6231218e-01   3.0000000e+00
   1.0000000e+00   2.2144928e+02   6.8009324e-01   1.1791861e+02   1.6800000e+02   2.7500000e+02   1.5639245e+02   7.8310923e+03   6.3222193e+00   1.3153282e+00   6.0939679e+00   1.9340411e+00   7.9328331e+00   1.7767045e+02   2.1118417e-02   2.4502356e-02   3.0671657e-02   3.4678519e-02   9.8114408e-01   5.0000000e+00
   1.0000000e+00  -1.1870504e+02   1.3392634e+00   1.2879589e+02   2.2900000e+02   2.8800000e+02   1.1138807e+02   6.1404373e+03   5.9358202e+00   1.6573392e+00   5.6161838e+00   1.2375005e+00   5.1049158e+00   1.0293532e+02   2.1131207e-02   2.3400238e-02   1.5966082e-02   1.7954952e-02   9.8858065e-01   6.0000000e+00
   1.0000000e+00  -1.4492904e+02   1.2069718e+00   1.2963447e+02   4.3200000e+02   3.9800000e+02   1.1665691e+02   7.0776458e+03   6.3390549e+00   1.7460941e+00   6.3397158e+00   1.4466735e+00   7.8717386e+00   1.7543272e+02   3.0133262e-02   3.4383087e-02   2.5117637e-02   2.9022526e-02   9.7787467e-01   9.0000000e+00
   2.0000000e+00   2.0210692e+02   8.0418947e-01   9.2537128e+01   2.5100000e+02   1.0700000e+02   1.2712834e+02   8.9429876e+03   6.4066451e+00   1.3237736e+00   6.1647688e+00   1.6460966e+00   8.2256939e+00   1.7069319e+02   1.8932233e-02   2.1401938e-02   2.3348188e-02   2.6089044e-02   9.8567392e-01   1.0000000e+00
   2.0000000e+00   3.6626120e+02   6.7878063e-01   8.7287887e+01   1.4300000e+02   1.3500000e+02   1.5310853e+02   8.8036347e+03   6.0219301e+00   1.3961314e+00   5.6645428e+00   2.0568227e+00   1.0305945e+01   2.4512853e+02   2.5950968e-02   3.0812670e-02   3.7850229e-02   4.3555336e-02   9.7365080e-01   3.0000000e+00
   2.0000000e+00  -1.0992479e+02   1.2215875e+00   1.0251512e+02   2.4000000e+02   2.2300000e+02   1.9606672e+02   2.9426744e+04   6.3763744e+00   1.5937935e+00   6.0096795e+00   1.3046904e+00   1.5747932e+01   3.1949861e+02   1.3103457e-02   1.4565295e-02   1.0812247e-02   1.2148495e-02   9.9521426e-01   6.0000000e+00
   2.0000000e+00  -1.6917141e+02   1.2599870e+00   1.0440968e+02   4.0600000e+02   2.9100000e+02   2.2047977e+02   1.0005357e+04   5.6893499e+00   1.5705956e+00   5.4458887e+00   1.2465174e+00   8.6611919e+00   1.7074266e+02   2.0739900e-02   2.2896047e-02   1.6621265e-02   1.8570381e-02   9.8795063e-01   9.0000000e+00
   2.0000000e+00   1.3475622e+02   7.9867375e-01   9.4690834e+01   7.3000000e+01   3.3900000e+02   1.3583518e+02   2.3504822e+04   6.0833575e+00   1.3880253e+00   6.0160554e+00   1.7379127e+00   1.3807500e+01   3.0093218e+02   1.2733076e-02   1.4615478e-02   1.5819967e-02   1.7912096e-02   9.9384017e-01   1.0000000e+01
   2.0000000e+00  -1.5074627e+01   1.0113687e+00   9.9482049e+01   1.6300000e+02   3.4800000e+02   1.1601002e+02   1.1643745e+04   6.2136071e+00   1.5073762e+00   5.9595501e+00   1.4904320e+00   9.3154941e+00   1.9607095e+02   1.8639033e-02   2.1044566e-02   1.8437867e-02   2.0832658e-02   9.8903754e-01   1.1000000e+01
   2.0000000e+00   1.0837899e+02   8.3819994e-01   9.5534312e+01   2.4800000e+02   3.5700000e+02   2.0425032e+02   1.6911743e+04   6.1482661e+00   1.3390541e+00   6.4985617e+00   1.5975354e+00   1.0551313e+01   2.1698628e+02   1.2965934e-02   1.4607035e-02   1.5363385e-02   1.7135628e-02   9.9341099e-01   1.2000000e+01
   3.0000000e+00  -1.5566934e+02   1.2448902e+00   1.7397791e+02   3.0800000e+02   4.0300000e+02   1.0344054e+02   7.4041570e+03   5.8306284e+00   1.6640892e+00   6.0773224e+00   1.3367357e+00   6.1841669e+00   1.2961087e+02   2.1461920e-02   2.4041087e-02   1.7380547e-02   1.9705584e-02   9.8804698e-01   8.0000000e+00
   3.0000000e+00   3.0885891e+02   6.1470881e-01   1.5912347e+02   1.7800000e+02   4.1600000e+02   1.5149806e+02   5.7973719e+03   6.0027872e+00   1.3751993e+00   6.4921666e+00   2.2371557e+00   6.7822693e+00   1.6767465e+02   2.6015676e-02   3.1273279e-02   4.1957528e-02   4.8575902e-02   9.7213267e-01   9.0000000e+00
   4.0000000e+00  -2.2638242e+02   1.3804947e+00   1.7223914e+02   1.9800000e+02   1.0000000e+02   5.0974208e+01   1.1848006e+04   6.4375995e+00   1.8729978e+00   5.7958708e+00   1.3567584e+00   1.1924587e+01   2.6685556e+02   2.9471491e-02   3.3406836e-02   2.1565945e-02   2.4985866e-02   9.8146774e-01   1.0000000e+00
   4.0000000e+00  -2.6106644e+02   1.7370033e+00   1.7334825e+02   1.9200000e+02   3.8300000e+02   8.5033131e+01   1.2115437e+04   6.0714143e+00   2.3011045e+00   6.0659010e+00   1.3247554e+00   1.2985229e+01   3.1959349e+02   3.9775972e-02   4.5735171e-02   2.3160018e-02   2.7776220e-02   9.7627976e-01   4.0000000e+00
   5.0000000e+00   1.8735447e+01   9.5288742e-01   1.7640089e+02   3.5600000e+02   1.5700000e+02   1.5349267e+00   1.5066413e+04   6.0223862e+00   1.2943109e+00   5.9848109e+00   1.3583041e+00   5.6067501e+00   1.0492757e+02   7.2606758e-03   7.9991991e-03   7.6025426e-03   8.3554698e-03   9.9789314e-01   2.0000000e+00
   5.0000000e+00   1.0321524e+02   8.3101192e-01   1.7369944e+02   1.2300000e+02   3.0100000e+02   6.5902195e+01   3.5186308e+04   6.2980093e+00   1.3155117e+00   6.1909572e+00   1.5830239e+00   1.8352990e+01   3.7258396e+02   1.0614596e-02   1.1924946e-02   1.2679465e-02   1.4109135e-02   9.9545636e-01   3.0000000e+00
   5.0000000e+00  -8.2543992e+01   1.1558957e+00   1.7963955e+02   1.2100000e+02   3.4800000e+02   1.7850023e+00   1.1886899e+04   6.0312935e+00   1.4851279e+00   5.7740608e+00   1.2848286e+00   6.0393256e+00   1.1755738e+02   1.1470388e-02   1.2665614e-02   9.9856027e-03   1.1105957e-02   9.9588779e-01   4.0000000e+00
   5.0000000e+00   4.1774808e+01   8.9884807e-01   1.7566415e+02   1.0500000e+02   4.0600000e+02  -8.3131110e+00   1.5226432e+04   6.0212067e+00   1.3490147e+00   6.0325825e+00   1.5008262e+00   6.0372730e+00   1.2088907e+02   8.2273831e-03   9.1972759e-03   9.1137690e-03   1.0134000e-02   9.9741291e-01   5.0000000e+00
   6.0000000e+00   1.1239955e+02   8.7969127e-01   1.6540574e+02   9.0000000e+01   6.6000000e+01   4.4903733e+01   7.3725853e+03   6.0342960e+00   1.2962918e+00   5.7895711e+00   1.4735758e+00   5.6119129e+00   1.0928613e+02   1.5089468e-02   1.6776753e-02   1.7058669e-02   1.8844010e-02   9.9081168e-01   1.0000000e+00
   6.0000000e+00  -2.4513994e+02   1.6535272e+00   1.7683896e+02   7.1000000e+01   1.3500000e+02   2.1717750e+01   1.1641026e+04   5.4551352e+00   2.0565610e+00   5.9900010e+00   1.2437419e+00   1.3474285e+01   3.0365921e+02   3.7905837e-02   4.2632246e-02   2.3263342e-02   2.6989205e-02   9.7474651e-01   3.0000000e+00
   6.0000000e+00  -3.0195495e+01   1.0572839e+00   1.6996558e+02   6.1000000e+01   3.0200000e+02   1.3802387e+02   4.6667264e+04   6.4738062e+00   1.5065319e+00   6.1178963e+00   1.4249077e+00   2.3861872e+01   4.9139289e+02   1.1877543e-02   1.3304858e-02   1.1258122e-02   1.2654458e-02   9.9557505e-01   7.0000000e+00
   6.0000000e+00   4.0156335e+02   6.5413022e-01   1.5615901e+02   3.2400000e+02   3.0400000e+02   7.6880963e+00   8.1588816e+03   6.4658552e+00   1.2827213e+00   6.4060501e+00   1.9609571e+00   6.2450070e+00   1.3924982e+02   1.5665857e-02   1.8131253e-02   2.3629447e-02   2.6607118e-02   9.8908187e-01   8.0000000e+00
   6.0000000e+00  -2.8874007e+02   1.7876506e+00   1.7823318e+02   2.4100000e+02   3.7500000e+02   9.6152024e+01   4.2890898e+04   5.6973127e+00   2.3451646e+00   6.0855631e+00   1.3118697e+00   2.6911531e+01   6.6694584e+02   2.3948116e-02   2.7575146e-02   1.3535225e-02   1.6236754e-02   9.9160374e-01   9.0000000e+00
   6.0000000e+00   2.6186873e+02   6.7598953e-01   1.6062610e+02   1.9200000e+02   4.2000000e+02   8.4339935e-01   1.3953904e+04   5.9646956e+00   1.2229247e+00   6.1803200e+00   1.8090882e+00   7.3022448e+00   1.5283791e+02   1.0069832e-02   1.1448109e-02   1.4678213e-02   1.6317762e-02   9.9522359e-01   1.1000000e+01
   7.0000000e+00  -2.7974228e+02   1.6283221e+00   1.7594546e+02   2.5200000e+02   2.3700000e+02   1.5500055e+00   1.4782007e+04   5.4435358e+00   2.1779140e+00   6.2840102e+00   1.3375204e+00   6.0016782e+00   1.4437826e+02   1.4185921e-02   1.6274512e-02   8.8011228e-03   1.0448263e-02   9.9662764e-01   7.0000000e+00
   7.0000000e+00   3.6612535e+02   6.2693061e-01   1.5529223e+02   2.0100000e+02   3.7200000e+02   1.2951550e+01   1.3058040e+04   5.6095313e+00   1.2848345e+00   6.3934721e+00   2.0494047e+00   8.6491405e+00   1.9743366e+02   1.3675202e-02   1.5950605e-02   2.1519421e-02   2.4326100e-02   9.9155936e-01   1.1000000e+01
   7.0000000e+00   1.2001612e+01   9.5122689e-01   1.6661622e+02   7.4000000e+01   4.3900000e+02  -1.6459669e+00   1.6666277e+04   6.0818997e+00   1.3881158e+00   6.1025911e+00   1.4592899e+00   8.0329512e+00   1.6087507e+02   1.0276111e-02   1.1472121e-02   1.0781169e-02   1.2005966e-02   9.9618297e-01   1.3000000e+01
   8.0000000e+00   2.5693773e+02   7.1548616e-01   1.5378378e+02   6.1000000e+01   1.2700000e+02   5.1771535e+01   1.1487107e+04   5.8631515e+00   1.3948244e+00   6.2913642e+00   1.9494778e+00   9.9894946e+00   2.3105685e+02   1.9142704e-02   2.2477817e-02   2.6494402e-02   3.0332758e-02   9.8574535e-01   2.0000000e+00
   8.0000000e+00  -1.7227507e+02   1.3412807e+00   1.6750892e+02   2.1000000e+02   1.9600000e+02   6.5307297e+01   2.3400560e+04   6.3960938e+00   1.7570831e+00   6.2210873e+00   1.3100039e+00   1.3108956e+01   2.7948291e+02   1.5282662e-02   1.7126700e-02   1.1513873e-02   1.3130471e-02   9.9445793e-01   5.0000000e+00
   8.0000000e+00   3.7493994e+02   6.7531017e-01   1.5001036e+02   2.1300000e+02   2.1500000e+02   1.3791839e+01   8.8655369e+03   5.9355598e+00   1.3862071e+00   5.8451684e+00   2.0526968e+00   6.4786343e+00   1.5335310e+02   1.6070198e-02   1.9054273e-02   2.3547090e-02   2.7050364e-02   9.8962157e-01   6.0000000e+00
   8.0000000e+00   1.9132040e+01   9.4488188e-01   1.6138821e+02   2.4200000e+02   2.8400000e+02   3.6046563e+00   1.4129208e+04   5.8228302e+00   1.3623038e+00   6.4825933e+00   1.4417715e+00   5.2915837e+00   1.0441951e+02   7.8169048e-03   8.6981701e-03   8.2533918e-03   9.1546349e-03   9.9772565e-01   7.0000000e+00
   8.0000000e+00   4.7870516e+02   6.2110479e-01   1.4669221e+02   4.3800000e+02   2.8800000e+02   3.1744632e+01   1.0614175e+04   5.9217398e+00   1.4372376e+00   6.0528638e+00   2.3140017e+00   1.3021978e+01   3.3416931e+02   2.8182859e-02   3.4637671e-02   4.5023424e-02   5.2852620e-02   9.6894790e-01   8.0000000e+00
   8.0000000e+00   2.8396051e+02   6.6823217e-01   1.5291966e+02   1.6100000e+02   3.4600000e+02   7.4680622e+00   1.9440973e+04   5.5990966e+00   1.3299344e+00   6.2158716e+00   1.9902280e+00   1.2165951e+01   2.7794686e+02   1.3239041e-02   1.5464772e-02   1.9574229e-02   2.2224358e-02   9.9255952e-01   1.0000000e+01
   8.0000000e+00  -1.7281297e+02   1.5073685e+00   1.6752612e+02   8.8000000e+01   4.2100000e+02   3.2812749e+01   1.8353334e+04   5.6138604e+00   1.8985377e+00   5.6645592e+00   1.2595047e+00   9.7476967e+00   2.1197684e+02   1.5790598e-02   1.7683402e-02   1.0622631e-02   1.2201534e-02   9.9485686e-01   1.2000000e+01
   9.0000000e+00  -2.3102107e+02   1.4503409e+00   1.7338747e+02   4.2700000e+02   2.3900000e+02   1.3998179e+01   5.7698341e+03   6.1525696e+00   1.6828259e+00   5.5943664e+00   1.1602968e+00   6.1481998e+00   1.2116575e+02   2.7351781e-02   3.0069582e-02   1.9161193e-02   2.1494215e-02   9.8178997e-01   3.0000000e+00
   9.0000000e+00   2.8498379e+02   6.9663014e-01   1.5688693e+02   3.4400000e+02   2.5900000e+02   4.5578393e+00   3.8570686e+03   5.7447512e+00   1.1909070e+00   5.7996167e+00   1.7095256e+00   3.0273771e+00   6.0861022e+01   1.4554855e-02   1.6383462e-02   2.0585361e-02   2.2722252e-02   9.8980458e-01   4.0000000e+00
   9.0000000e+00   5.1680958e+01   9.7901169e-01   1.6434737e+02   2.9100000e+02   2.8600000e+02   4.1599919e+00   1.4307248e+04   6.0185994e+00   1.3751224e+00   6.4227632e+00   1.4046026e+00   5.7876327e+00   1.1329133e+02   8.4959804e-03   9.4304825e-03   8.6703289e-03   9.6115323e-03   9.9737316e-01   5.0000000e+00
   9.0000000e+00   1.9329175e+02   7.6657692e-01   1.5981902e+02   3.8200000e+02   3.0000000e+02   3.4846010e+01   1.2234654e+04   6.1413759e+00   1.3067871e+00   6.1747465e+00   1.7047044e+00   1.0003125e+01   2.0985436e+02   1.6677058e-02   1.8929742e-02   2.1541269e-02   2.4091102e-02   9.8850014e-01   6.0000000e+00
   9.0000000e+00  -1.7130803e+02   1.4002731e+00   1.7147800e+02   4.2800000e+02   4.0500000e+02   3.1319271e+01   9.9494106e+03   6.0662474e+00   1.7642782e+00   6.2420001e+00   1.2599529e+00   8.9537613e+00   1.8773311e+02   2.4572878e-02   2.7399442e-02   1.7770888e-02   2.0195459e-02   9.8604840e-01   7.0000000e+00
   1.0000000e+01  -2.0768330e+02   1.4143732e+00   1.6764119e+02   1.7200000e+02   1.4200000e+02   4.3850399e+01   1.7825245e+04   6.3731156e+00   1.7547496e+00   6.0407521e+00   1.2406553e+00   1.1484183e+01   2.3842695e+02   1.7492504e-02   1.9439116e-02   1.2532295e-02   1.4203033e-02   9.9285178e-01   2.0000000e+00
   1.0000000e+01   1.7826823e+02   8.0478115e-01   1.5529943e+02   1.8500000e+02   1.8200000e+02   1.9726405e+01   1.7044722e+04   6.4477602e+00   1.2781708e+00   6.4020906e+00   1.5882216e+00   9.3078749e+00   1.8669201e+02   1.0793718e-02   1.2098771e-02   1.3293787e-02   1.4730309e-02   9.9507380e-01   3.0000000e+00
   1.0000000e+01   1.8941236e+02   8.5184926e-01   1.5494307e+02   3.7200000e+02   1.8600000e+02  -3.7171010e+00   8.8055599e+03   6.3523736e+00   1.2745705e+00   6.3428275e+00   1.4962395e+00   4.5710679e+00   8.8958744e+01   1.0130129e-02   1.1269562e-02   1.1810134e-02   1.3030593e-02   9.9570437e-01   4.0000000e+00
   1.0000000e+01   2.4772092e+02   7.3974018e-01   1.5307851e+02   3.0500000e+02   3.3000000e+02  -6.3028634e-01   8.6832009e+03   5.9709801e+00   1.2597674e+00   5.9062243e+00   1.7029863e+00   5.4263173e+00   1.1181833e+02   1.2275821e-02   1.3878760e-02   1.6402380e-02   1.8243209e-02   9.9336018e-01   8.0000000e+00
   1.0000000e+01   2.8470246e+02   6.5631950e-01   1.5189593e+02   2.4800000e+02   3.3700000e+02   5.4498856e+01   2.9864520e+04   6.4247337e+00   1.3762217e+00   5.5042436e+00   2.0968776e+00   1.4892807e+01   3.5569050e+02   1.0989535e-02   1.3037248e-02   1.6579476e-02   1.9050311e-02   9.9503523e-01   9.0000000e+00
   1.0000000e+01  -2.4833004e+02   1.5814643e+00   1.6894097e+02   3.6700000e+02   3.6800000e+02   1.4210764e+01   6.8323656e+03   5.6396164e+00   1.7940995e+00   6.5274782e+00   1.1344547e+00   6.1399845e+00   1.2356985e+02   2.4819041e-02   2.7291697e-02   1.5992315e-02   1.8051576e-02   9.8656206e-01   1.0000000e+01
   1.1000000e+01  -1.9877087e+02   1.5712851e+00   1.7835619e+02   2.5600000e+02   3.1800000e+02   1.1518253e+02   2.3448145e+04   6.3284706e+00   1.9856753e+00   5.6717799e+00   1.2637269e+00   1.3969178e+01   3.1120644e+02   1.8642441e-02   2.0958703e-02   1.2036318e-02   1.3933231e-02   9.9334693e-01   8.0000000e+00
   1.1000000e+01   1.2889014e+02   8.5113716e-01   1.6787842e+02   3.7500000e+02   3.4700000e+02   1.3571180e+01   1.1412768e+04   6.1156077e+00   1.2935475e+00   6.0021314e+00   1.5197874e+00   6.1600311e+00   1.2163742e+02   1.0724576e-02   1.1967679e-02   1.2515406e-02   1.3853847e-02   9.9528450e-01   9.0000000e+00
   1.1000000e+01   3.2141403e+02   6.8631662e-01   1.6172199e+02   3.5800000e+02   3.9700000e+02   3.0395694e+01   1.0600551e+04   5.8711873e+00   1.4240364e+00   6.1826380e+00   2.0748972e+00   7.2408897e+00   1.7459748e+02   1.5371900e-02   1.8384554e-02   2.2187401e-02   2.5681586e-02   9.9083143e-01   1.0000000e+01
   1.1000000e+01   3.2548315e+01   9.2658995e-01   1.7095919e+02   2.4800000e+02   4.1600000e+02   4.2889738e+00   9.9823434e+03   6.4068806e+00   1.3326925e+00   5.9610925e+00   1.4382764e+00   4.6277550e+00   9.0261274e+01   9.4385642e-03   1.0482240e-02   1.0153137e-02   1.1234844e-02   9.9656719e-01   1.1000000e+01
   1.1000000e+01  -2.9382803e+00   9.8134039e-01   1.7209396e+02   4.3300000e+02   4.4600000e+02   5.4859795e+01   8.2152019e+03   6.3699380e+00   1.3805266e+00   5.8150356e+00   1.4067765e+00   6.2326485e+00   1.2231518e+02   1.6005209e-02   1.7771396e-02   1.6296725e-02   1.8080395e-02   9.9079472e-01   1.2000000e+01
   1.2000000e+01  -9.6597621e+01   1.1874191e+00   1.7408895e+02   3.6200000e+02   2.7400000e+02   6.2852931e-02   1.8054697e+04   5.9162283e+00   1.5808677e+00   5.6907016e+00   1.3313478e+00   7.5779095e+00   1.5461887e+02   1.0197864e-02   1.1367323e-02   8.6461585e-03   9.7227894e-03   9.9703981e-01   4.0000000e+00
   1.2000000e+01  -2.3278000e+02   1.7251735e+00   1.7844372e+02   1.7700000e+02   3.4800000e+02   7.9026786e+00   2.6077182e+04   6.0355471e+00   2.1668456e+00   6.4241965e+00   1.2560160e+00   1.2809172e+01   2.9756261e+02   1.7024109e-02   1.9245045e-02   1.0018844e-02   1.1757719e-02   9.9520086e-01   7.0000000e+00
   1.2000000e+01  -1.0585262e+02   1.2922540e+00   1.7438490e+02   6.8000000e+01   3.9900000e+02   1.9325150e+01   1.9596289e+04   5.8102448e+00   1.6602042e+00   5.6332622e+00   1.2847353e+00   1.1376182e+01   2.3370265e+02   1.4840919e-02   1.6519918e-02   1.1599284e-02   1.3089824e-02   9.9429267e-01   8.0000000e+00
   1.3000000e+01   1.7365254e+02   8.8911981e-01   1.6744703e+02   1.3000000e+02   6.4000000e+01   4.4744734e+01   4.3007704e+03   6.2401631e+00   1.2607503e+00   5.3827452e+00   1.4179757e+00   4.8827704e+00   9.2122836e+01   2.1693827e-02   2.3972183e-02   2.4268284e-02   2.6644140e-02   9.8049981e-01   1.0000000e+00
   1.3000000e+01  -1.3603357e+02   1.4124949e+00   1.7735001e+02   1.4200000e+02   2.3700000e+02   3.3821657e+01   1.3832441e+04   6.3323214e+00   1.8421969e+00   5.7394789e+00   1.3042149e+00   7.6663846e+00   1.6695219e+02   1.5922628e-02   1.7900707e-02   1.1405758e-02   1.3101572e-02   9.9444154e-01   4.0000000e+00
   1.3000000e+01   1.3663818e+01   9.5995534e-01   1.7256307e+02   4.4500000e+02   2.4400000e+02   1.9338510e+00   9.2314967e+03   6.3912207e+00   1.2912008e+00   6.3792917e+00   1.3450634e+00   4.6002790e+00   8.5592772e+01   9.6806111e-03   1.0652436e-02   1.0065080e-02   1.1051900e-02   9.9625400e-01   6.0000000e+00
   1.3000000e+01   2.6101061e+02   6.8598189e-01   1.6465354e+02   2.3900000e+02   2.7000000e+02   2.4329880e+01   1.4727204e+04   6.4274212e+00   1.2919551e+00   5.7724323e+00   1.8833662e+00   8.4993643e+00   1.8626981e+02   1.1797963e-02   1.3585110e-02   1.6980716e-02   1.9094702e-02   9.9392345e-01   7.0000000e+00
   1.3000000e+01   1.6585478e+02   7.3714804e-01   1.6769638e+02   9.3000000e+01   3.2200000e+02   7.1473987e+01   8.8947341e+03   5.5334622e+00   1.1992662e+00   6.3894922e+00   1.6269001e+00   1.3638929e+01   2.6853974e+02   2.8418679e-02   3.1806688e-02   3.8055140e-02   4.1897713e-02   9.6308721e-01   9.0000000e+00
   1.3000000e+01  -2.8759830e+02   2.1867949e+00   1.8219667e+02   1.2000000e+02   3.3900000e+02   1.4024359e+01   4.8676515e+03   6.1062735e+00   2.3600349e+00   5.6387358e+00   1.0792210e+00   5.6106826e+00   1.2727749e+02   4.4699976e-02   4.9890091e-02   2.0897952e-02   2.4292359e-02   9.7360187e-01   1.2000000e+01
   1.3000000e+01   1.5315682e+02   7.6763019e-01   1.6810243e+02   3.9100000e+02   3.5200000e+02   8.6084477e+00   8.2968822e+03   5.6911391e+00   1.1962133e+00   5.7562643e+00   1.5583197e+00   4.2766650e+00   8.2365274e+01   9.4468350e-03   1.0519519e-02   1.2163012e-02   1.3358231e-02   9.9580969e-01   1.3000000e+01
   1.3000000e+01  -2.4493733e+02   1.8736249e+00   1.8083248e+02   1.2700000e+02   3.7100000e+02   3.5282386e+01   1.7779994e+04   6.7390889e+00   2.2886781e+00   6.2460873e+00   1.2215241e+00   9.5028776e+00   2.2571758e+02   2.0155252e-02   2.2952780e-02   1.0874141e-02   1.2764085e-02   9.9403122e-01   1.4000000e+01
   1.3000000e+01   8.7450076e+01   8.3709491e-01   1.7020357e+02   2.8300000e+02   4.0100000e+02   3.4867115e+00   1.7303286e+04   6.2101899e+00   1.2861718e+00   5.9107704e+00   1.5364707e+00   6.2135754e+00   1.2300797e+02   7.1031671e-03   7.9338876e-03   8.4228895e-03   9.3240666e-03   9.9790043e-01   1.6000000e+01
   1.3000000e+01   3.0114993e+02   8.3230693e-01   1.6336998e+02   3.4600000e+02   4.0100000e+02   2.0513574e+00   4.4746798e+03   6.2116433e+00   1.3390872e+00   5.9077027e+00   1.6088863e+00   3.9437250e+00   8.1378418e+01   1.8301829e-02   2.0646816e-02   2.1835885e-02   2.4397524e-02   9.8692816e-01   1.7000000e+01
   1.4000000e+01   2.6515135e+02   8.4836975e-01   1.5452113e+02   1.4900000e+02   6.8000000e+01   1.9677770e+01   4.4982688e+03   5.6113990e+00   1.3588871e+00   5.7130677e+00   1.6017628e+00   4.5646387e+00   9.4652402e+01   2.1397640e-02   2.4153664e-02   2.5065601e-02   2.8046687e-02   9.8265175e-01   1.0000000e+00
   1.4000000e+01  -2.4304550e+02   1.7278434e+00   1.7077198e+02   3.7100000e+02   3.0000000e+02   7.8792609e+00   9.5784117e+03   6.3735026e+00   2.1290382e+00   5.6678945e+00   1.2321939e+00   1.0572660e+01   2.4137099e+02   3.7588009e-02   4.2315232e-02   2.2096193e-02   2.5756780e-02   9.7656931e-01   4.0000000e+00
   1.4000000e+01   4.5268143e+00   9.7909677e-01   1.6285524e+02   1.9300000e+02   4.0600000e+02   1.1696527e+01   1.5866894e+04   6.0264948e+00   1.4270984e+00   6.0823553e+00   1.4575663e+00   6.2425847e+00   1.2661787e+02   8.6387497e-03   9.6667956e-03   8.8158701e-03   9.8544271e-03   9.9742018e-01   6.0000000e+00
   1.4000000e+01   4.6392008e+02   6.3399957e-01   1.4816500e+02   2.5300000e+02   4.1400000e+02   4.8532518e+00   6.6876777e+03   5.9054283e+00   1.4133310e+00   5.8548787e+00   2.2292303e+00   5.8323844e+00   1.4552115e+02   1.9688018e-02   2.3873817e-02   3.0769679e-02   3.5802951e-02   9.8446133e-01   7.0000000e+00
   1.4000000e+01   8.7098706e+01   9.0268870e-01   1.6021480e+02   3.5500000e+02   4.2000000e+02   9.5639851e+00   6.8777569e+03   5.5653841e+00   1.3229521e+00   6.1833435e+00   1.4655684e+00   5.2938426e+00   1.0382643e+02   1.5591330e-02   1.7345581e-02   1.7197360e-02   1.9036863e-02   9.9053115e-01   8.0000000e+00
   1.5000000e+01   2.2512735e+02   8.0790432e-01   1.5380099e+02   1.0200000e+02   1.3100000e+02   2.1747581e+01   7.5791884e+03   6.2893726e+00   1.4152274e+00   6.3072004e+00   1.7517266e+00   7.9712878e+00   1.7605243e+02   2.3266503e-02   2.6810680e-02   2.8594117e-02   3.2498721e-02   9.8027859e-01   3.0000000e+00
   1.5000000e+01  -1.5602207e+02   1.2649544e+00   1.6598919e+02   3.7200000e+02   2.0600000e+02   7.5082078e+01   1.5540392e+04   6.3352024e+00   1.6308419e+00   6.2978728e+00   1.2892495e+00   1.1408005e+01   2.3271332e+02   1.8414377e-02   2.0472466e-02   1.4693192e-02   1.6543235e-02   9.9097021e-01   9.0000000e+00
   1.5000000e+01   4.6199413e+02   6.9483859e-01   1.4622659e+02   2.7400000e+02   2.3200000e+02   1.8095791e+01   6.3684799e+03   5.8880909e+00   1.4521831e+00   5.7301959e+00   2.0899574e+00   6.0619007e+00   1.4812126e+02   2.1782310e-02   2.6218334e-02   3.1083781e-02   3.6186389e-02   9.8222405e-01   1.0000000e+01
   1.5000000e+01   3.7463622e+02   7.1379752e-01   1.4902007e+02   3.2900000e+02   2.4300000e+02   4.0280616e+01   6.8024772e+03   5.9676635e+00   1.3356169e+00   6.3187264e+00   1.8711425e+00   6.3691665e+00   1.4137440e+02   1.9741029e-02   2.2820290e-02   2.7355434e-02   3.0927665e-02   9.8404592e-01   1.1000000e+01
   1.5000000e+01   1.5525026e+02   7.6792451e-01   1.5603549e+02   1.5000000e+02   3.2500000e+02   9.4839336e+01   2.2011069e+04   6.2148086e+00   1.3173790e+00   6.2706782e+00   1.7155059e+00   1.1836035e+01   2.5003516e+02   1.1071316e-02   1.2589265e-02   1.4278017e-02   1.5992656e-02   9.9495513e-01   1.2000000e+01
   1.5000000e+01   1.2884346e+00   1.0010849e+00   1.6095880e+02   2.5600000e+02   4.0800000e+02   1.2365074e+02   3.3814094e+04   6.2124073e+00   1.4069019e+00   5.7591097e+00   1.4053772e+00   1.3783133e+01   2.7283921e+02   8.7770698e-03   9.7599507e-03   8.7679322e-03   9.7501367e-03   9.9730049e-01   1.7000000e+01
   1.5000000e+01   2.5971324e+02   7.6493273e-01   1.5269502e+02   2.3000000e+02   4.4800000e+02   4.3474594e+01   6.8920913e+03   6.3764304e+00   1.2971972e+00   6.1380678e+00   1.6958317e+00   5.7482645e+00   1.1986180e+02   1.6875269e-02   1.9122348e-02   2.1839738e-02   2.4387642e-02   9.8810755e-01   1.8000000e+01
   1.6000000e+01   2.5223221e+02   7.2463660e-01   1.5393425e+02   3.8700000e+02   2.6400000e+02   6.5209766e+01   1.9299391e+04   6.3599427e+00   1.3274907e+00   6.1105093e+00   1.8319399e+00   1.3535653e+01   2.9637171e+02   1.4650354e-02   1.6859544e-02   1.9997927e-02   2.2555689e-02   9.9112411e-01   2.0000000e+00
   1.6000000e+01  -2.5796904e+02   1.7036087e+00   1.7024920e+02   3.5600000e+02   3.2300000e+02   3.7388854e+01   1.1074833e+04   6.1168794e+00   2.0852761e+00   6.2653934e+00   1.2240347e+00   9.6145446e+00   2.1625525e+02   2.8749653e-02   3.2256065e-02   1.7158751e-02   1.9930506e-02   9.8567659e-01   4.0000000e+00
   1.7000000e+01   3.7588913e+02   6.8212553e-01   1.5898001e+02   3.8100000e+02   1.4900000e+02   3.8562048e+01   6.3267377e+03   5.9105837e+00   1.2743199e+00   6.1332986e+00   1.8681604e+00   9.7735936e+00   2.1192894e+02   3.1108867e-02   3.5715982e-02   4.5004183e-02   5.0467741e-02   9.5846945e-01   3.0000000e+00
   1.7000000e+01  -6.2553208e+01   1.1852320e+00   1.7300029e+02   1.0600000e+02   3.2000000e+02  -1.0441979e+01   8.8248825e+03   6.0782063e+00   1.4257502e+00   6.1967658e+00   1.2029292e+00   4.5163187e+00   8.3556429e+01   1.0905039e-02   1.1927421e-02   9.2759374e-03   1.0235335e-02   9.9607787e-01   6.0000000e+00
   1.7000000e+01  -2.2195077e+02   1.7166239e+00   1.7809743e+02   2.3100000e+02   3.2700000e+02  -6.2128365e+00   1.0286586e+04   6.2333242e+00   1.8737078e+00   5.7622793e+00   1.0915074e+00   6.6578414e+00   1.3443355e+02   1.8728294e-02   2.0546473e-02   1.1157113e-02   1.2623081e-02   9.9291705e-01   7.0000000e+00
   1.7000000e+01   3.6138567e+02   7.0880203e-01   1.5944379e+02   3.6800000e+02   4.4500000e+02   9.5398171e+00   4.6135677e+03   5.8080889e+00   1.3535153e+00   6.2295816e+00   1.9095816e+00   5.1662936e+00   1.1656778e+02   2.3938662e-02   2.7841880e-02   3.3412291e-02   3.7946659e-02   9.7702328e-01   9.0000000e+00
   1.8000000e+01  -2.1974492e+02   1.5473477e+00   1.7602689e+02   7.9000000e+01   1.8300000e+02   1.6019818e+01   8.7185476e+03   6.3973129e+00   1.8934131e+00   6.2644960e+00   1.2236507e+00   7.2718225e+00   1.5577864e+02   2.4701407e-02   2.7529776e-02   1.6211776e-02   1.8547270e-02   9.8756550e-01   1.0000000e+00
   1.8000000e+01   2.2930600e+02   7.3825759e-01   1.6166737e+02   2.2700000e+02   2.8500000e+02   3.2026191e+01   2.2829650e+04   5.9104914e+00   1.3284742e+00   5.8228825e+00   1.7994724e+00   1.2250063e+01   2.6597072e+02   1.1194555e-02   1.2845723e-02   1.5005087e-02   1.6901112e-02   9.9483450e-01   5.0000000e+00
   1.8000000e+01  -1.7032296e+02   1.3380973e+00   1.7444650e+02   1.2800000e+02   2.9300000e+02  -2.7547666e+00   6.1826910e+03   6.1354552e+00   1.6128236e+00   5.9797090e+00   1.2053111e+00   3.8356965e+00   7.5380825e+01   1.5241096e-02   1.6790757e-02   1.1533256e-02   1.2898901e-02   9.9379192e-01   6.0000000e+00
   1.8000000e+01  -2.6099690e+02   2.1031539e+00   1.7734603e+02   1.2300000e+02   3.7200000e+02   9.7924279e+00   7.5525930e+03   5.8088936e+00   2.3748596e+00   5.4996359e+00   1.1291897e+00   5.2354869e+00   1.2175787e+02   2.7156082e-02   3.0527685e-02   1.3153601e-02   1.5379558e-02   9.9005685e-01   9.0000000e+00
   1.8000000e+01   1.5293626e+02   7.8672348e-01   1.6410948e+02   2.3300000e+02   3.7800000e+02  -7.8284953e+00   1.0586071e+04   6.1414498e+00   1.1811079e+00   6.1870925e+00   1.5013000e+00   4.2322407e+00   7.9578539e+01   7.1726523e-03   7.9491695e-03   9.0158500e-03   9.8687013e-03   9.9755058e-01   1.0000000e+01
   1.9000000e+01   1.7204494e+02   7.4645630e-01   1.6449843e+02   6.3000000e+01   3.2600000e+02  -1.3671219e+01   8.7675580e+03   6.1677838e+00   1.1552666e+00   6.2695435e+00   1.5476681e+00   4.6438527e+00   8.7693426e+01   9.3287815e-03   1.0361123e-02   1.2329116e-02   1.3484729e-02   9.9568031e-01   5.0000000e+00
   2.0000000e+01  -2.5389810e+01   1.0407982e+00   1.6681190e+02   1.0000000e+02   3.0200000e+02  -1.9057287e+01   1.4283506e+04   5.4742143e+00   1.3425136e+00   5.5601575e+00   1.2898884e+00   6.3247093e+00   1.1751572e+02   8.9240358e-03   9.7956982e-03   8.5904524e-03   9.4501484e-03   9.9704416e-01   4.0000000e+00
   2.0000000e+01  -3.0571746e+02   2.1251326e+00   1.7577608e+02   2.1200000e+02   3.0200000e+02  -1.1606086e+01   8.9787450e+03   6.5830232e+00   2.3291637e+00   5.7764017e+00   1.0960086e+00   7.0561504e+00   1.6059652e+02   3.0191595e-02   3.3865797e-02   1.4471239e-02   1.6782527e-02   9.8753603e-01   5.0000000e+00
   2.1000000e+01  -2.2577801e+02   1.4573413e+00   1.7921981e+02   1.6400000e+02   1.2900000e+02   6.4583005e+02   2.4547574e+04   5.5404790e+00   1.8641201e+00   6.0333919e+00   1.2791240e+00   2.0156709e+01   4.3760520e+02   2.3936102e-02   2.6832915e-02   1.6635292e-02   1.9088559e-02   9.8784815e-01   2.0000000e+00
   2.1000000e+01   6.5580967e+01   7.4585315e-01   1.6990289e+02   7.1000000e+01   4.1300000e+02   3.6273890e+02   4.3093006e+03   6.1218212e+00   1.3462096e+00   6.3659412e+00   1.8049259e+00   6.4630603e+00   1.4144823e+02   3.1743539e-02   3.6500866e-02   4.2140933e-02   4.7561459e-02   9.6069318e-01   5.0000000e+00
   2.2000000e+01  -1.5731101e+02   1.2643366e+00   1.8403041e+02   1.1200000e+02   6.2000000e+01   2.6935586e+02   2.2739398e+04   6.1683623e+00   1.7407315e+00   5.8285973e+00   1.3767944e+00   1.7432957e+01   3.7878992e+02   2.0690320e-02   2.3389598e-02   1.6497292e-02   1.8916851e-02   9.8956604e-01   1.0000000e+00
   2.2000000e+01   1.6483611e+02   8.9689582e-01   1.7372896e+02   1.9300000e+02   6.7000000e+01   2.4511296e+02   1.2832560e+04   6.2799522e+00   1.4425068e+00   6.5564383e+00   1.6083326e+00   1.0350386e+01   2.2131497e+02   1.8103508e-02   2.0586022e-02   2.0107944e-02   2.2702679e-02   9.8864139e-01   2.0000000e+00
   2.2000000e+01   1.8547820e+02   8.1091268e-01   1.7306887e+02   2.1000000e+02   9.6000000e+01   3.1554377e+02   2.5392917e+04   5.6648674e+00   1.4717962e+00   5.3746585e+00   1.8149873e+00   1.6047634e+01   3.6775251e+02   1.4588450e-02   1.7021174e-02   1.7882549e-02   2.0525319e-02   9.9252903e-01   4.0000000e+00
   2.2000000e+01   1.8846141e+02   7.3236315e-01   1.7297348e+02   6.3000000e+01   1.4800000e+02   1.8186723e+02   1.7240943e+04   5.6016144e+00   1.3893714e+00   6.0700392e+00   1.8971073e+00   1.7439637e+01   3.9708455e+02   2.2110844e-02   2.5802669e-02   2.9903164e-02   3.4135432e-02   9.8113528e-01   6.0000000e+00
   2.2000000e+01   1.5244430e+02   8.5521357e-01   1.7412521e+02   3.6100000e+02   1.7800000e+02   2.0098747e+02   1.0904669e+04   6.3781828e+00   1.3374552e+00   5.9583035e+00   1.5638844e+00   1.0408418e+01   2.1171987e+02   1.9731900e-02   2.2162906e-02   2.2930572e-02   2.5553701e-02   9.8492818e-01   8.0000000e+00
   2.2000000e+01  -1.6653458e+02   1.3677047e+00   1.8432536e+02   4.3100000e+02   1.8300000e+02   2.1871804e+02   2.4008494e+04   6.0233764e+00   1.7828928e+00   5.5563415e+00   1.3035656e+00   2.5018931e+01   5.3584525e+02   2.8834422e-02   3.2351710e-02   2.1318359e-02   2.4360239e-02   9.8101742e-01   9.0000000e+00
   2.2000000e+01  -2.2149944e+02   1.6355816e+00   1.8608300e+02   9.8000000e+01   1.9700000e+02   2.6341960e+02   2.1487771e+04   5.6840234e+00   2.0650327e+00   5.8493448e+00   1.2625678e+00   1.6546020e+01   3.7592600e+02   2.5227760e-02   2.8443028e-02   1.5652329e-02   1.8233195e-02   9.8864293e-01   1.0000000e+01
   2.2000000e+01   1.0201462e+02   8.4169006e-01   1.7573783e+02   2.5400000e+02   2.2700000e+02   1.5789152e+02   2.3757683e+04   5.5678002e+00   1.3832486e+00   5.8826141e+00   1.6434180e+00   1.2649316e+01   2.6784814e+02   1.1455693e-02   1.3010485e-02   1.3525647e-02   1.5219264e-02   9.9506895e-01   1.2000000e+01
   2.2000000e+01   3.0285420e+02   6.3567252e-01   1.6931548e+02   3.1700000e+02   2.2700000e+02   1.5782320e+02   6.6262164e+03   5.8577299e+00   1.3820609e+00   6.0959999e+00   2.1741711e+00   1.0926773e+01   2.6610437e+02   3.6454674e-02   4.3708558e-02   5.6741940e-02   6.5477745e-02   9.4751593e-01   1.3000000e+01
   2.2000000e+01   1.4888843e+02   8.1377384e-01   1.7423892e+02   3.4500000e+02   2.3100000e+02   1.0953676e+02   4.8655548e+03   6.4246156e+00   1.2935791e+00   6.4922216e+00   1.5896052e+00   8.4774946e+00   1.7108584e+02   3.4899189e-02   3.9158664e-02   4.2536160e-02   4.7194969e-02   9.5168812e-01   1.4000000e+01
   2.2000000e+01   4.4152700e+01   9.4246979e-01   1.7758811e+02   1.0000000e+02   2.4500000e+02   1.8787731e+02   7.8415291e+03   5.7516623e+00   1.4672635e+00   5.9302672e+00   1.5568282e+00   1.0227061e+01   2.1701833e+02   2.9640042e-02   3.3607284e-02   3.1385978e-02   3.5476492e-02   9.7118262e-01   1.5000000e+01
   2.2000000e+01   1.5419454e+01   9.3829954e-01   1.7850692e+02   1.9500000e+02   2.9500000e+02   1.3513762e+02   1.7985591e+04   6.2157946e+00   1.3904317e+00   6.0733080e+00   1.4818634e+00   9.6140411e+00   1.9411788e+02   1.1438880e-02   1.2798203e-02   1.2159850e-02   1.3562287e-02   9.9526795e-01   1.7000000e+01
   2.2000000e+01   1.3435538e+02   8.0290057e-01   1.7470365e+02   1.5100000e+02   3.4500000e+02   1.2427484e+02   2.2152607e+04   6.2116801e+00   1.4331197e+00   6.3088209e+00   1.7849280e+00   1.1523396e+01   2.5842777e+02   1.1653881e-02   1.3508117e-02   1.4413720e-02   1.6456491e-02   9.9504350e-01   1.9000000e+01
   2.3000000e+01   3.0944845e+02   6.0410412e-01   1.5610462e+02   1.4200000e+02   1.7000000e+02   9.0826838e+00   1.2585917e+04   6.4323751e+00   1.3978902e+00   5.6956856e+00   2.3139889e+00   8.0324293e+00   2.0362997e+02   1.4419979e-02   1.7541563e-02   2.3679117e-02   2.7608320e-02   9.9135479e-01   2.0000000e+00
   2.3000000e+01  -1.4431888e+01   1.0541362e+00   1.6646150e+02   4.1700000e+02   1.8100000e+02   3.4616862e+01   9.9873537e+03   6.1385979e+00   1.5237407e+00   5.6673121e+00   1.4454875e+00   8.1262487e+00   1.6943043e+02   1.9136683e-02   2.1524225e-02   1.8189750e-02   2.0512029e-02   9.8875475e-01   3.0000000e+00
   2.3000000e+01   5.2257403e+01   9.0762831e-01   1.6432894e+02   1.6200000e+02   1.8300000e+02   2.4584754e+01   2.2893446e+04   5.8448754e+00   1.3717485e+00   6.2532642e+00   1.5113549e+00   8.7463079e+00   1.7713530e+02   8.0791040e-03   9.0529408e-03   8.8672309e-03   9.8863100e-03   9.9756786e-01   4.0000000e+00
   2.3000000e+01  -3.6084761e+00   9.7052361e-01   1.6611539e+02   3.5600000e+02   1.9100000e+02   2.0866140e+01   1.0338341e+04   6.4076607e+00   1.3084256e+00   6.5122753e+00   1.3481646e+00   7.4454421e+00   1.3955029e+02   1.4211893e-02   1.5651522e-02   1.4622966e-02   1.6077741e-02   9.9213216e-01   5.0000000e+00
   2.3000000e+01  -2.1393411e+02   1.5555875e+00   1.7284108e+02   2.8100000e+02   2.9700000e+02   1.3154780e+01   1.1935481e+04   5.7300275e+00   1.8136512e+00   6.1059383e+00   1.1658947e+00   6.8571531e+00   1.4050451e+02   1.6107868e-02   1.7787633e-02   1.0538068e-02   1.1929127e-02   9.9435532e-01   6.0000000e+00
   2.3000000e+01  -1.6671453e+02   1.3850650e+00   1.7133111e+02   3.3100000e+02   3.9100000e+02   4.7861831e+01   9.3215290e+03   5.9743405e+00   1.6462396e+00   6.1230356e+00   1.1885648e+00   7.0792561e+00   1.3958750e+02   1.9063203e-02   2.0993521e-02   1.3956103e-02   1.5633219e-02   9.9067937e-01   8.0000000e+00
   2.4000000e+01   1.6093107e+02   8.8738151e-01   1.5985383e+02   4.1800000e+02   7.5000000e+01   3.5832585e+01   2.7889908e+04   6.2240358e+00   1.3481936e+00   5.8041975e+00   1.5192943e+00   1.8167171e+01   3.6581929e+02   1.3531892e-02   1.5150077e-02   1.5176264e-02   1.6888446e-02   9.9300254e-01   1.0000000e+00
   2.4000000e+01   1.2738394e+02   8.7791604e-01   1.6092658e+02   1.5500000e+02   8.7000000e+01   6.9181903e+01   2.6433902e+04   5.5730655e+00   1.3897877e+00   5.7596981e+00   1.5830531e+00   1.6736048e+01   3.4879183e+02   1.3645170e-02   1.5411120e-02   1.5466383e-02   1.7349649e-02   9.9314854e-01   4.0000000e+00
   2.4000000e+01   3.7911568e+00   9.8377743e-01   1.6487877e+02   2.5700000e+02   9.7000000e+01   1.1109946e+01   1.9839367e+04   6.0113316e+00   1.3242278e+00   5.5240122e+00   1.3460645e+00   6.6741520e+00   1.2572568e+02   6.7265527e-03   7.4124029e-03   6.8323477e-03   7.5214015e-03   9.9826270e-01   5.0000000e+00
   2.4000000e+01   9.4985593e+01   9.0288860e-01   1.6196260e+02   2.1700000e+02   1.5100000e+02   3.3996449e+01   2.2612108e+04   6.3172055e+00   1.3432152e+00   5.6997641e+00   1.4876865e+00   9.5242769e+00   1.8951658e+02   8.6934546e-03   9.7017184e-03   9.5881722e-03   1.0644764e-02   9.9709880e-01   7.0000000e+00
   2.4000000e+01  -2.5985312e+02   1.7667524e+00   1.7330945e+02   1.7400000e+02   2.2200000e+02   8.7845215e+01   2.3217212e+04   6.1308218e+00   2.3537761e+00   6.2931378e+00   1.3322614e+00   1.2762806e+01   3.1901495e+02   2.0982207e-02   2.4229876e-02   1.1997384e-02   1.4464090e-02   9.9352456e-01   1.0000000e+01
   2.4000000e+01  -4.1924893e+00   9.9603631e-01   1.6513407e+02   7.1000000e+01   2.3400000e+02   1.3534647e+02   2.8914432e+04   6.2895967e+00   1.4694198e+00   5.9756951e+00   1.4752673e+00   1.4565460e+01   3.0135153e+02   1.1423242e-02   1.2839504e-02   1.1466781e-02   1.2888346e-02   9.9569270e-01   1.1000000e+01
   2.4000000e+01   4.2984343e+02   7.9806087e-01   1.5125469e+02   4.4600000e+02   2.8900000e+02   4.3875315e+01   1.0107472e+04   6.5869425e+00   1.4265074e+00   6.6225641e+00   1.7874669e+00   1.9326546e+01   4.3294533e+02   4.2897476e-02   4.9584433e-02   5.3379338e-02   6.0749294e-02   9.3636511e-01   1.3000000e+01
   2.4000000e+01   3.2012345e+02   6.0614886e-01   1.5476326e+02   8.5000000e+01   2.9800000e+02   7.8688135e+01   1.8000884e+04   5.9754084e+00   1.3830019e+00   6.3863651e+00   2.2816210e+00   1.0850483e+01   2.7166832e+02   1.3483305e-02   1.6309155e-02   2.2054670e-02   2.5615295e-02   9.9236000e-01   1.4000000e+01
   2.4000000e+01  -6.8684298e+01   1.0877264e+00   1.6719635e+02   3.6800000e+02   3.0000000e+02   3.8223808e+01   2.4329816e+04   5.6403344e+00   1.4354365e+00   6.4176334e+00   1.3196669e+00   9.8352804e+00   1.9075257e+02   8.8238076e-03   9.7485009e-03   8.1417235e-03   9.0333170e-03   9.9740289e-01   1.5000000e+01
   2.4000000e+01  -2.6357867e+02   1.7152715e+00   1.7342858e+02   4.0100000e+02   3.1200000e+02   8.3454219e+01   2.5457727e+04   6.6034470e+00   2.2411650e+00   5.5441624e+00   1.3065949e+00   2.8088006e+01   6.7916052e+02   4.0108657e-02   4.5981389e-02   2.3617148e-02   2.8018364e-02   9.7516023e-01   1.7000000e+01
   2.4000000e+01   2.3982232e+02   7.3076263e-01   1.5733108e+02   3.0300000e+02   3.9800000e+02   5.8296900e+01   1.4046111e+04   5.6628868e+00   1.3154236e+00   6.4743562e+00   1.8000695e+00   1.0570797e+01   2.2853926e+02   1.5594481e-02   1.7857381e-02   2.1109793e-02   2.3709438e-02   9.8987318e-01   1.8000000e+01
   2.5000000e+01   2.4002987e+02   7.8986622e-01   1.5832445e+02   2.4200000e+02   7.0000000e+01   1.1372744e+02   1.0704758e+04   5.5365301e+00   1.4139202e+00   5.6816084e+00   1.7900756e+00   7.8943807e+00   1.7614762e+02   1.6333560e-02   1.8889004e-02   2.0521951e-02   2.3366985e-02   9.9009653e-01   1.0000000e+00
   2.5000000e+01  -1.7594924e+02   1.3863000e+00   1.7162641e+02   2.9800000e+02   1.8900000e+02   6.5985737e+01   9.3670205e+03   6.1381955e+00   1.6681524e+00   6.1644405e+00   1.2033127e+00   7.2651014e+00   1.4502582e+02   1.9799465e-02   2.1853554e-02   1.4476623e-02   1.6257168e-02   9.9014219e-01   5.0000000e+00
   2.5000000e+01   3.0566747e+02   6.5509105e-01   1.5622552e+02   1.6400000e+02   2.6100000e+02   1.0822412e+02   7.7185457e+03   6.5176330e+00   1.4877137e+00   5.5136750e+00   2.2710030e+00   8.7348550e+00   2.2605809e+02   2.6752476e-02   3.2962562e-02   4.0629688e-02   4.8091161e-02   9.7350467e-01   6.0000000e+00
   2.6000000e+01  -2.0189530e+02   1.2724030e+00   1.7545610e+02   3.8000000e+02   1.6600000e+02  -8.1127998e+00   1.6834062e+04   6.4099031e+00   1.4886898e+00   6.0762056e+00   1.1699829e+00   5.7629596e+00   1.0744065e+02   7.6346729e-03   8.3426997e-03   6.0691258e-03   6.7168139e-03   9.9822084e-01   2.0000000e+00
   2.6000000e+01  -3.3532460e+02   1.6745916e+00   1.7972284e+02   2.8300000e+02   1.8400000e+02   2.7477861e+00   1.2449322e+04   6.3310917e+00   2.3089904e+00   5.4964974e+00   1.3788379e+00   1.0120891e+01   2.5464087e+02   3.0197860e-02   3.5083695e-02   1.8186624e-02   2.2019510e-02   9.8606134e-01   3.0000000e+00
   2.6000000e+01   1.6748779e+02   8.5021545e-01   1.6364416e+02   3.7700000e+02   2.3000000e+02   1.0584908e+01   2.0358221e+04   6.1933333e+00   1.3711609e+00   5.4943828e+00   1.6127217e+00   1.5735893e+01   3.2881991e+02   1.6479149e-02   1.8637753e-02   1.9266207e-02   2.1582778e-02   9.8976702e-01   4.0000000e+00
   2.6000000e+01  -2.2300951e+02   1.5115146e+00   1.7613128e+02   4.3200000e+02   3.0100000e+02  -5.8337350e+00   1.0115438e+04   5.6497824e+00   1.7260595e+00   6.0291642e+00   1.1419403e+00   7.3263890e+00   1.4509313e+02   1.9126120e-02   2.1006611e-02   1.2878280e-02   1.4464404e-02   9.9142257e-01   5.0000000e+00
   2.6000000e+01   4.3208510e+02   9.7952835e-01   1.5518300e+02   3.0300000e+02   3.0400000e+02   1.1965874e+02   2.4586469e+04   6.3242207e+00   1.6490938e+00   6.1454092e+00   1.6835591e+00   4.5573715e+01   1.0629922e+03   4.7062346e-02   5.5206051e-02   4.8024236e-02   5.6267118e-02   9.3990742e-01   6.0000000e+00
   2.6000000e+01   3.4980274e+02   6.6502118e-01   1.5781419e+02   2.0800000e+02   3.4400000e+02  -8.2065460e+00   9.7205942e+03   5.4511263e+00   1.3355238e+00   5.7891644e+00   2.0082425e+00   5.4973194e+00   1.2642646e+02   1.2027451e-02   1.4079755e-02   1.7870412e-02   2.0320466e-02   9.9387169e-01   7.0000000e+00
   2.7000000e+01   2.2740145e+01   9.6742204e-01   1.6927283e+02   1.6700000e+02   1.7500000e+02  -7.9124440e+00   1.0791408e+04   5.9738875e+00   1.3839643e+00   5.7889031e+00   1.4305693e+00   5.3985245e+00   1.0693463e+02   1.0604845e-02   1.1804979e-02   1.0946861e-02   1.2164913e-02   9.9593719e-01   2.0000000e+00
   2.7000000e+01  -3.1968756e+02   2.1396214e+00   1.8022280e+02   1.1000000e+02   2.3800000e+02   6.2700673e-01   4.6159761e+03   6.3896443e+00   2.2248624e+00   6.1448587e+00   1.0398393e+00   5.6465006e+00   1.2193825e+02   4.3858806e-02   4.8452853e-02   2.1033846e-02   2.4137691e-02   9.7219623e-01   4.0000000e+00
   2.7000000e+01  -1.8431161e+02   1.4514359e+00   1.7589382e+02   1.8300000e+02   2.8000000e+02   2.3986847e+01   1.9994275e+04   6.4401699e+00   1.7330702e+00   6.3445567e+00   1.1940384e+00   1.0813163e+01   2.1914951e+02   1.4434256e-02   1.5940161e-02   1.0094843e-02   1.1382598e-02   9.9507344e-01   6.0000000e+00
   2.7000000e+01   1.5608804e+02   7.1353710e-01   1.6500870e+02   1.3100000e+02   2.9200000e+02   1.6345293e-01   5.3140126e+03   6.3153015e+00   1.1545364e+00   6.0515998e+00   1.6180467e+00   4.5371312e+00   8.7517255e+01   1.5154558e-02   1.6917326e-02   2.0921191e-02   2.2939691e-02   9.8854925e-01   7.0000000e+00
   2.7000000e+01  -2.5748048e+02   1.5590914e+00   1.7823358e+02   3.4200000e+02   2.9200000e+02   1.9468652e+01   6.4196929e+03   6.7376552e+00   2.0666767e+00   5.3770814e+00   1.3255648e+00   9.3054463e+00   2.1703180e+02   4.7917840e-02   5.4573635e-02   3.1055893e-02   3.6376699e-02   9.5980463e-01   8.0000000e+00
   2.7000000e+01   1.1081261e+02   7.7965696e-01   1.6645649e+02   1.2400000e+02   3.3700000e+02   2.5149419e+01   9.8166824e+03   6.4165283e+00   1.2485039e+00   6.5068577e+00   1.6013503e+00   1.1484483e+01   2.2871519e+02   2.2593433e-02   2.5303691e-02   2.8680939e-02   3.1689536e-02   9.7791260e-01   9.0000000e+00
   2.7000000e+01  -8.2631481e+01   1.1308115e+00   1.7264235e+02   4.5100000e+02   3.4400000e+02   8.0550446e+00   2.4759483e+04   6.5671467e+00   1.5484479e+00   5.5551990e+00   1.3693245e+00   7.7703373e+00   1.5909744e+02   7.4895789e-03   8.3564381e-03   6.6546317e-03   7.4770760e-03   9.9833295e-01   1.0000000e+01
   2.7000000e+01   2.5765693e+02   6.8769380e-01   1.6176078e+02   4.2400000e+02   4.4500000e+02   5.6331551e+00   5.5518408e+03   6.0243208e+00   1.2651083e+00   5.8173155e+00   1.8396390e+00   4.4499416e+00   9.5436089e+01   1.5994445e-02   1.8300427e-02   2.2950445e-02   2.5676881e-02   9.8860154e-01   1.1000000e+01
   2.8000000e+01  -1.9848162e+02   1.3354191e+00   1.8434694e+02   2.5300000e+02   1.9100000e+02   1.4206080e+01   1.4069877e+04   5.7121934e+00   1.6013716e+00   6.4435567e+00   1.1991528e+00   8.4487945e+00   1.6507464e+02   1.4627874e-02   1.6094193e-02   1.1091674e-02   1.2391849e-02   9.9421767e-01   1.0000000e+00
   2.8000000e+01   1.4707153e+02   8.4792064e-01   1.7329702e+02   2.9200000e+02   1.9600000e+02   2.7103580e+01   2.0079061e+04   5.6883056e+00   1.3989736e+00   5.9065438e+00   1.6498874e+00   1.2156051e+01   2.5929597e+02   1.3174206e-02   1.4996293e-02   1.5445859e-02   1.7421839e-02   9.9359727e-01   2.0000000e+00
   2.8000000e+01   2.4779600e+02   7.1582218e-01   1.7007611e+02   2.6100000e+02   2.3900000e+02   9.1644035e+01   3.8446841e+04   5.4373600e+00   1.7172871e+00   5.9570819e+00   2.3990415e+00   2.1399724e+01   6.1079492e+02   1.4218918e-02   1.8902050e-02   1.9853583e-02   2.4982713e-02   9.9353140e-01   3.0000000e+00
   2.8000000e+01  -3.0412821e+02   1.7823942e+00   1.8772526e+02   3.6600000e+02   2.7900000e+02   1.8685204e+01   8.9418802e+03   5.7615639e+00   2.3173107e+00   6.2982174e+00   1.3001112e+00   9.0580519e+00   2.2195657e+02   3.8095103e-02   4.3693230e-02   2.1621795e-02   2.5832885e-02   9.7865533e-01   5.0000000e+00
   2.9000000e+01   3.7715261e+02   6.4469911e-01   1.5593961e+02   1.1100000e+02   9.5000000e+01  -9.5966872e+00   1.5246734e+04   5.8958069e+00   1.5323216e+00   5.8341962e+00   2.3768011e+00   1.1954845e+01   3.2122441e+02   1.8825136e-02   2.3835149e-02   2.9082116e-02   3.4962164e-02   9.8695301e-01   2.0000000e+00
   2.9000000e+01  -2.2284001e+02   1.3814852e+00   1.7512586e+02   4.5000000e+02   1.8000000e+02   2.1724966e+00   1.1038025e+04   5.8099434e+00   1.6100434e+00   6.2074039e+00   1.1654438e+00   1.1289031e+01   2.1818674e+02   2.4957888e-02   2.7383554e-02   1.8326905e-02   2.0452679e-02   9.8361220e-01   3.0000000e+00
   2.9000000e+01  -1.7418435e+02   1.3930532e+00   1.7356998e+02   9.0000000e+01   2.0800000e+02  -2.1141595e+01   1.1400738e+04   6.5143782e+00   1.7168796e+00   6.3015146e+00   1.2324580e+00   9.5997008e+00   1.9660151e+02   2.2318069e-02   2.4728716e-02   1.6229199e-02   1.8322157e-02   9.8801946e-01   4.0000000e+00
   2.9000000e+01   5.2527065e+02   6.6963721e-01   1.5120316e+02   2.5200000e+02   3.6200000e+02   8.4192455e+00   4.8951316e+03   5.4617099e+00   1.4025602e+00   6.4558389e+00   2.0945076e+00   5.9829341e+00   1.4406520e+02   2.7344647e-02   3.2567048e-02   4.0456100e-02   4.6675284e-02   9.7085263e-01   7.0000000e+00
   3.0000000e+01  -3.4101805e+02   1.6183260e+00   1.7390490e+02   1.4500000e+02   8.4000000e+01   5.4722684e+00   1.0916158e+04   5.4914798e+00   2.3582561e+00   5.7503519e+00   1.4572195e+00   1.3435365e+01   3.5174567e+02   4.6459333e-02   5.5009254e-02   2.8815680e-02   3.5619912e-02   9.6804059e-01   1.0000000e+00
   3.0000000e+01  -2.5925186e+02   1.3118678e+00   1.7129022e+02   3.0500000e+02   8.7000000e+01   8.1563229e+00   9.2232564e+03   6.2249805e+00   1.6011089e+00   5.5223657e+00   1.2204804e+00   4.0673901e+00   8.0125969e+01   1.0764927e-02   1.1870316e-02   8.3008260e-03   9.2839410e-03   9.9684525e-01   2.0000000e+00
   3.0000000e+01   2.7721769e+01   9.7486337e-01   1.6211353e+02   3.9600000e+02   1.3300000e+02  -2.2226623e+00   2.0085704e+04   6.3372981e+00   1.3546365e+00   6.3730810e+00   1.3895655e+00   8.2687714e+00   1.5987503e+02   8.4903811e-03   9.4010862e-03   8.6996603e-03   9.6200819e-03   9.9731765e-01   4.0000000e+00
   3.0000000e+01  -2.6566791e+02   1.4796519e+00   1.7149539e+02   3.6600000e+02   1.9400000e+02   9.8267612e+00   1.0529500e+04   6.3626149e+00   1.8874256e+00   5.6136795e+00   1.2755876e+00   9.0464111e+00   1.9732426e+02   2.5371223e-02   2.8462394e-02   1.7374932e-02   1.9973466e-02   9.8664690e-01   5.0000000e+00
   3.0000000e+01  -5.6852133e+01   1.0498726e+00   1.6481799e+02   4.2300000e+02   2.7600000e+02   6.3279759e+00   1.1148686e+04   5.6766349e+00   1.3735094e+00   6.0747143e+00   1.3082629e+00   6.0562060e+00   1.1452741e+02   1.1262770e-02   1.2398180e-02   1.0751599e-02   1.1865537e-02   9.9546201e-01   7.0000000e+00
   3.0000000e+01   3.1227074e+02   6.7709438e-01   1.5301437e+02   3.9200000e+02   2.8800000e+02   2.2840040e+01   7.2258692e+03   6.1034595e+00   1.2937705e+00   6.1761405e+00   1.9107684e+00   9.1668425e+00   2.0247631e+02   2.6007586e-02   3.0033522e-02   3.7918087e-02   4.2699185e-02   9.7107551e-01   8.0000000e+00
   3.0000000e+01   3.0362077e+02   6.1797537e-01   1.5329097e+02   6.3000000e+01   3.3200000e+02   7.8907610e+00   4.5174732e+03   6.2079987e+00   1.1589846e+00   6.2488525e+00   1.8754543e+00   4.2514641e+00   8.8330244e+01   1.7268358e-02   1.9626223e-02   2.7430628e-02   3.0323336e-02   9.8470547e-01   9.0000000e+00
   3.0000000e+01   1.0103133e+02   8.4378150e-01   1.5976927e+02   2.2000000e+02   3.3400000e+02   8.8376618e+00   2.8027671e+04   6.2494721e+00   1.3924116e+00   6.1732741e+00   1.6502040e+00   1.2480363e+01   2.6564055e+02   9.6458478e-03   1.0974136e-02   1.1362263e-02   1.2804157e-02   9.9653129e-01   1.0000000e+01
   3.0000000e+01  -1.6942421e+02   1.3179838e+00   1.6841776e+02   3.1900000e+02   4.1000000e+02   2.4084092e+01   1.1596955e+04   6.2542991e+00   1.6345009e+00   5.6610394e+00   1.2401525e+00   6.1312676e+00   1.2292910e+02   1.3238372e-02   1.4646280e-02   1.0158309e-02   1.1403987e-02   9.9537932e-01   1.1000000e+01
   3.1000000e+01   2.0499697e+02   7.2006302e-01   1.5944471e+02   1.2700000e+02   1.8400000e+02   1.7175940e+01   2.1249613e+04   5.7814716e+00   1.3460265e+00   5.7561457e+00   1.8693177e+00   1.2273318e+01   2.7327373e+02   1.2257383e-02   1.4185966e-02   1.6842390e-02   1.9072718e-02   9.9386389e-01   3.0000000e+00
   3.1000000e+01  -1.8082367e+02   1.1677398e+00   1.7178229e+02   3.3400000e+02   2.4300000e+02  -3.0876395e+00   5.5460173e+03   5.7699189e+00   1.4972647e+00   5.9223782e+00   1.2821903e+00   3.9223191e+00   7.6575026e+01   1.6111142e-02   1.7793082e-02   1.3888939e-02   1.5459910e-02   9.9203243e-01   4.0000000e+00
   3.1000000e+01  -1.2864077e+02   1.3261164e+00   1.7011361e+02   2.1900000e+02   2.5600000e+02   2.6092021e+00   7.8290905e+03   6.2083464e+00   1.5867088e+00   6.0603687e+00   1.1965079e+00   4.0359707e+00   7.8421503e+01   1.2419107e-02   1.3655197e-02   9.4811468e-03   1.0578194e-02   9.9576279e-01   5.0000000e+00
   3.1000000e+01  -3.0254732e+02   1.7873152e+00   1.7567470e+02   4.2300000e+02   3.4600000e+02   3.1742465e+01   1.1811982e+04   5.7613219e+00   2.1996716e+00   5.7739248e+00   1.2307127e+00   1.1853850e+01   2.7504612e+02   3.5517517e-02   4.0078401e-02   2.0186673e-02   2.3654848e-02   9.8011985e-01   9.0000000e+00
   3.2000000e+01   2.8554012e+02   7.7061125e-01   1.6286914e+02   3.5700000e+02   7.4000000e+01   1.6738697e+01   1.8386214e+04   6.0369163e+00   1.4694845e+00   6.2010269e+00   1.9069077e+00   1.4053829e+01   3.2958588e+02   1.7538277e-02   2.0732005e-02   2.2590995e-02   2.6138553e-02   9.8900024e-01   1.0000000e+00
   3.2000000e+01   1.6403327e+02   8.3276035e-01   1.6675463e+02   4.3600000e+02   2.4000000e+02  -1.8732388e+01   1.5876715e+04   5.5063027e+00   1.2675302e+00   5.9251157e+00   1.5220828e+00   1.3458011e+01   2.6338745e+02   1.6482217e-02   1.8367300e-02   1.9638254e-02   2.1685173e-02   9.8855687e-01   7.0000000e+00
   3.3000000e+01  -1.9899459e+02   1.3403189e+00   1.7636335e+02   1.7200000e+02   1.1400000e+02  -2.3506196e+00   1.2243750e+04   6.3973052e+00   1.5995906e+00   5.5954611e+00   1.1934403e+00   7.0935580e+00   1.3821681e+02   1.4091647e-02   1.5490336e-02   1.0648065e-02   1.1890531e-02   9.9462872e-01   1.0000000e+00
   3.3000000e+01  -2.0258885e+02   1.6263587e+00   1.7647828e+02   9.9000000e+01   3.9800000e+02   9.6913598e+00   1.0378296e+04   5.6355779e+00   1.8739921e+00   5.8139772e+00   1.1522624e+00   6.9526952e+00   1.4402256e+02   1.9516884e-02   2.1553855e-02   1.2228107e-02   1.3885735e-02   9.9220363e-01   5.0000000e+00
   3.3000000e+01  -2.2442106e+02   1.2313514e+00   1.7717642e+02   3.2600000e+02   4.4800000e+02   8.1044275e+00   6.6365271e+03   5.9902082e+00   1.5794204e+00   6.2682074e+00   1.2826723e+00   3.7457874e+00   7.5048167e+01   1.3646415e-02   1.5132262e-02   1.1177275e-02   1.2526339e-02   9.9475631e-01   6.0000000e+00
   3.4000000e+01   1.4241325e+02   8.2301174e-01   1.7144598e+02   1.1400000e+02   1.1300000e+02   2.3324493e+01   2.4232476e+04   6.2305503e+00   1.4009806e+00   6.0596815e+00   1.7022608e+00   1.3405219e+01   2.9051650e+02   1.2081545e-02   1.3832546e-02   1.4580217e-02   1.6502607e-02   9.9456859e-01   1.0000000e+00
   3.4000000e+01  -1.8734292e+02   1.5766787e+00   1.8199076e+02   3.9700000e+02   3.6600000e+02  -3.4554758e+00   6.2921057e+03   6.3119563e+00   1.6985322e+00   5.6278334e+00   1.0772849e+00   3.6385945e+00   6.9589269e+01   1.4847874e-02   1.6193278e-02   9.6158724e-03   1.0765871e-02   9.9474437e-01   5.0000000e+00
