  -3.3532460e+02   2.3089904e+00   1.3788379e+00
  -3.0412821e+02   2.3173107e+00   1.3001112e+00
  -3.0254732e+02   2.1996716e+00   1.2307127e+00
  -2.8874007e+02   2.3451646e+00   1.3118697e+00
  -2.7974228e+02   2.1779140e+00   1.3375204e+00
  -2.6566791e+02   1.8874256e+00   1.2755876e+00
  -2.5796904e+02   2.0852761e+00   1.2240347e+00
  -2.4833004e+02   1.7940995e+00   1.1344547e+00
  -2.4513994e+02   2.0565610e+00   1.2437419e+00
  -2.2577801e+02   1.8641201e+00   1.2791240e+00
  -2.1974492e+02   1.8934131e+00   1.2236507e+00
  -2.1393411e+02   1.8136512e+00   1.1658947e+00
  -2.0768330e+02   1.7547496e+00   1.2406553e+00
  -2.0258885e+02   1.8739921e+00   1.1522624e+00
  -1.9877087e+02   1.9856753e+00   1.2637269e+00
  -1.8431161e+02   1.7330702e+00   1.1940384e+00
  -1.7594924e+02   1.6681524e+00   1.2033127e+00
  -1.7418435e+02   1.7168796e+00   1.2324580e+00
  -1.7281297e+02   1.8985377e+00   1.2595047e+00
  -1.7227507e+02   1.7570831e+00   1.3100039e+00
  -1.7130803e+02   1.7642782e+00   1.2599529e+00
  -1.7032296e+02   1.6128236e+00   1.2053111e+00
  -1.6942421e+02   1.6345009e+00   1.2401525e+00
  -1.6917141e+02   1.5705956e+00   1.2465174e+00
  -1.6671453e+02   1.6462396e+00   1.1885648e+00
  -1.6653458e+02   1.7828928e+00   1.3035656e+00
  -1.5602207e+02   1.6308419e+00   1.2892495e+00
  -1.5566934e+02   1.6640892e+00   1.3367357e+00
  -1.2864077e+02   1.5867088e+00   1.1965079e+00
  -1.1870504e+02   1.6573392e+00   1.2375005e+00
  -1.0992479e+02   1.5937935e+00   1.3046904e+00
  -1.0585262e+02   1.6602042e+00   1.2847353e+00
  -9.6597621e+01   1.5808677e+00   1.3313478e+00
  -8.2631481e+01   1.5484479e+00   1.3693245e+00
  -8.2543992e+01   1.4851279e+00   1.2848286e+00
  -6.8684298e+01   1.4354365e+00   1.3196669e+00
  -5.6852133e+01   1.3735094e+00   1.3082629e+00
  -5.6018334e+01   1.4399566e+00   1.3377604e+00
  -3.0195495e+01   1.5065319e+00   1.4249077e+00
  -2.5389810e+01   1.3425136e+00   1.2898884e+00
  -4.1924893e+00   1.4694198e+00   1.4752673e+00
  -3.6084761e+00   1.3084256e+00   1.3481646e+00
  -2.9382803e+00   1.3805266e+00   1.4067765e+00
   1.2884346e+00   1.4069019e+00   1.4053772e+00
   3.7911568e+00   1.3242278e+00   1.3460645e+00
   4.5268143e+00   1.4270984e+00   1.4575663e+00
   1.2001612e+01   1.3881158e+00   1.4592899e+00
   1.3663818e+01   1.2912008e+00   1.3450634e+00
   1.5419454e+01   1.3904317e+00   1.4818634e+00
   1.8735447e+01   1.2943109e+00   1.3583041e+00
   1.9132040e+01   1.3623038e+00   1.4417715e+00
   2.2740145e+01   1.3839643e+00   1.4305693e+00
   2.7721769e+01   1.3546365e+00   1.3895655e+00
   3.2548315e+01   1.3326925e+00   1.4382764e+00
   4.1774808e+01   1.3490147e+00   1.5008262e+00
   5.1680958e+01   1.3751224e+00   1.4046026e+00
   5.2257403e+01   1.3717485e+00   1.5113549e+00
   8.7098706e+01   1.3229521e+00   1.4655684e+00
   8.7450076e+01   1.2861718e+00   1.5364707e+00
   9.4985593e+01   1.3432152e+00   1.4876865e+00
   1.0103133e+02   1.3924116e+00   1.6502040e+00
   1.0321524e+02   1.3155117e+00   1.5830239e+00
   1.0837899e+02   1.3390541e+00   1.5975354e+00
   1.1081261e+02   1.2485039e+00   1.6013503e+00
   1.1239955e+02   1.2962918e+00   1.4735758e+00
   1.2738394e+02   1.3897877e+00   1.5830531e+00
   1.2889014e+02   1.2935475e+00   1.5197874e+00
   1.3435538e+02   1.4331197e+00   1.7849280e+00
   1.3475622e+02   1.3880253e+00   1.7379127e+00
   1.4241325e+02   1.4009806e+00   1.7022608e+00
   1.4707153e+02   1.3989736e+00   1.6498874e+00
   1.4888843e+02   1.2935791e+00   1.5896052e+00
   1.5244430e+02   1.3374552e+00   1.5638844e+00
   1.5525026e+02   1.3173790e+00   1.7155059e+00
   1.6093107e+02   1.3481936e+00   1.5192943e+00
   1.6483611e+02   1.4425068e+00   1.6083326e+00
   1.6748779e+02   1.3711609e+00   1.6127217e+00
   1.7826823e+02   1.2781708e+00   1.5882216e+00
   1.9329175e+02   1.3067871e+00   1.7047044e+00
   2.0210692e+02   1.3237736e+00   1.6460966e+00
   2.2144928e+02   1.3153282e+00   1.9340411e+00
   2.2512735e+02   1.4152274e+00   1.7517266e+00
   2.2930600e+02   1.3284742e+00   1.7994724e+00
   2.3982232e+02   1.3154236e+00   1.8000695e+00
   2.4002987e+02   1.4139202e+00   1.7900756e+00
   2.4772092e+02   1.2597674e+00   1.7029863e+00
   2.5223221e+02   1.3274907e+00   1.8319399e+00
   2.5693773e+02   1.3948244e+00   1.9494778e+00
   2.5765693e+02   1.2651083e+00   1.8396390e+00
   2.5971324e+02   1.2971972e+00   1.6958317e+00
   2.6186873e+02   1.2229247e+00   1.8090882e+00
   2.8396051e+02   1.3299344e+00   1.9902280e+00
   2.8470246e+02   1.3762217e+00   2.0968776e+00
   2.8554012e+02   1.4694845e+00   1.9069077e+00
   3.1227074e+02   1.2937705e+00   1.9107684e+00
   3.2141403e+02   1.4240364e+00   2.0748972e+00
   3.4980274e+02   1.3355238e+00   2.0082425e+00
   3.6138567e+02   1.3535153e+00   1.9095816e+00
   3.6612535e+02   1.2848345e+00   2.0494047e+00
   3.6626120e+02   1.3961314e+00   2.0568227e+00
   3.7463622e+02   1.3356169e+00   1.8711425e+00
   3.7493994e+02   1.3862071e+00   2.0526968e+00
   3.7588913e+02   1.2743199e+00   1.8681604e+00
   4.0156335e+02   1.2827213e+00   1.9609571e+00
   4.6199413e+02   1.4521831e+00   2.0899574e+00
   4.6392008e+02   1.4133310e+00   2.2292303e+00
   5.2527065e+02   1.4025602e+00   2.0945076e+00
