   1.7766062e+00  -3.4424086e+02
   1.7756038e+00  -3.4374086e+02
   1.7745994e+00  -3.4324086e+02
   1.7735930e+00  -3.4274086e+02
   1.7725845e+00  -3.4224086e+02
   1.7715741e+00  -3.4174086e+02
   1.7705617e+00  -3.4124086e+02
   1.7695473e+00  -3.4074086e+02
   1.7685309e+00  -3.4024086e+02
   1.7675126e+00  -3.3974086e+02
   1.7664923e+00  -3.3924086e+02
   1.7654700e+00  -3.3874086e+02
   1.7644457e+00  -3.3824086e+02
   1.7634195e+00  -3.3774086e+02
   1.7623914e+00  -3.3724086e+02
   1.7613612e+00  -3.3674086e+02
   1.7603292e+00  -3.3624086e+02
   1.7592952e+00  -3.3574086e+02
   1.7582593e+00  -3.3524086e+02
   1.7572215e+00  -3.3474086e+02
   1.7561817e+00  -3.3424086e+02
   1.7551400e+00  -3.3374086e+02
   1.7540964e+00  -3.3324086e+02
   1.7530510e+00  -3.3274086e+02
   1.7520036e+00  -3.3224086e+02
   1.7509543e+00  -3.3174086e+02
   1.7499031e+00  -3.3124086e+02
   1.7488501e+00  -3.3074086e+02
   1.7477952e+00  -3.3024086e+02
   1.7467384e+00  -3.2974086e+02
   1.7456797e+00  -3.2924086e+02
   1.7446192e+00  -3.2874086e+02
   1.7435568e+00  -3.2824086e+02
   1.7424926e+00  -3.2774086e+02
   1.7414266e+00  -3.2724086e+02
   1.7403587e+00  -3.2674086e+02
   1.7392890e+00  -3.2624086e+02
   1.7382174e+00  -3.2574086e+02
   1.7371440e+00  -3.2524086e+02
   1.7360689e+00  -3.2474086e+02
   1.7349919e+00  -3.2424086e+02
   1.7339131e+00  -3.2374086e+02
   1.7328325e+00  -3.2324086e+02
   1.7317501e+00  -3.2274086e+02
   1.7306660e+00  -3.2224086e+02
   1.7295800e+00  -3.2174086e+02
   1.7284923e+00  -3.2124086e+02
   1.7274029e+00  -3.2074086e+02
   1.7263116e+00  -3.2024086e+02
   1.7252187e+00  -3.1974086e+02
   1.7241239e+00  -3.1924086e+02
   1.7230275e+00  -3.1874086e+02
   1.7219293e+00  -3.1824086e+02
   1.7208294e+00  -3.1774086e+02
   1.7197277e+00  -3.1724086e+02
   1.7186244e+00  -3.1674086e+02
   1.7175193e+00  -3.1624086e+02
   1.7164125e+00  -3.1574086e+02
   1.7153041e+00  -3.1524086e+02
   1.7141939e+00  -3.1474086e+02
   1.7130821e+00  -3.1424086e+02
   1.7119685e+00  -3.1374086e+02
   1.7108534e+00  -3.1324086e+02
   1.7097365e+00  -3.1274086e+02
   1.7086180e+00  -3.1224086e+02
   1.7074979e+00  -3.1174086e+02
   1.7063761e+00  -3.1124086e+02
   1.7052526e+00  -3.1074086e+02
   1.7041276e+00  -3.1024086e+02
   1.7030009e+00  -3.0974086e+02
   1.7018726e+00  -3.0924086e+02
   1.7007427e+00  -3.0874086e+02
   1.6996112e+00  -3.0824086e+02
   1.6984780e+00  -3.0774086e+02
   1.6973433e+00  -3.0724086e+02
   1.6962071e+00  -3.0674086e+02
   1.6950692e+00  -3.0624086e+02
   1.6939298e+00  -3.0574086e+02
   1.6927888e+00  -3.0524086e+02
   1.6916462e+00  -3.0474086e+02
   1.6905021e+00  -3.0424086e+02
   1.6893565e+00  -3.0374086e+02
   1.6882093e+00  -3.0324086e+02
   1.6870606e+00  -3.0274086e+02
   1.6859104e+00  -3.0224086e+02
   1.6847587e+00  -3.0174086e+02
   1.6836054e+00  -3.0124086e+02
   1.6824507e+00  -3.0074086e+02
   1.6812945e+00  -3.0024086e+02
   1.6801368e+00  -2.9974086e+02
   1.6789776e+00  -2.9924086e+02
   1.6778169e+00  -2.9874086e+02
   1.6766548e+00  -2.9824086e+02
   1.6754912e+00  -2.9774086e+02
   1.6743262e+00  -2.9724086e+02
   1.6731597e+00  -2.9674086e+02
   1.6719918e+00  -2.9624086e+02
   1.6708225e+00  -2.9574086e+02
   1.6696517e+00  -2.9524086e+02
   1.6684795e+00  -2.9474086e+02
   1.6673060e+00  -2.9424086e+02
   1.6661310e+00  -2.9374086e+02
   1.6649546e+00  -2.9324086e+02
   1.6637769e+00  -2.9274086e+02
   1.6625978e+00  -2.9224086e+02
   1.6614173e+00  -2.9174086e+02
   1.6602355e+00  -2.9124086e+02
   1.6590523e+00  -2.9074086e+02
   1.6578677e+00  -2.9024086e+02
   1.6566819e+00  -2.8974086e+02
   1.6554947e+00  -2.8924086e+02
   1.6543061e+00  -2.8874086e+02
   1.6531163e+00  -2.8824086e+02
   1.6519251e+00  -2.8774086e+02
   1.6507327e+00  -2.8724086e+02
   1.6495389e+00  -2.8674086e+02
   1.6483439e+00  -2.8624086e+02
   1.6471476e+00  -2.8574086e+02
   1.6459500e+00  -2.8524086e+02
   1.6447512e+00  -2.8474086e+02
   1.6435511e+00  -2.8424086e+02
   1.6423498e+00  -2.8374086e+02
   1.6411472e+00  -2.8324086e+02
   1.6399434e+00  -2.8274086e+02
   1.6387384e+00  -2.8224086e+02
   1.6375321e+00  -2.8174086e+02
   1.6363247e+00  -2.8124086e+02
   1.6351160e+00  -2.8074086e+02
   1.6339062e+00  -2.8024086e+02
   1.6326952e+00  -2.7974086e+02
   1.6314830e+00  -2.7924086e+02
   1.6302696e+00  -2.7874086e+02
   1.6290551e+00  -2.7824086e+02
   1.6278394e+00  -2.7774086e+02
   1.6266226e+00  -2.7724086e+02
   1.6254047e+00  -2.7674086e+02
   1.6241856e+00  -2.7624086e+02
   1.6229654e+00  -2.7574086e+02
   1.6217441e+00  -2.7524086e+02
   1.6205217e+00  -2.7474086e+02
   1.6192982e+00  -2.7424086e+02
   1.6180736e+00  -2.7374086e+02
   1.6168479e+00  -2.7324086e+02
   1.6156211e+00  -2.7274086e+02
   1.6143933e+00  -2.7224086e+02
   1.6131645e+00  -2.7174086e+02
   1.6119346e+00  -2.7124086e+02
   1.6107036e+00  -2.7074086e+02
   1.6094716e+00  -2.7024086e+02
   1.6082386e+00  -2.6974086e+02
   1.6070046e+00  -2.6924086e+02
   1.6057696e+00  -2.6874086e+02
   1.6045335e+00  -2.6824086e+02
   1.6032965e+00  -2.6774086e+02
   1.6020585e+00  -2.6724086e+02
   1.6008196e+00  -2.6674086e+02
   1.5995796e+00  -2.6624086e+02
   1.5983387e+00  -2.6574086e+02
   1.5970969e+00  -2.6524086e+02
   1.5958541e+00  -2.6474086e+02
   1.5946104e+00  -2.6424086e+02
   1.5933658e+00  -2.6374086e+02
   1.5921202e+00  -2.6324086e+02
   1.5908737e+00  -2.6274086e+02
   1.5896264e+00  -2.6224086e+02
   1.5883781e+00  -2.6174086e+02
   1.5871290e+00  -2.6124086e+02
   1.5858790e+00  -2.6074086e+02
   1.5846281e+00  -2.6024086e+02
   1.5833764e+00  -2.5974086e+02
   1.5821238e+00  -2.5924086e+02
   1.5808703e+00  -2.5874086e+02
   1.5796161e+00  -2.5824086e+02
   1.5783610e+00  -2.5774086e+02
   1.5771051e+00  -2.5724086e+02
   1.5758484e+00  -2.5674086e+02
   1.5745909e+00  -2.5624086e+02
   1.5733326e+00  -2.5574086e+02
   1.5720735e+00  -2.5524086e+02
   1.5708136e+00  -2.5474086e+02
   1.5695530e+00  -2.5424086e+02
   1.5682916e+00  -2.5374086e+02
   1.5670295e+00  -2.5324086e+02
   1.5657666e+00  -2.5274086e+02
   1.5645030e+00  -2.5224086e+02
   1.5632387e+00  -2.5174086e+02
   1.5619737e+00  -2.5124086e+02
   1.5607079e+00  -2.5074086e+02
   1.5594415e+00  -2.5024086e+02
   1.5581743e+00  -2.4974086e+02
   1.5569065e+00  -2.4924086e+02
   1.5556380e+00  -2.4874086e+02
   1.5543689e+00  -2.4824086e+02
   1.5530991e+00  -2.4774086e+02
   1.5518286e+00  -2.4724086e+02
   1.5505575e+00  -2.4674086e+02
   1.5492858e+00  -2.4624086e+02
   1.5480134e+00  -2.4574086e+02
   1.5467405e+00  -2.4524086e+02
   1.5454669e+00  -2.4474086e+02
   1.5441927e+00  -2.4424086e+02
   1.5429179e+00  -2.4374086e+02
   1.5416426e+00  -2.4324086e+02
   1.5403667e+00  -2.4274086e+02
   1.5390902e+00  -2.4224086e+02
   1.5378132e+00  -2.4174086e+02
   1.5365356e+00  -2.4124086e+02
   1.5352575e+00  -2.4074086e+02
   1.5339788e+00  -2.4024086e+02
   1.5326997e+00  -2.3974086e+02
   1.5314200e+00  -2.3924086e+02
   1.5301398e+00  -2.3874086e+02
   1.5288591e+00  -2.3824086e+02
   1.5275780e+00  -2.3774086e+02
   1.5262963e+00  -2.3724086e+02
   1.5250142e+00  -2.3674086e+02
   1.5237316e+00  -2.3624086e+02
   1.5224486e+00  -2.3574086e+02
   1.5211651e+00  -2.3524086e+02
   1.5198812e+00  -2.3474086e+02
   1.5185969e+00  -2.3424086e+02
   1.5173121e+00  -2.3374086e+02
   1.5160270e+00  -2.3324086e+02
   1.5147414e+00  -2.3274086e+02
   1.5134554e+00  -2.3224086e+02
   1.5121691e+00  -2.3174086e+02
   1.5108823e+00  -2.3124086e+02
   1.5095952e+00  -2.3074086e+02
   1.5083078e+00  -2.3024086e+02
   1.5070200e+00  -2.2974086e+02
   1.5057318e+00  -2.2924086e+02
   1.5044433e+00  -2.2874086e+02
   1.5031545e+00  -2.2824086e+02
   1.5018654e+00  -2.2774086e+02
   1.5005759e+00  -2.2724086e+02
   1.4992862e+00  -2.2674086e+02
   1.4979962e+00  -2.2624086e+02
   1.4967058e+00  -2.2574086e+02
   1.4954152e+00  -2.2524086e+02
   1.4941244e+00  -2.2474086e+02
   1.4928332e+00  -2.2424086e+02
   1.4915419e+00  -2.2374086e+02
   1.4902502e+00  -2.2324086e+02
   1.4889584e+00  -2.2274086e+02
   1.4876663e+00  -2.2224086e+02
   1.4863740e+00  -2.2174086e+02
   1.4850815e+00  -2.2124086e+02
   1.4837888e+00  -2.2074086e+02
   1.4824959e+00  -2.2024086e+02
   1.4812028e+00  -2.1974086e+02
   1.4799095e+00  -2.1924086e+02
   1.4786161e+00  -2.1874086e+02
   1.4773225e+00  -2.1824086e+02
   1.4760287e+00  -2.1774086e+02
   1.4747348e+00  -2.1724086e+02
   1.4734408e+00  -2.1674086e+02
   1.4721467e+00  -2.1624086e+02
   1.4708524e+00  -2.1574086e+02
   1.4695580e+00  -2.1524086e+02
   1.4682635e+00  -2.1474086e+02
   1.4669690e+00  -2.1424086e+02
   1.4656743e+00  -2.1374086e+02
   1.4643796e+00  -2.1324086e+02
   1.4630848e+00  -2.1274086e+02
   1.4617899e+00  -2.1224086e+02
   1.4604950e+00  -2.1174086e+02
   1.4592000e+00  -2.1124086e+02
   1.4579050e+00  -2.1074086e+02
   1.4566100e+00  -2.1024086e+02
   1.4553149e+00  -2.0974086e+02
   1.4540199e+00  -2.0924086e+02
   1.4527248e+00  -2.0874086e+02
   1.4514297e+00  -2.0824086e+02
   1.4501347e+00  -2.0774086e+02
   1.4488397e+00  -2.0724086e+02
   1.4475447e+00  -2.0674086e+02
   1.4462497e+00  -2.0624086e+02
   1.4449548e+00  -2.0574086e+02
   1.4436599e+00  -2.0524086e+02
   1.4423651e+00  -2.0474086e+02
   1.4410704e+00  -2.0424086e+02
   1.4397757e+00  -2.0374086e+02
   1.4384811e+00  -2.0324086e+02
   1.4371866e+00  -2.0274086e+02
   1.4358922e+00  -2.0224086e+02
   1.4345980e+00  -2.0174086e+02
   1.4333038e+00  -2.0124086e+02
   1.4320098e+00  -2.0074086e+02
   1.4307158e+00  -2.0024086e+02
   1.4294221e+00  -1.9974086e+02
   1.4281285e+00  -1.9924086e+02
   1.4268350e+00  -1.9874086e+02
   1.4255417e+00  -1.9824086e+02
   1.4242486e+00  -1.9774086e+02
   1.4229556e+00  -1.9724086e+02
   1.4216629e+00  -1.9674086e+02
   1.4203703e+00  -1.9624086e+02
   1.4190779e+00  -1.9574086e+02
   1.4177858e+00  -1.9524086e+02
   1.4164938e+00  -1.9474086e+02
   1.4152021e+00  -1.9424086e+02
   1.4139106e+00  -1.9374086e+02
   1.4126194e+00  -1.9324086e+02
   1.4113284e+00  -1.9274086e+02
   1.4100377e+00  -1.9224086e+02
   1.4087472e+00  -1.9174086e+02
   1.4074570e+00  -1.9124086e+02
   1.4061671e+00  -1.9074086e+02
   1.4048774e+00  -1.9024086e+02
   1.4035881e+00  -1.8974086e+02
   1.4022991e+00  -1.8924086e+02
   1.4010103e+00  -1.8874086e+02
   1.3997219e+00  -1.8824086e+02
   1.3984338e+00  -1.8774086e+02
   1.3971461e+00  -1.8724086e+02
   1.3958587e+00  -1.8674086e+02
   1.3945716e+00  -1.8624086e+02
   1.3932849e+00  -1.8574086e+02
   1.3919985e+00  -1.8524086e+02
   1.3907125e+00  -1.8474086e+02
   1.3894269e+00  -1.8424086e+02
   1.3881417e+00  -1.8374086e+02
   1.3868569e+00  -1.8324086e+02
   1.3855724e+00  -1.8274086e+02
   1.3842884e+00  -1.8224086e+02
   1.3830048e+00  -1.8174086e+02
   1.3817216e+00  -1.8124086e+02
   1.3804388e+00  -1.8074086e+02
   1.3791565e+00  -1.8024086e+02
   1.3778746e+00  -1.7974086e+02
   1.3765931e+00  -1.7924086e+02
   1.3753121e+00  -1.7874086e+02
   1.3740316e+00  -1.7824086e+02
   1.3727516e+00  -1.7774086e+02
   1.3714720e+00  -1.7724086e+02
   1.3701929e+00  -1.7674086e+02
   1.3689143e+00  -1.7624086e+02
   1.3676362e+00  -1.7574086e+02
   1.3663586e+00  -1.7524086e+02
   1.3650815e+00  -1.7474086e+02
   1.3638050e+00  -1.7424086e+02
   1.3625289e+00  -1.7374086e+02
   1.3612534e+00  -1.7324086e+02
   1.3599785e+00  -1.7274086e+02
   1.3587040e+00  -1.7224086e+02
   1.3574302e+00  -1.7174086e+02
   1.3561569e+00  -1.7124086e+02
   1.3548842e+00  -1.7074086e+02
   1.3536120e+00  -1.7024086e+02
   1.3523404e+00  -1.6974086e+02
   1.3510695e+00  -1.6924086e+02
   1.3497991e+00  -1.6874086e+02
   1.3485293e+00  -1.6824086e+02
   1.3472601e+00  -1.6774086e+02
   1.3459915e+00  -1.6724086e+02
   1.3447236e+00  -1.6674086e+02
   1.3434563e+00  -1.6624086e+02
   1.3421896e+00  -1.6574086e+02
   1.3409236e+00  -1.6524086e+02
   1.3396582e+00  -1.6474086e+02
   1.3383935e+00  -1.6424086e+02
   1.3371294e+00  -1.6374086e+02
   1.3358660e+00  -1.6324086e+02
   1.3346033e+00  -1.6274086e+02
   1.3333413e+00  -1.6224086e+02
   1.3320799e+00  -1.6174086e+02
   1.3308193e+00  -1.6124086e+02
   1.3295593e+00  -1.6074086e+02
   1.3283000e+00  -1.6024086e+02
   1.3270415e+00  -1.5974086e+02
   1.3257837e+00  -1.5924086e+02
   1.3245266e+00  -1.5874086e+02
   1.3232702e+00  -1.5824086e+02
   1.3220146e+00  -1.5774086e+02
   1.3207598e+00  -1.5724086e+02
   1.3195056e+00  -1.5674086e+02
   1.3182523e+00  -1.5624086e+02
   1.3169997e+00  -1.5574086e+02
   1.3157478e+00  -1.5524086e+02
   1.3144968e+00  -1.5474086e+02
   1.3132465e+00  -1.5424086e+02
   1.3119970e+00  -1.5374086e+02
   1.3107483e+00  -1.5324086e+02
   1.3095004e+00  -1.5274086e+02
   1.3082534e+00  -1.5224086e+02
   1.3070071e+00  -1.5174086e+02
   1.3057616e+00  -1.5124086e+02
   1.3045170e+00  -1.5074086e+02
   1.3032732e+00  -1.5024086e+02
   1.3020302e+00  -1.4974086e+02
   1.3007881e+00  -1.4924086e+02
   1.2995468e+00  -1.4874086e+02
   1.2983064e+00  -1.4824086e+02
   1.2970669e+00  -1.4774086e+02
   1.2958282e+00  -1.4724086e+02
   1.2945903e+00  -1.4674086e+02
   1.2933534e+00  -1.4624086e+02
   1.2921173e+00  -1.4574086e+02
   1.2908821e+00  -1.4524086e+02
   1.2896479e+00  -1.4474086e+02
   1.2884145e+00  -1.4424086e+02
   1.2871820e+00  -1.4374086e+02
   1.2859504e+00  -1.4324086e+02
   1.2847198e+00  -1.4274086e+02
   1.2834900e+00  -1.4224086e+02
   1.2822612e+00  -1.4174086e+02
   1.2810334e+00  -1.4124086e+02
   1.2798064e+00  -1.4074086e+02
   1.2785804e+00  -1.4024086e+02
   1.2773554e+00  -1.3974086e+02
   1.2761313e+00  -1.3924086e+02
   1.2749082e+00  -1.3874086e+02
   1.2736860e+00  -1.3824086e+02
   1.2724648e+00  -1.3774086e+02
   1.2712446e+00  -1.3724086e+02
   1.2700253e+00  -1.3674086e+02
   1.2688071e+00  -1.3624086e+02
   1.2675898e+00  -1.3574086e+02
   1.2663736e+00  -1.3524086e+02
   1.2651583e+00  -1.3474086e+02
   1.2639440e+00  -1.3424086e+02
   1.2627308e+00  -1.3374086e+02
   1.2615186e+00  -1.3324086e+02
   1.2603073e+00  -1.3274086e+02
   1.2590972e+00  -1.3224086e+02
   1.2578880e+00  -1.3174086e+02
   1.2566799e+00  -1.3124086e+02
   1.2554728e+00  -1.3074086e+02
   1.2542668e+00  -1.3024086e+02
   1.2530618e+00  -1.2974086e+02
   1.2518579e+00  -1.2924086e+02
   1.2506551e+00  -1.2874086e+02
   1.2494533e+00  -1.2824086e+02
   1.2482525e+00  -1.2774086e+02
   1.2470529e+00  -1.2724086e+02
   1.2458543e+00  -1.2674086e+02
   1.2446569e+00  -1.2624086e+02
   1.2434605e+00  -1.2574086e+02
   1.2422652e+00  -1.2524086e+02
   1.2410710e+00  -1.2474086e+02
   1.2398779e+00  -1.2424086e+02
   1.2386859e+00  -1.2374086e+02
   1.2374950e+00  -1.2324086e+02
   1.2363053e+00  -1.2274086e+02
   1.2351166e+00  -1.2224086e+02
   1.2339291e+00  -1.2174086e+02
   1.2327428e+00  -1.2124086e+02
   1.2315575e+00  -1.2074086e+02
   1.2303734e+00  -1.2024086e+02
   1.2291905e+00  -1.1974086e+02
   1.2280087e+00  -1.1924086e+02
   1.2268280e+00  -1.1874086e+02
   1.2256485e+00  -1.1824086e+02
   1.2244702e+00  -1.1774086e+02
   1.2232930e+00  -1.1724086e+02
   1.2221170e+00  -1.1674086e+02
   1.2209422e+00  -1.1624086e+02
   1.2197685e+00  -1.1574086e+02
   1.2185960e+00  -1.1524086e+02
   1.2174247e+00  -1.1474086e+02
   1.2162547e+00  -1.1424086e+02
   1.2150858e+00  -1.1374086e+02
   1.2139181e+00  -1.1324086e+02
   1.2127516e+00  -1.1274086e+02
   1.2115863e+00  -1.1224086e+02
   1.2104222e+00  -1.1174086e+02
   1.2092593e+00  -1.1124086e+02
   1.2080977e+00  -1.1074086e+02
   1.2069372e+00  -1.1024086e+02
   1.2057780e+00  -1.0974086e+02
   1.2046201e+00  -1.0924086e+02
   1.2034633e+00  -1.0874086e+02
   1.2023078e+00  -1.0824086e+02
   1.2011536e+00  -1.0774086e+02
   1.2000006e+00  -1.0724086e+02
   1.1988488e+00  -1.0674086e+02
   1.1976983e+00  -1.0624086e+02
   1.1965490e+00  -1.0574086e+02
   1.1954010e+00  -1.0524086e+02
   1.1942543e+00  -1.0474086e+02
   1.1931088e+00  -1.0424086e+02
   1.1919646e+00  -1.0374086e+02
   1.1908217e+00  -1.0324086e+02
   1.1896801e+00  -1.0274086e+02
   1.1885397e+00  -1.0224086e+02
   1.1874006e+00  -1.0174086e+02
   1.1862628e+00  -1.0124086e+02
   1.1851263e+00  -1.0074086e+02
   1.1839911e+00  -1.0024086e+02
   1.1828572e+00  -9.9740863e+01
   1.1817246e+00  -9.9240863e+01
   1.1805933e+00  -9.8740863e+01
   1.1794633e+00  -9.8240863e+01
   1.1783346e+00  -9.7740863e+01
   1.1772072e+00  -9.7240863e+01
   1.1760812e+00  -9.6740863e+01
   1.1749565e+00  -9.6240863e+01
   1.1738330e+00  -9.5740863e+01
   1.1727110e+00  -9.5240863e+01
   1.1715902e+00  -9.4740863e+01
   1.1704708e+00  -9.4240863e+01
   1.1693527e+00  -9.3740863e+01
   1.1682360e+00  -9.3240863e+01
   1.1671205e+00  -9.2740863e+01
   1.1660065e+00  -9.2240863e+01
   1.1648938e+00  -9.1740863e+01
   1.1637824e+00  -9.1240863e+01
   1.1626724e+00  -9.0740863e+01
   1.1615638e+00  -9.0240863e+01
   1.1604565e+00  -8.9740863e+01
   1.1593505e+00  -8.9240863e+01
   1.1582460e+00  -8.8740863e+01
   1.1571428e+00  -8.8240863e+01
   1.1560409e+00  -8.7740863e+01
   1.1549405e+00  -8.7240863e+01
   1.1538414e+00  -8.6740863e+01
   1.1527437e+00  -8.6240863e+01
   1.1516474e+00  -8.5740863e+01
   1.1505525e+00  -8.5240863e+01
   1.1494589e+00  -8.4740863e+01
   1.1483668e+00  -8.4240863e+01
   1.1472760e+00  -8.3740863e+01
   1.1461866e+00  -8.3240863e+01
   1.1450986e+00  -8.2740863e+01
   1.1440121e+00  -8.2240863e+01
   1.1429269e+00  -8.1740863e+01
   1.1418431e+00  -8.1240863e+01
   1.1407607e+00  -8.0740863e+01
   1.1396798e+00  -8.0240863e+01
   1.1386002e+00  -7.9740863e+01
   1.1375221e+00  -7.9240863e+01
   1.1364454e+00  -7.8740863e+01
   1.1353701e+00  -7.8240863e+01
   1.1342962e+00  -7.7740863e+01
   1.1332238e+00  -7.7240863e+01
   1.1321527e+00  -7.6740863e+01
   1.1310831e+00  -7.6240863e+01
   1.1300149e+00  -7.5740863e+01
   1.1289482e+00  -7.5240863e+01
   1.1278829e+00  -7.4740863e+01
   1.1268190e+00  -7.4240863e+01
   1.1257566e+00  -7.3740863e+01
   1.1246956e+00  -7.3240863e+01
   1.1236360e+00  -7.2740863e+01
   1.1225779e+00  -7.2240863e+01
   1.1215212e+00  -7.1740863e+01
   1.1204660e+00  -7.1240863e+01
   1.1194122e+00  -7.0740863e+01
   1.1183599e+00  -7.0240863e+01
   1.1173090e+00  -6.9740863e+01
   1.1162596e+00  -6.9240863e+01
   1.1152117e+00  -6.8740863e+01
   1.1141652e+00  -6.8240863e+01
   1.1131201e+00  -6.7740863e+01
   1.1120765e+00  -6.7240863e+01
   1.1110344e+00  -6.6740863e+01
   1.1099938e+00  -6.6240863e+01
   1.1089546e+00  -6.5740863e+01
   1.1079169e+00  -6.5240863e+01
   1.1068807e+00  -6.4740863e+01
   1.1058459e+00  -6.4240863e+01
   1.1048126e+00  -6.3740863e+01
   1.1037808e+00  -6.3240863e+01
   1.1027504e+00  -6.2740863e+01
   1.1017216e+00  -6.2240863e+01
   1.1006942e+00  -6.1740863e+01
   1.0996683e+00  -6.1240863e+01
   1.0986439e+00  -6.0740863e+01
   1.0976209e+00  -6.0240863e+01
   1.0965995e+00  -5.9740863e+01
   1.0955795e+00  -5.9240863e+01
   1.0945611e+00  -5.8740863e+01
   1.0935441e+00  -5.8240863e+01
   1.0925286e+00  -5.7740863e+01
   1.0915146e+00  -5.7240863e+01
   1.0905021e+00  -5.6740863e+01
   1.0894911e+00  -5.6240863e+01
   1.0884816e+00  -5.5740863e+01
   1.0874736e+00  -5.5240863e+01
   1.0864671e+00  -5.4740863e+01
   1.0854620e+00  -5.4240863e+01
   1.0844585e+00  -5.3740863e+01
   1.0834565e+00  -5.3240863e+01
   1.0824560e+00  -5.2740863e+01
   1.0814570e+00  -5.2240863e+01
   1.0804595e+00  -5.1740863e+01
   1.0794635e+00  -5.1240863e+01
   1.0784691e+00  -5.0740863e+01
   1.0774761e+00  -5.0240863e+01
   1.0764846e+00  -4.9740863e+01
   1.0754947e+00  -4.9240863e+01
   1.0745062e+00  -4.8740863e+01
   1.0735193e+00  -4.8240863e+01
   1.0725339e+00  -4.7740863e+01
   1.0715500e+00  -4.7240863e+01
   1.0705676e+00  -4.6740863e+01
   1.0695868e+00  -4.6240863e+01
   1.0686074e+00  -4.5740863e+01
   1.0676296e+00  -4.5240863e+01
   1.0666533e+00  -4.4740863e+01
   1.0656785e+00  -4.4240863e+01
   1.0647052e+00  -4.3740863e+01
   1.0637335e+00  -4.3240863e+01
   1.0627633e+00  -4.2740863e+01
   1.0617946e+00  -4.2240863e+01
   1.0608274e+00  -4.1740863e+01
   1.0598617e+00  -4.1240863e+01
   1.0588976e+00  -4.0740863e+01
   1.0579350e+00  -4.0240863e+01
   1.0569739e+00  -3.9740863e+01
   1.0560144e+00  -3.9240863e+01
   1.0550564e+00  -3.8740863e+01
   1.0540999e+00  -3.8240863e+01
   1.0531449e+00  -3.7740863e+01
   1.0521915e+00  -3.7240863e+01
   1.0512396e+00  -3.6740863e+01
   1.0502892e+00  -3.6240863e+01
   1.0493403e+00  -3.5740863e+01
   1.0483930e+00  -3.5240863e+01
   1.0474472e+00  -3.4740863e+01
   1.0465030e+00  -3.4240863e+01
   1.0455603e+00  -3.3740863e+01
   1.0446191e+00  -3.3240863e+01
   1.0436794e+00  -3.2740863e+01
   1.0427413e+00  -3.2240863e+01
   1.0418047e+00  -3.1740863e+01
   1.0408697e+00  -3.1240863e+01
   1.0399361e+00  -3.0740863e+01
   1.0390042e+00  -3.0240863e+01
   1.0380737e+00  -2.9740863e+01
   1.0371448e+00  -2.9240863e+01
   1.0362174e+00  -2.8740863e+01
   1.0352916e+00  -2.8240863e+01
   1.0343672e+00  -2.7740863e+01
   1.0334445e+00  -2.7240863e+01
   1.0325232e+00  -2.6740863e+01
   1.0316035e+00  -2.6240863e+01
   1.0306853e+00  -2.5740863e+01
   1.0297687e+00  -2.5240863e+01
   1.0288536e+00  -2.4740863e+01
   1.0279401e+00  -2.4240863e+01
   1.0270280e+00  -2.3740863e+01
   1.0261175e+00  -2.3240863e+01
   1.0252086e+00  -2.2740863e+01
   1.0243012e+00  -2.2240863e+01
   1.0233953e+00  -2.1740863e+01
   1.0224909e+00  -2.1240863e+01
   1.0215881e+00  -2.0740863e+01
   1.0206869e+00  -2.0240863e+01
   1.0197871e+00  -1.9740863e+01
   1.0188889e+00  -1.9240863e+01
   1.0179923e+00  -1.8740863e+01
   1.0170971e+00  -1.8240863e+01
   1.0162035e+00  -1.7740863e+01
   1.0153115e+00  -1.7240863e+01
   1.0144209e+00  -1.6740863e+01
   1.0135320e+00  -1.6240863e+01
   1.0126445e+00  -1.5740863e+01
   1.0117586e+00  -1.5240863e+01
   1.0108742e+00  -1.4740863e+01
   1.0099913e+00  -1.4240863e+01
   1.0091100e+00  -1.3740863e+01
   1.0082302e+00  -1.3240863e+01
   1.0073520e+00  -1.2740863e+01
   1.0064752e+00  -1.2240863e+01
   1.0056001e+00  -1.1740863e+01
   1.0047264e+00  -1.1240863e+01
   1.0038543e+00  -1.0740863e+01
   1.0029837e+00  -1.0240863e+01
   1.0021146e+00  -9.7408629e+00
   1.0012471e+00  -9.2408629e+00
   1.0003811e+00  -8.7408629e+00
   9.9951659e-01  -8.2408629e+00
   9.9865364e-01  -7.7408629e+00
   9.9779222e-01  -7.2408629e+00
   9.9693233e-01  -6.7408629e+00
   9.9607397e-01  -6.2408629e+00
   9.9521713e-01  -5.7408629e+00
   9.9436182e-01  -5.2408629e+00
   9.9350803e-01  -4.7408629e+00
   9.9265577e-01  -4.2408629e+00
   9.9180504e-01  -3.7408629e+00
   9.9095583e-01  -3.2408629e+00
   9.9010814e-01  -2.7408629e+00
   9.8926197e-01  -2.2408629e+00
   9.8841733e-01  -1.7408629e+00
   9.8757421e-01  -1.2408629e+00
   9.8673261e-01  -7.4086289e-01
   9.8589252e-01  -2.4086289e-01
   9.8505396e-01   2.5913711e-01
   9.8421692e-01   7.5913711e-01
   9.8338139e-01   1.2591371e+00
   9.8254739e-01   1.7591371e+00
   9.8171490e-01   2.2591371e+00
   9.8088392e-01   2.7591371e+00
   9.8005446e-01   3.2591371e+00
   9.7922652e-01   3.7591371e+00
   9.7840008e-01   4.2591371e+00
   9.7757516e-01   4.7591371e+00
   9.7675176e-01   5.2591371e+00
   9.7592986e-01   5.7591371e+00
   9.7510947e-01   6.2591371e+00
   9.7429060e-01   6.7591371e+00
   9.7347323e-01   7.2591371e+00
   9.7265737e-01   7.7591371e+00
   9.7184301e-01   8.2591371e+00
   9.7103016e-01   8.7591371e+00
   9.7021882e-01   9.2591371e+00
   9.6940898e-01   9.7591371e+00
   9.6860065e-01   1.0259137e+01
   9.6779381e-01   1.0759137e+01
   9.6698848e-01   1.1259137e+01
   9.6618464e-01   1.1759137e+01
   9.6538231e-01   1.2259137e+01
   9.6458147e-01   1.2759137e+01
   9.6378214e-01   1.3259137e+01
   9.6298429e-01   1.3759137e+01
   9.6218794e-01   1.4259137e+01
   9.6139309e-01   1.4759137e+01
   9.6059973e-01   1.5259137e+01
   9.5980786e-01   1.5759137e+01
   9.5901748e-01   1.6259137e+01
   9.5822860e-01   1.6759137e+01
   9.5744120e-01   1.7259137e+01
   9.5665528e-01   1.7759137e+01
   9.5587086e-01   1.8259137e+01
   9.5508792e-01   1.8759137e+01
   9.5430646e-01   1.9259137e+01
   9.5352649e-01   1.9759137e+01
   9.5274800e-01   2.0259137e+01
   9.5197099e-01   2.0759137e+01
   9.5119546e-01   2.1259137e+01
   9.5042140e-01   2.1759137e+01
   9.4964883e-01   2.2259137e+01
   9.4887773e-01   2.2759137e+01
   9.4810810e-01   2.3259137e+01
   9.4733995e-01   2.3759137e+01
   9.4657327e-01   2.4259137e+01
   9.4580806e-01   2.4759137e+01
   9.4504432e-01   2.5259137e+01
   9.4428205e-01   2.5759137e+01
   9.4352125e-01   2.6259137e+01
   9.4276191e-01   2.6759137e+01
   9.4200404e-01   2.7259137e+01
   9.4124763e-01   2.7759137e+01
   9.4049268e-01   2.8259137e+01
   9.3973919e-01   2.8759137e+01
   9.3898716e-01   2.9259137e+01
   9.3823659e-01   2.9759137e+01
   9.3748747e-01   3.0259137e+01
   9.3673981e-01   3.0759137e+01
   9.3599361e-01   3.1259137e+01
   9.3524885e-01   3.1759137e+01
   9.3450555e-01   3.2259137e+01
   9.3376370e-01   3.2759137e+01
   9.3302329e-01   3.3259137e+01
   9.3228433e-01   3.3759137e+01
   9.3154682e-01   3.4259137e+01
   9.3081075e-01   3.4759137e+01
   9.3007612e-01   3.5259137e+01
   9.2934293e-01   3.5759137e+01
   9.2861119e-01   3.6259137e+01
   9.2788088e-01   3.6759137e+01
   9.2715200e-01   3.7259137e+01
   9.2642456e-01   3.7759137e+01
   9.2569856e-01   3.8259137e+01
   9.2497399e-01   3.8759137e+01
   9.2425084e-01   3.9259137e+01
   9.2352913e-01   3.9759137e+01
   9.2280884e-01   4.0259137e+01
   9.2208998e-01   4.0759137e+01
   9.2137255e-01   4.1259137e+01
   9.2065653e-01   4.1759137e+01
   9.1994194e-01   4.2259137e+01
   9.1922877e-01   4.2759137e+01
   9.1851701e-01   4.3259137e+01
   9.1780667e-01   4.3759137e+01
   9.1709775e-01   4.4259137e+01
   9.1639024e-01   4.4759137e+01
   9.1568414e-01   4.5259137e+01
   9.1497945e-01   4.5759137e+01
   9.1427617e-01   4.6259137e+01
   9.1357429e-01   4.6759137e+01
   9.1287382e-01   4.7259137e+01
   9.1217476e-01   4.7759137e+01
   9.1147709e-01   4.8259137e+01
   9.1078083e-01   4.8759137e+01
   9.1008596e-01   4.9259137e+01
   9.0939249e-01   4.9759137e+01
   9.0870042e-01   5.0259137e+01
   9.0800974e-01   5.0759137e+01
   9.0732045e-01   5.1259137e+01
   9.0663255e-01   5.1759137e+01
   9.0594604e-01   5.2259137e+01
   9.0526091e-01   5.2759137e+01
   9.0457717e-01   5.3259137e+01
   9.0389482e-01   5.3759137e+01
   9.0321384e-01   5.4259137e+01
   9.0253425e-01   5.4759137e+01
   9.0185603e-01   5.5259137e+01
   9.0117919e-01   5.5759137e+01
   9.0050372e-01   5.6259137e+01
   8.9982962e-01   5.6759137e+01
   8.9915690e-01   5.7259137e+01
   8.9848554e-01   5.7759137e+01
   8.9781556e-01   5.8259137e+01
   8.9714693e-01   5.8759137e+01
   8.9647968e-01   5.9259137e+01
   8.9581378e-01   5.9759137e+01
   8.9514924e-01   6.0259137e+01
   8.9448606e-01   6.0759137e+01
   8.9382424e-01   6.1259137e+01
   8.9316377e-01   6.1759137e+01
   8.9250466e-01   6.2259137e+01
   8.9184690e-01   6.2759137e+01
   8.9119048e-01   6.3259137e+01
   8.9053541e-01   6.3759137e+01
   8.8988169e-01   6.4259137e+01
   8.8922931e-01   6.4759137e+01
   8.8857827e-01   6.5259137e+01
   8.8792858e-01   6.5759137e+01
   8.8728022e-01   6.6259137e+01
   8.8663319e-01   6.6759137e+01
   8.8598751e-01   6.7259137e+01
   8.8534315e-01   6.7759137e+01
   8.8470012e-01   6.8259137e+01
   8.8405842e-01   6.8759137e+01
   8.8341805e-01   6.9259137e+01
   8.8277901e-01   6.9759137e+01
   8.8214128e-01   7.0259137e+01
   8.8150488e-01   7.0759137e+01
   8.8086980e-01   7.1259137e+01
   8.8023603e-01   7.1759137e+01
   8.7960358e-01   7.2259137e+01
   8.7897244e-01   7.2759137e+01
   8.7834261e-01   7.3259137e+01
   8.7771409e-01   7.3759137e+01
   8.7708688e-01   7.4259137e+01
   8.7646097e-01   7.4759137e+01
   8.7583637e-01   7.5259137e+01
   8.7521307e-01   7.5759137e+01
   8.7459107e-01   7.6259137e+01
   8.7397037e-01   7.6759137e+01
   8.7335096e-01   7.7259137e+01
   8.7273284e-01   7.7759137e+01
   8.7211602e-01   7.8259137e+01
   8.7150049e-01   7.8759137e+01
   8.7088624e-01   7.9259137e+01
   8.7027328e-01   7.9759137e+01
   8.6966160e-01   8.0259137e+01
   8.6905121e-01   8.0759137e+01
   8.6844209e-01   8.1259137e+01
   8.6783425e-01   8.1759137e+01
   8.6722769e-01   8.2259137e+01
   8.6662240e-01   8.2759137e+01
   8.6601839e-01   8.3259137e+01
   8.6541564e-01   8.3759137e+01
   8.6481416e-01   8.4259137e+01
   8.6421394e-01   8.4759137e+01
   8.6361499e-01   8.5259137e+01
   8.6301730e-01   8.5759137e+01
   8.6242087e-01   8.6259137e+01
   8.6182570e-01   8.6759137e+01
   8.6123178e-01   8.7259137e+01
   8.6063912e-01   8.7759137e+01
   8.6004770e-01   8.8259137e+01
   8.5945754e-01   8.8759137e+01
   8.5886862e-01   8.9259137e+01
   8.5828095e-01   8.9759137e+01
   8.5769452e-01   9.0259137e+01
   8.5710933e-01   9.0759137e+01
   8.5652538e-01   9.1259137e+01
   8.5594267e-01   9.1759137e+01
   8.5536119e-01   9.2259137e+01
   8.5478095e-01   9.2759137e+01
   8.5420194e-01   9.3259137e+01
   8.5362415e-01   9.3759137e+01
   8.5304759e-01   9.4259137e+01
   8.5247225e-01   9.4759137e+01
   8.5189814e-01   9.5259137e+01
   8.5132525e-01   9.5759137e+01
   8.5075357e-01   9.6259137e+01
   8.5018311e-01   9.6759137e+01
   8.4961387e-01   9.7259137e+01
   8.4904584e-01   9.7759137e+01
   8.4847901e-01   9.8259137e+01
   8.4791340e-01   9.8759137e+01
   8.4734898e-01   9.9259137e+01
   8.4678578e-01   9.9759137e+01
   8.4622377e-01   1.0025914e+02
   8.4566296e-01   1.0075914e+02
   8.4510335e-01   1.0125914e+02
   8.4454494e-01   1.0175914e+02
   8.4398771e-01   1.0225914e+02
   8.4343168e-01   1.0275914e+02
   8.4287684e-01   1.0325914e+02
   8.4232318e-01   1.0375914e+02
   8.4177071e-01   1.0425914e+02
   8.4121942e-01   1.0475914e+02
   8.4066930e-01   1.0525914e+02
   8.4012037e-01   1.0575914e+02
   8.3957261e-01   1.0625914e+02
   8.3902603e-01   1.0675914e+02
   8.3848062e-01   1.0725914e+02
   8.3793637e-01   1.0775914e+02
   8.3739330e-01   1.0825914e+02
   8.3685139e-01   1.0875914e+02
   8.3631064e-01   1.0925914e+02
   8.3577105e-01   1.0975914e+02
   8.3523262e-01   1.1025914e+02
   8.3469535e-01   1.1075914e+02
   8.3415923e-01   1.1125914e+02
   8.3362426e-01   1.1175914e+02
   8.3309045e-01   1.1225914e+02
   8.3255778e-01   1.1275914e+02
   8.3202625e-01   1.1325914e+02
   8.3149587e-01   1.1375914e+02
   8.3096664e-01   1.1425914e+02
   8.3043854e-01   1.1475914e+02
   8.2991157e-01   1.1525914e+02
   8.2938575e-01   1.1575914e+02
   8.2886105e-01   1.1625914e+02
   8.2833749e-01   1.1675914e+02
   8.2781505e-01   1.1725914e+02
   8.2729374e-01   1.1775914e+02
   8.2677356e-01   1.1825914e+02
   8.2625449e-01   1.1875914e+02
   8.2573655e-01   1.1925914e+02
   8.2521972e-01   1.1975914e+02
   8.2470401e-01   1.2025914e+02
   8.2418941e-01   1.2075914e+02
   8.2367593e-01   1.2125914e+02
   8.2316355e-01   1.2175914e+02
   8.2265228e-01   1.2225914e+02
   8.2214211e-01   1.2275914e+02
   8.2163304e-01   1.2325914e+02
   8.2112508e-01   1.2375914e+02
   8.2061821e-01   1.2425914e+02
   8.2011244e-01   1.2475914e+02
   8.1960776e-01   1.2525914e+02
   8.1910418e-01   1.2575914e+02
   8.1860168e-01   1.2625914e+02
   8.1810027e-01   1.2675914e+02
   8.1759995e-01   1.2725914e+02
   8.1710070e-01   1.2775914e+02
   8.1660254e-01   1.2825914e+02
   8.1610546e-01   1.2875914e+02
   8.1560945e-01   1.2925914e+02
   8.1511452e-01   1.2975914e+02
   8.1462066e-01   1.3025914e+02
   8.1412787e-01   1.3075914e+02
   8.1363614e-01   1.3125914e+02
   8.1314549e-01   1.3175914e+02
   8.1265589e-01   1.3225914e+02
   8.1216735e-01   1.3275914e+02
   8.1167988e-01   1.3325914e+02
   8.1119346e-01   1.3375914e+02
   8.1070809e-01   1.3425914e+02
   8.1022378e-01   1.3475914e+02
   8.0974052e-01   1.3525914e+02
   8.0925830e-01   1.3575914e+02
   8.0877713e-01   1.3625914e+02
   8.0829701e-01   1.3675914e+02
   8.0781792e-01   1.3725914e+02
   8.0733988e-01   1.3775914e+02
   8.0686287e-01   1.3825914e+02
   8.0638690e-01   1.3875914e+02
   8.0591195e-01   1.3925914e+02
   8.0543804e-01   1.3975914e+02
   8.0496516e-01   1.4025914e+02
   8.0449330e-01   1.4075914e+02
   8.0402247e-01   1.4125914e+02
   8.0355266e-01   1.4175914e+02
   8.0308387e-01   1.4225914e+02
   8.0261609e-01   1.4275914e+02
   8.0214934e-01   1.4325914e+02
   8.0168359e-01   1.4375914e+02
   8.0121885e-01   1.4425914e+02
   8.0075513e-01   1.4475914e+02
   8.0029241e-01   1.4525914e+02
   7.9983069e-01   1.4575914e+02
   7.9936998e-01   1.4625914e+02
   7.9891026e-01   1.4675914e+02
   7.9845155e-01   1.4725914e+02
   7.9799382e-01   1.4775914e+02
   7.9753710e-01   1.4825914e+02
   7.9708136e-01   1.4875914e+02
   7.9662661e-01   1.4925914e+02
   7.9617285e-01   1.4975914e+02
   7.9572008e-01   1.5025914e+02
   7.9526828e-01   1.5075914e+02
   7.9481747e-01   1.5125914e+02
   7.9436764e-01   1.5175914e+02
   7.9391878e-01   1.5225914e+02
   7.9347089e-01   1.5275914e+02
   7.9302398e-01   1.5325914e+02
   7.9257803e-01   1.5375914e+02
   7.9213306e-01   1.5425914e+02
   7.9168905e-01   1.5475914e+02
   7.9124600e-01   1.5525914e+02
   7.9080391e-01   1.5575914e+02
   7.9036278e-01   1.5625914e+02
   7.8992261e-01   1.5675914e+02
   7.8948339e-01   1.5725914e+02
   7.8904513e-01   1.5775914e+02
   7.8860781e-01   1.5825914e+02
   7.8817144e-01   1.5875914e+02
   7.8773602e-01   1.5925914e+02
   7.8730154e-01   1.5975914e+02
   7.8686801e-01   1.6025914e+02
   7.8643541e-01   1.6075914e+02
   7.8600375e-01   1.6125914e+02
   7.8557302e-01   1.6175914e+02
   7.8514323e-01   1.6225914e+02
   7.8471437e-01   1.6275914e+02
   7.8428644e-01   1.6325914e+02
   7.8385943e-01   1.6375914e+02
   7.8343335e-01   1.6425914e+02
   7.8300819e-01   1.6475914e+02
   7.8258395e-01   1.6525914e+02
   7.8216062e-01   1.6575914e+02
   7.8173822e-01   1.6625914e+02
   7.8131672e-01   1.6675914e+02
   7.8089614e-01   1.6725914e+02
   7.8047647e-01   1.6775914e+02
   7.8005770e-01   1.6825914e+02
   7.7963984e-01   1.6875914e+02
   7.7922288e-01   1.6925914e+02
   7.7880683e-01   1.6975914e+02
   7.7839167e-01   1.7025914e+02
   7.7797741e-01   1.7075914e+02
   7.7756404e-01   1.7125914e+02
   7.7715156e-01   1.7175914e+02
   7.7673998e-01   1.7225914e+02
   7.7632928e-01   1.7275914e+02
   7.7591947e-01   1.7325914e+02
   7.7551054e-01   1.7375914e+02
   7.7510249e-01   1.7425914e+02
   7.7469533e-01   1.7475914e+02
   7.7428904e-01   1.7525914e+02
   7.7388362e-01   1.7575914e+02
   7.7347908e-01   1.7625914e+02
   7.7307541e-01   1.7675914e+02
   7.7267261e-01   1.7725914e+02
   7.7227068e-01   1.7775914e+02
   7.7186961e-01   1.7825914e+02
   7.7146940e-01   1.7875914e+02
   7.7107006e-01   1.7925914e+02
   7.7067157e-01   1.7975914e+02
   7.7027394e-01   1.8025914e+02
   7.6987716e-01   1.8075914e+02
   7.6948124e-01   1.8125914e+02
   7.6908616e-01   1.8175914e+02
   7.6869193e-01   1.8225914e+02
   7.6829855e-01   1.8275914e+02
   7.6790601e-01   1.8325914e+02
   7.6751432e-01   1.8375914e+02
   7.6712346e-01   1.8425914e+02
   7.6673344e-01   1.8475914e+02
   7.6634426e-01   1.8525914e+02
   7.6595591e-01   1.8575914e+02
   7.6556839e-01   1.8625914e+02
   7.6518170e-01   1.8675914e+02
   7.6479584e-01   1.8725914e+02
   7.6441080e-01   1.8775914e+02
   7.6402659e-01   1.8825914e+02
   7.6364319e-01   1.8875914e+02
   7.6326062e-01   1.8925914e+02
   7.6287886e-01   1.8975914e+02
   7.6249792e-01   1.9025914e+02
   7.6211779e-01   1.9075914e+02
   7.6173847e-01   1.9125914e+02
   7.6135995e-01   1.9175914e+02
   7.6098225e-01   1.9225914e+02
   7.6060535e-01   1.9275914e+02
   7.6022925e-01   1.9325914e+02
   7.5985395e-01   1.9375914e+02
   7.5947945e-01   1.9425914e+02
   7.5910574e-01   1.9475914e+02
   7.5873283e-01   1.9525914e+02
   7.5836072e-01   1.9575914e+02
   7.5798939e-01   1.9625914e+02
   7.5761885e-01   1.9675914e+02
   7.5724909e-01   1.9725914e+02
   7.5688012e-01   1.9775914e+02
   7.5651194e-01   1.9825914e+02
   7.5614453e-01   1.9875914e+02
   7.5577790e-01   1.9925914e+02
   7.5541204e-01   1.9975914e+02
   7.5504696e-01   2.0025914e+02
   7.5468265e-01   2.0075914e+02
   7.5431911e-01   2.0125914e+02
   7.5395634e-01   2.0175914e+02
   7.5359433e-01   2.0225914e+02
   7.5323309e-01   2.0275914e+02
   7.5287261e-01   2.0325914e+02
   7.5251289e-01   2.0375914e+02
   7.5215393e-01   2.0425914e+02
   7.5179572e-01   2.0475914e+02
   7.5143826e-01   2.0525914e+02
   7.5108156e-01   2.0575914e+02
   7.5072561e-01   2.0625914e+02
   7.5037040e-01   2.0675914e+02
   7.5001594e-01   2.0725914e+02
   7.4966222e-01   2.0775914e+02
   7.4930925e-01   2.0825914e+02
   7.4895701e-01   2.0875914e+02
   7.4860551e-01   2.0925914e+02
   7.4825475e-01   2.0975914e+02
   7.4790472e-01   2.1025914e+02
   7.4755543e-01   2.1075914e+02
   7.4720686e-01   2.1125914e+02
   7.4685902e-01   2.1175914e+02
   7.4651191e-01   2.1225914e+02
   7.4616552e-01   2.1275914e+02
   7.4581985e-01   2.1325914e+02
   7.4547490e-01   2.1375914e+02
   7.4513067e-01   2.1425914e+02
   7.4478715e-01   2.1475914e+02
   7.4444435e-01   2.1525914e+02
   7.4410226e-01   2.1575914e+02
   7.4376088e-01   2.1625914e+02
   7.4342021e-01   2.1675914e+02
   7.4308025e-01   2.1725914e+02
   7.4274099e-01   2.1775914e+02
   7.4240243e-01   2.1825914e+02
   7.4206457e-01   2.1875914e+02
   7.4172741e-01   2.1925914e+02
   7.4139095e-01   2.1975914e+02
   7.4105518e-01   2.2025914e+02
   7.4072010e-01   2.2075914e+02
   7.4038571e-01   2.2125914e+02
   7.4005202e-01   2.2175914e+02
   7.3971900e-01   2.2225914e+02
   7.3938668e-01   2.2275914e+02
   7.3905503e-01   2.2325914e+02
   7.3872407e-01   2.2375914e+02
   7.3839379e-01   2.2425914e+02
   7.3806418e-01   2.2475914e+02
   7.3773525e-01   2.2525914e+02
   7.3740699e-01   2.2575914e+02
   7.3707940e-01   2.2625914e+02
   7.3675248e-01   2.2675914e+02
   7.3642623e-01   2.2725914e+02
   7.3610065e-01   2.2775914e+02
   7.3577573e-01   2.2825914e+02
   7.3545147e-01   2.2875914e+02
   7.3512787e-01   2.2925914e+02
   7.3480492e-01   2.2975914e+02
   7.3448264e-01   2.3025914e+02
   7.3416100e-01   2.3075914e+02
   7.3384003e-01   2.3125914e+02
   7.3351970e-01   2.3175914e+02
   7.3320001e-01   2.3225914e+02
   7.3288098e-01   2.3275914e+02
   7.3256259e-01   2.3325914e+02
   7.3224484e-01   2.3375914e+02
   7.3192774e-01   2.3425914e+02
   7.3161127e-01   2.3475914e+02
   7.3129544e-01   2.3525914e+02
   7.3098025e-01   2.3575914e+02
   7.3066569e-01   2.3625914e+02
   7.3035176e-01   2.3675914e+02
   7.3003846e-01   2.3725914e+02
   7.2972579e-01   2.3775914e+02
   7.2941374e-01   2.3825914e+02
   7.2910232e-01   2.3875914e+02
   7.2879152e-01   2.3925914e+02
   7.2848134e-01   2.3975914e+02
   7.2817178e-01   2.4025914e+02
   7.2786284e-01   2.4075914e+02
   7.2755451e-01   2.4125914e+02
   7.2724679e-01   2.4175914e+02
   7.2693969e-01   2.4225914e+02
   7.2663319e-01   2.4275914e+02
   7.2632731e-01   2.4325914e+02
   7.2602202e-01   2.4375914e+02
   7.2571735e-01   2.4425914e+02
   7.2541327e-01   2.4475914e+02
   7.2510979e-01   2.4525914e+02
   7.2480692e-01   2.4575914e+02
   7.2450464e-01   2.4625914e+02
   7.2420295e-01   2.4675914e+02
   7.2390186e-01   2.4725914e+02
   7.2360136e-01   2.4775914e+02
   7.2330144e-01   2.4825914e+02
   7.2300212e-01   2.4875914e+02
   7.2270338e-01   2.4925914e+02
   7.2240523e-01   2.4975914e+02
   7.2210765e-01   2.5025914e+02
   7.2181066e-01   2.5075914e+02
   7.2151425e-01   2.5125914e+02
   7.2121841e-01   2.5175914e+02
   7.2092315e-01   2.5225914e+02
   7.2062846e-01   2.5275914e+02
   7.2033434e-01   2.5325914e+02
   7.2004079e-01   2.5375914e+02
   7.1974781e-01   2.5425914e+02
   7.1945539e-01   2.5475914e+02
   7.1916354e-01   2.5525914e+02
   7.1887226e-01   2.5575914e+02
   7.1858153e-01   2.5625914e+02
   7.1829136e-01   2.5675914e+02
   7.1800175e-01   2.5725914e+02
   7.1771269e-01   2.5775914e+02
   7.1742419e-01   2.5825914e+02
   7.1713624e-01   2.5875914e+02
   7.1684884e-01   2.5925914e+02
   7.1656199e-01   2.5975914e+02
   7.1627568e-01   2.6025914e+02
   7.1598992e-01   2.6075914e+02
   7.1570470e-01   2.6125914e+02
   7.1542003e-01   2.6175914e+02
   7.1513589e-01   2.6225914e+02
   7.1485229e-01   2.6275914e+02
   7.1456923e-01   2.6325914e+02
   7.1428670e-01   2.6375914e+02
   7.1400471e-01   2.6425914e+02
   7.1372324e-01   2.6475914e+02
   7.1344231e-01   2.6525914e+02
   7.1316190e-01   2.6575914e+02
   7.1288202e-01   2.6625914e+02
   7.1260266e-01   2.6675914e+02
   7.1232382e-01   2.6725914e+02
   7.1204551e-01   2.6775914e+02
   7.1176771e-01   2.6825914e+02
   7.1149043e-01   2.6875914e+02
   7.1121367e-01   2.6925914e+02
   7.1093742e-01   2.6975914e+02
   7.1066168e-01   2.7025914e+02
   7.1038645e-01   2.7075914e+02
   7.1011173e-01   2.7125914e+02
   7.0983752e-01   2.7175914e+02
   7.0956381e-01   2.7225914e+02
   7.0929061e-01   2.7275914e+02
   7.0901791e-01   2.7325914e+02
   7.0874570e-01   2.7375914e+02
   7.0847400e-01   2.7425914e+02
   7.0820279e-01   2.7475914e+02
   7.0793208e-01   2.7525914e+02
   7.0766186e-01   2.7575914e+02
   7.0739214e-01   2.7625914e+02
   7.0712290e-01   2.7675914e+02
   7.0685415e-01   2.7725914e+02
   7.0658589e-01   2.7775914e+02
   7.0631812e-01   2.7825914e+02
   7.0605083e-01   2.7875914e+02
   7.0578401e-01   2.7925914e+02
   7.0551768e-01   2.7975914e+02
   7.0525183e-01   2.8025914e+02
   7.0498646e-01   2.8075914e+02
   7.0472156e-01   2.8125914e+02
   7.0445713e-01   2.8175914e+02
   7.0419317e-01   2.8225914e+02
   7.0392969e-01   2.8275914e+02
   7.0366667e-01   2.8325914e+02
   7.0340412e-01   2.8375914e+02
   7.0314204e-01   2.8425914e+02
   7.0288042e-01   2.8475914e+02
   7.0261926e-01   2.8525914e+02
   7.0235856e-01   2.8575914e+02
   7.0209832e-01   2.8625914e+02
   7.0183853e-01   2.8675914e+02
   7.0157921e-01   2.8725914e+02
   7.0132033e-01   2.8775914e+02
   7.0106191e-01   2.8825914e+02
   7.0080394e-01   2.8875914e+02
   7.0054642e-01   2.8925914e+02
   7.0028934e-01   2.8975914e+02
   7.0003271e-01   2.9025914e+02
   6.9977653e-01   2.9075914e+02
   6.9952079e-01   2.9125914e+02
   6.9926549e-01   2.9175914e+02
   6.9901062e-01   2.9225914e+02
   6.9875620e-01   2.9275914e+02
   6.9850221e-01   2.9325914e+02
   6.9824866e-01   2.9375914e+02
   6.9799554e-01   2.9425914e+02
   6.9774285e-01   2.9475914e+02
   6.9749059e-01   2.9525914e+02
   6.9723876e-01   2.9575914e+02
   6.9698735e-01   2.9625914e+02
   6.9673637e-01   2.9675914e+02
   6.9648581e-01   2.9725914e+02
   6.9623568e-01   2.9775914e+02
   6.9598596e-01   2.9825914e+02
   6.9573667e-01   2.9875914e+02
   6.9548779e-01   2.9925914e+02
   6.9523932e-01   2.9975914e+02
   6.9499128e-01   3.0025914e+02
   6.9474364e-01   3.0075914e+02
   6.9449641e-01   3.0125914e+02
   6.9424959e-01   3.0175914e+02
   6.9400319e-01   3.0225914e+02
   6.9375718e-01   3.0275914e+02
   6.9351158e-01   3.0325914e+02
   6.9326639e-01   3.0375914e+02
   6.9302159e-01   3.0425914e+02
   6.9277720e-01   3.0475914e+02
   6.9253321e-01   3.0525914e+02
   6.9228961e-01   3.0575914e+02
   6.9204640e-01   3.0625914e+02
   6.9180359e-01   3.0675914e+02
   6.9156118e-01   3.0725914e+02
   6.9131915e-01   3.0775914e+02
   6.9107751e-01   3.0825914e+02
   6.9083626e-01   3.0875914e+02
   6.9059540e-01   3.0925914e+02
   6.9035492e-01   3.0975914e+02
   6.9011483e-01   3.1025914e+02
   6.8987511e-01   3.1075914e+02
   6.8963578e-01   3.1125914e+02
   6.8939682e-01   3.1175914e+02
   6.8915824e-01   3.1225914e+02
   6.8892004e-01   3.1275914e+02
   6.8868221e-01   3.1325914e+02
   6.8844476e-01   3.1375914e+02
   6.8820767e-01   3.1425914e+02
   6.8797095e-01   3.1475914e+02
   6.8773461e-01   3.1525914e+02
   6.8749862e-01   3.1575914e+02
   6.8726301e-01   3.1625914e+02
   6.8702775e-01   3.1675914e+02
   6.8679286e-01   3.1725914e+02
   6.8655833e-01   3.1775914e+02
   6.8632416e-01   3.1825914e+02
   6.8609035e-01   3.1875914e+02
   6.8585689e-01   3.1925914e+02
   6.8562379e-01   3.1975914e+02
   6.8539104e-01   3.2025914e+02
   6.8515864e-01   3.2075914e+02
   6.8492659e-01   3.2125914e+02
   6.8469489e-01   3.2175914e+02
   6.8446354e-01   3.2225914e+02
   6.8423253e-01   3.2275914e+02
   6.8400187e-01   3.2325914e+02
   6.8377155e-01   3.2375914e+02
   6.8354157e-01   3.2425914e+02
   6.8331193e-01   3.2475914e+02
   6.8308263e-01   3.2525914e+02
   6.8285367e-01   3.2575914e+02
   6.8262504e-01   3.2625914e+02
   6.8239675e-01   3.2675914e+02
   6.8216879e-01   3.2725914e+02
   6.8194116e-01   3.2775914e+02
   6.8171386e-01   3.2825914e+02
   6.8148689e-01   3.2875914e+02
   6.8126024e-01   3.2925914e+02
   6.8103392e-01   3.2975914e+02
   6.8080793e-01   3.3025914e+02
   6.8058225e-01   3.3075914e+02
   6.8035690e-01   3.3125914e+02
   6.8013187e-01   3.3175914e+02
   6.7990716e-01   3.3225914e+02
   6.7968276e-01   3.3275914e+02
   6.7945868e-01   3.3325914e+02
   6.7923491e-01   3.3375914e+02
   6.7901145e-01   3.3425914e+02
   6.7878831e-01   3.3475914e+02
   6.7856547e-01   3.3525914e+02
   6.7834295e-01   3.3575914e+02
   6.7812073e-01   3.3625914e+02
   6.7789881e-01   3.3675914e+02
   6.7767720e-01   3.3725914e+02
   6.7745589e-01   3.3775914e+02
   6.7723489e-01   3.3825914e+02
   6.7701418e-01   3.3875914e+02
   6.7679377e-01   3.3925914e+02
   6.7657366e-01   3.3975914e+02
   6.7635384e-01   3.4025914e+02
   6.7613432e-01   3.4075914e+02
   6.7591509e-01   3.4125914e+02
   6.7569616e-01   3.4175914e+02
   6.7547751e-01   3.4225914e+02
   6.7525915e-01   3.4275914e+02
   6.7504108e-01   3.4325914e+02
   6.7482329e-01   3.4375914e+02
   6.7460579e-01   3.4425914e+02
   6.7438857e-01   3.4475914e+02
   6.7417163e-01   3.4525914e+02
   6.7395498e-01   3.4575914e+02
   6.7373860e-01   3.4625914e+02
   6.7352250e-01   3.4675914e+02
   6.7330668e-01   3.4725914e+02
   6.7309113e-01   3.4775914e+02
   6.7287585e-01   3.4825914e+02
   6.7266085e-01   3.4875914e+02
   6.7244612e-01   3.4925914e+02
   6.7223165e-01   3.4975914e+02
   6.7201746e-01   3.5025914e+02
   6.7180353e-01   3.5075914e+02
   6.7158986e-01   3.5125914e+02
   6.7137646e-01   3.5175914e+02
   6.7116333e-01   3.5225914e+02
   6.7095045e-01   3.5275914e+02
   6.7073783e-01   3.5325914e+02
   6.7052548e-01   3.5375914e+02
   6.7031338e-01   3.5425914e+02
   6.7010153e-01   3.5475914e+02
   6.6988994e-01   3.5525914e+02
   6.6967860e-01   3.5575914e+02
   6.6946752e-01   3.5625914e+02
   6.6925668e-01   3.5675914e+02
   6.6904610e-01   3.5725914e+02
   6.6883576e-01   3.5775914e+02
   6.6862567e-01   3.5825914e+02
   6.6841582e-01   3.5875914e+02
   6.6820622e-01   3.5925914e+02
   6.6799686e-01   3.5975914e+02
   6.6778774e-01   3.6025914e+02
   6.6757886e-01   3.6075914e+02
   6.6737021e-01   3.6125914e+02
   6.6716181e-01   3.6175914e+02
   6.6695364e-01   3.6225914e+02
   6.6674571e-01   3.6275914e+02
   6.6653801e-01   3.6325914e+02
   6.6633054e-01   3.6375914e+02
   6.6612330e-01   3.6425914e+02
   6.6591629e-01   3.6475914e+02
   6.6570951e-01   3.6525914e+02
   6.6550295e-01   3.6575914e+02
   6.6529662e-01   3.6625914e+02
   6.6509052e-01   3.6675914e+02
   6.6488464e-01   3.6725914e+02
   6.6467897e-01   3.6775914e+02
   6.6447353e-01   3.6825914e+02
   6.6426831e-01   3.6875914e+02
   6.6406330e-01   3.6925914e+02
   6.6385851e-01   3.6975914e+02
   6.6365394e-01   3.7025914e+02
   6.6344958e-01   3.7075914e+02
   6.6324543e-01   3.7125914e+02
   6.6304149e-01   3.7175914e+02
   6.6283777e-01   3.7225914e+02
   6.6263425e-01   3.7275914e+02
   6.6243094e-01   3.7325914e+02
   6.6222783e-01   3.7375914e+02
   6.6202493e-01   3.7425914e+02
   6.6182223e-01   3.7475914e+02
   6.6161973e-01   3.7525914e+02
   6.6141744e-01   3.7575914e+02
   6.6121534e-01   3.7625914e+02
   6.6101344e-01   3.7675914e+02
   6.6081174e-01   3.7725914e+02
   6.6061024e-01   3.7775914e+02
   6.6040892e-01   3.7825914e+02
   6.6020781e-01   3.7875914e+02
   6.6000688e-01   3.7925914e+02
   6.5980614e-01   3.7975914e+02
   6.5960560e-01   3.8025914e+02
   6.5940524e-01   3.8075914e+02
   6.5920507e-01   3.8125914e+02
   6.5900508e-01   3.8175914e+02
   6.5880528e-01   3.8225914e+02
   6.5860566e-01   3.8275914e+02
   6.5840622e-01   3.8325914e+02
   6.5820697e-01   3.8375914e+02
   6.5800789e-01   3.8425914e+02
   6.5780899e-01   3.8475914e+02
   6.5761027e-01   3.8525914e+02
   6.5741172e-01   3.8575914e+02
   6.5721335e-01   3.8625914e+02
   6.5701515e-01   3.8675914e+02
   6.5681712e-01   3.8725914e+02
   6.5661926e-01   3.8775914e+02
   6.5642157e-01   3.8825914e+02
   6.5622405e-01   3.8875914e+02
   6.5602670e-01   3.8925914e+02
   6.5582951e-01   3.8975914e+02
   6.5563249e-01   3.9025914e+02
   6.5543563e-01   3.9075914e+02
   6.5523893e-01   3.9125914e+02
   6.5504239e-01   3.9175914e+02
   6.5484601e-01   3.9225914e+02
   6.5464979e-01   3.9275914e+02
   6.5445372e-01   3.9325914e+02
   6.5425782e-01   3.9375914e+02
   6.5406206e-01   3.9425914e+02
   6.5386646e-01   3.9475914e+02
   6.5367101e-01   3.9525914e+02
   6.5347571e-01   3.9575914e+02
   6.5328057e-01   3.9625914e+02
   6.5308557e-01   3.9675914e+02
   6.5289071e-01   3.9725914e+02
   6.5269601e-01   3.9775914e+02
   6.5250144e-01   3.9825914e+02
   6.5230703e-01   3.9875914e+02
   6.5211275e-01   3.9925914e+02
   6.5191861e-01   3.9975914e+02
   6.5172462e-01   4.0025914e+02
   6.5153076e-01   4.0075914e+02
   6.5133704e-01   4.0125914e+02
   6.5114346e-01   4.0175914e+02
   6.5095001e-01   4.0225914e+02
   6.5075669e-01   4.0275914e+02
   6.5056351e-01   4.0325914e+02
   6.5037046e-01   4.0375914e+02
   6.5017754e-01   4.0425914e+02
   6.4998475e-01   4.0475914e+02
   6.4979209e-01   4.0525914e+02
   6.4959955e-01   4.0575914e+02
   6.4940714e-01   4.0625914e+02
   6.4921485e-01   4.0675914e+02
   6.4902269e-01   4.0725914e+02
   6.4883064e-01   4.0775914e+02
   6.4863872e-01   4.0825914e+02
   6.4844692e-01   4.0875914e+02
   6.4825523e-01   4.0925914e+02
   6.4806367e-01   4.0975914e+02
   6.4787222e-01   4.1025914e+02
   6.4768088e-01   4.1075914e+02
   6.4748966e-01   4.1125914e+02
   6.4729854e-01   4.1175914e+02
   6.4710754e-01   4.1225914e+02
   6.4691665e-01   4.1275914e+02
   6.4672587e-01   4.1325914e+02
   6.4653520e-01   4.1375914e+02
   6.4634463e-01   4.1425914e+02
   6.4615417e-01   4.1475914e+02
   6.4596381e-01   4.1525914e+02
   6.4577356e-01   4.1575914e+02
   6.4558340e-01   4.1625914e+02
   6.4539335e-01   4.1675914e+02
   6.4520340e-01   4.1725914e+02
   6.4501354e-01   4.1775914e+02
   6.4482378e-01   4.1825914e+02
   6.4463412e-01   4.1875914e+02
   6.4444455e-01   4.1925914e+02
   6.4425508e-01   4.1975914e+02
   6.4406570e-01   4.2025914e+02
   6.4387641e-01   4.2075914e+02
   6.4368721e-01   4.2125914e+02
   6.4349809e-01   4.2175914e+02
   6.4330907e-01   4.2225914e+02
   6.4312013e-01   4.2275914e+02
   6.4293128e-01   4.2325914e+02
   6.4274251e-01   4.2375914e+02
   6.4255382e-01   4.2425914e+02
   6.4236522e-01   4.2475914e+02
   6.4217670e-01   4.2525914e+02
   6.4198825e-01   4.2575914e+02
   6.4179989e-01   4.2625914e+02
   6.4161160e-01   4.2675914e+02
   6.4142339e-01   4.2725914e+02
   6.4123525e-01   4.2775914e+02
   6.4104719e-01   4.2825914e+02
   6.4085920e-01   4.2875914e+02
   6.4067128e-01   4.2925914e+02
   6.4048343e-01   4.2975914e+02
   6.4029565e-01   4.3025914e+02
   6.4010794e-01   4.3075914e+02
   6.3992030e-01   4.3125914e+02
   6.3973272e-01   4.3175914e+02
   6.3954520e-01   4.3225914e+02
   6.3935775e-01   4.3275914e+02
   6.3917036e-01   4.3325914e+02
   6.3898304e-01   4.3375914e+02
   6.3879577e-01   4.3425914e+02
   6.3860856e-01   4.3475914e+02
   6.3842141e-01   4.3525914e+02
   6.3823432e-01   4.3575914e+02
   6.3804728e-01   4.3625914e+02
   6.3786029e-01   4.3675914e+02
   6.3767336e-01   4.3725914e+02
   6.3748648e-01   4.3775914e+02
   6.3729965e-01   4.3825914e+02
   6.3711287e-01   4.3875914e+02
   6.3692614e-01   4.3925914e+02
   6.3673946e-01   4.3975914e+02
   6.3655282e-01   4.4025914e+02
   6.3636623e-01   4.4075914e+02
   6.3617969e-01   4.4125914e+02
   6.3599318e-01   4.4175914e+02
   6.3580672e-01   4.4225914e+02
   6.3562030e-01   4.4275914e+02
   6.3543392e-01   4.4325914e+02
   6.3524757e-01   4.4375914e+02
   6.3506126e-01   4.4425914e+02
   6.3487499e-01   4.4475914e+02
   6.3468876e-01   4.4525914e+02
   6.3450256e-01   4.4575914e+02
   6.3431639e-01   4.4625914e+02
   6.3413025e-01   4.4675914e+02
   6.3394414e-01   4.4725914e+02
   6.3375807e-01   4.4775914e+02
   6.3357202e-01   4.4825914e+02
   6.3338600e-01   4.4875914e+02
   6.3320000e-01   4.4925914e+02
   6.3301403e-01   4.4975914e+02
   6.3282808e-01   4.5025914e+02
   6.3264216e-01   4.5075914e+02
   6.3245625e-01   4.5125914e+02
   6.3227037e-01   4.5175914e+02
   6.3208451e-01   4.5225914e+02
   6.3189866e-01   4.5275914e+02
   6.3171283e-01   4.5325914e+02
   6.3152702e-01   4.5375914e+02
   6.3134122e-01   4.5425914e+02
   6.3115544e-01   4.5475914e+02
   6.3096967e-01   4.5525914e+02
   6.3078391e-01   4.5575914e+02
   6.3059816e-01   4.5625914e+02
   6.3041242e-01   4.5675914e+02
   6.3022669e-01   4.5725914e+02
   6.3004096e-01   4.5775914e+02
   6.2985524e-01   4.5825914e+02
   6.2966953e-01   4.5875914e+02
   6.2948382e-01   4.5925914e+02
   6.2929811e-01   4.5975914e+02
   6.2911240e-01   4.6025914e+02
   6.2892670e-01   4.6075914e+02
   6.2874099e-01   4.6125914e+02
   6.2855528e-01   4.6175914e+02
   6.2836957e-01   4.6225914e+02
   6.2818385e-01   4.6275914e+02
   6.2799813e-01   4.6325914e+02
   6.2781240e-01   4.6375914e+02
   6.2762666e-01   4.6425914e+02
   6.2744092e-01   4.6475914e+02
   6.2725517e-01   4.6525914e+02
   6.2706940e-01   4.6575914e+02
   6.2688363e-01   4.6625914e+02
   6.2669784e-01   4.6675914e+02
   6.2651203e-01   4.6725914e+02
   6.2632621e-01   4.6775914e+02
   6.2614038e-01   4.6825914e+02
   6.2595452e-01   4.6875914e+02
   6.2576865e-01   4.6925914e+02
   6.2558276e-01   4.6975914e+02
   6.2539685e-01   4.7025914e+02
   6.2521092e-01   4.7075914e+02
   6.2502496e-01   4.7125914e+02
   6.2483898e-01   4.7175914e+02
   6.2465297e-01   4.7225914e+02
   6.2446694e-01   4.7275914e+02
   6.2428088e-01   4.7325914e+02
   6.2409479e-01   4.7375914e+02
   6.2390867e-01   4.7425914e+02
   6.2372253e-01   4.7475914e+02
   6.2353635e-01   4.7525914e+02
   6.2335013e-01   4.7575914e+02
   6.2316388e-01   4.7625914e+02
   6.2297760e-01   4.7675914e+02
   6.2279128e-01   4.7725914e+02
   6.2260493e-01   4.7775914e+02
   6.2241853e-01   4.7825914e+02
   6.2223210e-01   4.7875914e+02
   6.2204562e-01   4.7925914e+02
   6.2185911e-01   4.7975914e+02
   6.2167255e-01   4.8025914e+02
   6.2148594e-01   4.8075914e+02
   6.2129930e-01   4.8125914e+02
   6.2111260e-01   4.8175914e+02
   6.2092586e-01   4.8225914e+02
   6.2073907e-01   4.8275914e+02
   6.2055223e-01   4.8325914e+02
   6.2036534e-01   4.8375914e+02
   6.2017840e-01   4.8425914e+02
   6.1999140e-01   4.8475914e+02
   6.1980435e-01   4.8525914e+02
   6.1961725e-01   4.8575914e+02
   6.1943009e-01   4.8625914e+02
   6.1924287e-01   4.8675914e+02
   6.1905559e-01   4.8725914e+02
   6.1886826e-01   4.8775914e+02
   6.1868086e-01   4.8825914e+02
   6.1849341e-01   4.8875914e+02
   6.1830589e-01   4.8925914e+02
   6.1811830e-01   4.8975914e+02
   6.1793065e-01   4.9025914e+02
   6.1774294e-01   4.9075914e+02
   6.1755516e-01   4.9125914e+02
   6.1736731e-01   4.9175914e+02
   6.1717939e-01   4.9225914e+02
   6.1699140e-01   4.9275914e+02
   6.1680334e-01   4.9325914e+02
   6.1661520e-01   4.9375914e+02
   6.1642699e-01   4.9425914e+02
   6.1623871e-01   4.9475914e+02
   6.1605035e-01   4.9525914e+02
   6.1586192e-01   4.9575914e+02
   6.1567340e-01   4.9625914e+02
   6.1548481e-01   4.9675914e+02
   6.1529613e-01   4.9725914e+02
   6.1510738e-01   4.9775914e+02
   6.1491854e-01   4.9825914e+02
   6.1472962e-01   4.9875914e+02
   6.1454061e-01   4.9925914e+02
   6.1435152e-01   4.9975914e+02
   6.1416234e-01   5.0025914e+02
   6.1397307e-01   5.0075914e+02
   6.1378372e-01   5.0125914e+02
   6.1359427e-01   5.0175914e+02
   6.1340473e-01   5.0225914e+02
   6.1321510e-01   5.0275914e+02
   6.1302537e-01   5.0325914e+02
   6.1283555e-01   5.0375914e+02
   6.1264564e-01   5.0425914e+02
   6.1245563e-01   5.0475914e+02
   6.1226551e-01   5.0525914e+02
   6.1207530e-01   5.0575914e+02
   6.1188499e-01   5.0625914e+02
   6.1169458e-01   5.0675914e+02
   6.1150407e-01   5.0725914e+02
   6.1131345e-01   5.0775914e+02
   6.1112273e-01   5.0825914e+02
   6.1093190e-01   5.0875914e+02
   6.1074096e-01   5.0925914e+02
   6.1054992e-01   5.0975914e+02
   6.1035876e-01   5.1025914e+02
   6.1016750e-01   5.1075914e+02
   6.0997613e-01   5.1125914e+02
   6.0978464e-01   5.1175914e+02
   6.0959304e-01   5.1225914e+02
   6.0940132e-01   5.1275914e+02
   6.0920949e-01   5.1325914e+02
   6.0901754e-01   5.1375914e+02
   6.0882547e-01   5.1425914e+02
   6.0863329e-01   5.1475914e+02
   6.0844098e-01   5.1525914e+02
   6.0824855e-01   5.1575914e+02
   6.0805600e-01   5.1625914e+02
   6.0786332e-01   5.1675914e+02
   6.0767052e-01   5.1725914e+02
   6.0747760e-01   5.1775914e+02
   6.0728455e-01   5.1825914e+02
   6.0709136e-01   5.1875914e+02
   6.0689805e-01   5.1925914e+02
   6.0670461e-01   5.1975914e+02
   6.0651104e-01   5.2025914e+02
   6.0631734e-01   5.2075914e+02
   6.0612350e-01   5.2125914e+02
   6.0592952e-01   5.2175914e+02
   6.0573541e-01   5.2225914e+02
   6.0554116e-01   5.2275914e+02
   6.0534678e-01   5.2325914e+02
   6.0515225e-01   5.2375914e+02
   6.0495759e-01   5.2425914e+02
   6.0476278e-01   5.2475914e+02
   6.0456783e-01   5.2525914e+02
