   2.3744462e+00   1.3365068e+00  -3.4424086e+02
   2.3717306e+00   1.3357319e+00  -3.4374086e+02
   2.3690196e+00   1.3349602e+00  -3.4324086e+02
   2.3663131e+00   1.3341917e+00  -3.4274086e+02
   2.3636110e+00   1.3334264e+00  -3.4224086e+02
   2.3609135e+00   1.3326642e+00  -3.4174086e+02
   2.3582204e+00   1.3319052e+00  -3.4124086e+02
   2.3555318e+00   1.3311493e+00  -3.4074086e+02
   2.3528476e+00   1.3303966e+00  -3.4024086e+02
   2.3501680e+00   1.3296471e+00  -3.3974086e+02
   2.3474928e+00   1.3289007e+00  -3.3924086e+02
   2.3448220e+00   1.3281574e+00  -3.3874086e+02
   2.3421558e+00   1.3274173e+00  -3.3824086e+02
   2.3394940e+00   1.3266803e+00  -3.3774086e+02
   2.3368366e+00   1.3259465e+00  -3.3724086e+02
   2.3341837e+00   1.3252158e+00  -3.3674086e+02
   2.3315352e+00   1.3244882e+00  -3.3624086e+02
   2.3288912e+00   1.3237637e+00  -3.3574086e+02
   2.3262516e+00   1.3230424e+00  -3.3524086e+02
   2.3236165e+00   1.3223242e+00  -3.3474086e+02
   2.3209858e+00   1.3216091e+00  -3.3424086e+02
   2.3183595e+00   1.3208972e+00  -3.3374086e+02
   2.3157376e+00   1.3201883e+00  -3.3324086e+02
   2.3131202e+00   1.3194826e+00  -3.3274086e+02
   2.3105072e+00   1.3187799e+00  -3.3224086e+02
   2.3078986e+00   1.3180804e+00  -3.3174086e+02
   2.3052944e+00   1.3173840e+00  -3.3124086e+02
   2.3026946e+00   1.3166907e+00  -3.3074086e+02
   2.3000992e+00   1.3160004e+00  -3.3024086e+02
   2.2975082e+00   1.3153133e+00  -3.2974086e+02
   2.2949216e+00   1.3146293e+00  -3.2924086e+02
   2.2923395e+00   1.3139483e+00  -3.2874086e+02
   2.2897617e+00   1.3132704e+00  -3.2824086e+02
   2.2871883e+00   1.3125957e+00  -3.2774086e+02
   2.2846192e+00   1.3119240e+00  -3.2724086e+02
   2.2820546e+00   1.3112553e+00  -3.2674086e+02
   2.2794943e+00   1.3105898e+00  -3.2624086e+02
   2.2769384e+00   1.3099273e+00  -3.2574086e+02
   2.2743869e+00   1.3092679e+00  -3.2524086e+02
   2.2718397e+00   1.3086115e+00  -3.2474086e+02
   2.2692969e+00   1.3079583e+00  -3.2424086e+02
   2.2667585e+00   1.3073080e+00  -3.2374086e+02
   2.2642244e+00   1.3066609e+00  -3.2324086e+02
   2.2616947e+00   1.3060168e+00  -3.2274086e+02
   2.2591693e+00   1.3053757e+00  -3.2224086e+02
   2.2566483e+00   1.3047377e+00  -3.2174086e+02
   2.2541316e+00   1.3041027e+00  -3.2124086e+02
   2.2516192e+00   1.3034708e+00  -3.2074086e+02
   2.2491112e+00   1.3028419e+00  -3.2024086e+02
   2.2466075e+00   1.3022161e+00  -3.1974086e+02
   2.2441081e+00   1.3015933e+00  -3.1924086e+02
   2.2416131e+00   1.3009735e+00  -3.1874086e+02
   2.2391224e+00   1.3003567e+00  -3.1824086e+02
   2.2366360e+00   1.2997430e+00  -3.1774086e+02
   2.2341539e+00   1.2991323e+00  -3.1724086e+02
   2.2316761e+00   1.2985247e+00  -3.1674086e+02
   2.2292026e+00   1.2979200e+00  -3.1624086e+02
   2.2267335e+00   1.2973184e+00  -3.1574086e+02
   2.2242686e+00   1.2967197e+00  -3.1524086e+02
   2.2218080e+00   1.2961241e+00  -3.1474086e+02
   2.2193517e+00   1.2955315e+00  -3.1424086e+02
   2.2168998e+00   1.2949419e+00  -3.1374086e+02
   2.2144520e+00   1.2943553e+00  -3.1324086e+02
   2.2120086e+00   1.2937716e+00  -3.1274086e+02
   2.2095695e+00   1.2931910e+00  -3.1224086e+02
   2.2071346e+00   1.2926134e+00  -3.1174086e+02
   2.2047040e+00   1.2920388e+00  -3.1124086e+02
   2.2022777e+00   1.2914671e+00  -3.1074086e+02
   2.1998556e+00   1.2908984e+00  -3.1024086e+02
   2.1974378e+00   1.2903328e+00  -3.0974086e+02
   2.1950243e+00   1.2897701e+00  -3.0924086e+02
   2.1926150e+00   1.2892103e+00  -3.0874086e+02
   2.1902100e+00   1.2886536e+00  -3.0824086e+02
   2.1878092e+00   1.2880998e+00  -3.0774086e+02
   2.1854126e+00   1.2875489e+00  -3.0724086e+02
   2.1830203e+00   1.2870011e+00  -3.0674086e+02
   2.1806323e+00   1.2864562e+00  -3.0624086e+02
   2.1782484e+00   1.2859142e+00  -3.0574086e+02
   2.1758688e+00   1.2853753e+00  -3.0524086e+02
   2.1734934e+00   1.2848392e+00  -3.0474086e+02
   2.1711223e+00   1.2843062e+00  -3.0424086e+02
   2.1687553e+00   1.2837760e+00  -3.0374086e+02
   2.1663926e+00   1.2832488e+00  -3.0324086e+02
   2.1640341e+00   1.2827246e+00  -3.0274086e+02
   2.1616798e+00   1.2822033e+00  -3.0224086e+02
   2.1593297e+00   1.2816849e+00  -3.0174086e+02
   2.1569838e+00   1.2811694e+00  -3.0124086e+02
   2.1546421e+00   1.2806569e+00  -3.0074086e+02
   2.1523047e+00   1.2801473e+00  -3.0024086e+02
   2.1499713e+00   1.2796407e+00  -2.9974086e+02
   2.1476422e+00   1.2791369e+00  -2.9924086e+02
   2.1453173e+00   1.2786361e+00  -2.9874086e+02
   2.1429965e+00   1.2781382e+00  -2.9824086e+02
   2.1406800e+00   1.2776432e+00  -2.9774086e+02
   2.1383676e+00   1.2771511e+00  -2.9724086e+02
   2.1360593e+00   1.2766620e+00  -2.9674086e+02
   2.1337553e+00   1.2761757e+00  -2.9624086e+02
   2.1314554e+00   1.2756923e+00  -2.9574086e+02
   2.1291596e+00   1.2752119e+00  -2.9524086e+02
   2.1268681e+00   1.2747343e+00  -2.9474086e+02
   2.1245806e+00   1.2742596e+00  -2.9424086e+02
   2.1222974e+00   1.2737878e+00  -2.9374086e+02
   2.1200182e+00   1.2733189e+00  -2.9324086e+02
   2.1177432e+00   1.2728529e+00  -2.9274086e+02
   2.1154724e+00   1.2723897e+00  -2.9224086e+02
   2.1132057e+00   1.2719295e+00  -2.9174086e+02
   2.1109431e+00   1.2714721e+00  -2.9124086e+02
   2.1086846e+00   1.2710176e+00  -2.9074086e+02
   2.1064303e+00   1.2705660e+00  -2.9024086e+02
   2.1041801e+00   1.2701172e+00  -2.8974086e+02
   2.1019340e+00   1.2696713e+00  -2.8924086e+02
   2.0996920e+00   1.2692282e+00  -2.8874086e+02
   2.0974542e+00   1.2687881e+00  -2.8824086e+02
   2.0952204e+00   1.2683507e+00  -2.8774086e+02
   2.0929908e+00   1.2679163e+00  -2.8724086e+02
   2.0907652e+00   1.2674846e+00  -2.8674086e+02
   2.0885438e+00   1.2670558e+00  -2.8624086e+02
   2.0863264e+00   1.2666299e+00  -2.8574086e+02
   2.0841132e+00   1.2662068e+00  -2.8524086e+02
   2.0819040e+00   1.2657866e+00  -2.8474086e+02
   2.0796989e+00   1.2653692e+00  -2.8424086e+02
   2.0774979e+00   1.2649546e+00  -2.8374086e+02
   2.0753009e+00   1.2645428e+00  -2.8324086e+02
   2.0731081e+00   1.2641339e+00  -2.8274086e+02
   2.0709193e+00   1.2637278e+00  -2.8224086e+02
   2.0687345e+00   1.2633245e+00  -2.8174086e+02
   2.0665539e+00   1.2629241e+00  -2.8124086e+02
   2.0643773e+00   1.2625264e+00  -2.8074086e+02
   2.0622047e+00   1.2621316e+00  -2.8024086e+02
   2.0600362e+00   1.2617396e+00  -2.7974086e+02
   2.0578717e+00   1.2613504e+00  -2.7924086e+02
   2.0557113e+00   1.2609640e+00  -2.7874086e+02
   2.0535550e+00   1.2605804e+00  -2.7824086e+02
   2.0514026e+00   1.2601996e+00  -2.7774086e+02
   2.0492543e+00   1.2598216e+00  -2.7724086e+02
   2.0471101e+00   1.2594464e+00  -2.7674086e+02
   2.0449698e+00   1.2590740e+00  -2.7624086e+02
   2.0428336e+00   1.2587044e+00  -2.7574086e+02
   2.0407014e+00   1.2583375e+00  -2.7524086e+02
   2.0385733e+00   1.2579735e+00  -2.7474086e+02
   2.0364491e+00   1.2576122e+00  -2.7424086e+02
   2.0343289e+00   1.2572537e+00  -2.7374086e+02
   2.0322128e+00   1.2568980e+00  -2.7324086e+02
   2.0301007e+00   1.2565450e+00  -2.7274086e+02
   2.0279925e+00   1.2561948e+00  -2.7224086e+02
   2.0258884e+00   1.2558474e+00  -2.7174086e+02
   2.0237882e+00   1.2555027e+00  -2.7124086e+02
   2.0216921e+00   1.2551608e+00  -2.7074086e+02
   2.0195999e+00   1.2548217e+00  -2.7024086e+02
   2.0175117e+00   1.2544853e+00  -2.6974086e+02
   2.0154275e+00   1.2541517e+00  -2.6924086e+02
   2.0133472e+00   1.2538208e+00  -2.6874086e+02
   2.0112710e+00   1.2534926e+00  -2.6824086e+02
   2.0091987e+00   1.2531672e+00  -2.6774086e+02
   2.0071303e+00   1.2528446e+00  -2.6724086e+02
   2.0050660e+00   1.2525246e+00  -2.6674086e+02
   2.0030055e+00   1.2522075e+00  -2.6624086e+02
   2.0009491e+00   1.2518930e+00  -2.6574086e+02
   1.9988966e+00   1.2515813e+00  -2.6524086e+02
   1.9968480e+00   1.2512723e+00  -2.6474086e+02
   1.9948034e+00   1.2509660e+00  -2.6424086e+02
   1.9927627e+00   1.2506624e+00  -2.6374086e+02
   1.9907259e+00   1.2503616e+00  -2.6324086e+02
   1.9886931e+00   1.2500635e+00  -2.6274086e+02
   1.9866643e+00   1.2497681e+00  -2.6224086e+02
   1.9846393e+00   1.2494753e+00  -2.6174086e+02
   1.9826183e+00   1.2491853e+00  -2.6124086e+02
   1.9806012e+00   1.2488981e+00  -2.6074086e+02
   1.9785880e+00   1.2486135e+00  -2.6024086e+02
   1.9765787e+00   1.2483316e+00  -2.5974086e+02
   1.9745733e+00   1.2480524e+00  -2.5924086e+02
   1.9725718e+00   1.2477758e+00  -2.5874086e+02
   1.9705743e+00   1.2475020e+00  -2.5824086e+02
   1.9685806e+00   1.2472309e+00  -2.5774086e+02
   1.9665908e+00   1.2469624e+00  -2.5724086e+02
   1.9646049e+00   1.2466967e+00  -2.5674086e+02
   1.9626229e+00   1.2464336e+00  -2.5624086e+02
   1.9606448e+00   1.2461732e+00  -2.5574086e+02
   1.9586706e+00   1.2459154e+00  -2.5524086e+02
   1.9567003e+00   1.2456603e+00  -2.5474086e+02
   1.9547338e+00   1.2454079e+00  -2.5424086e+02
   1.9527712e+00   1.2451582e+00  -2.5374086e+02
   1.9508124e+00   1.2449111e+00  -2.5324086e+02
   1.9488576e+00   1.2446667e+00  -2.5274086e+02
   1.9469065e+00   1.2444249e+00  -2.5224086e+02
   1.9449594e+00   1.2441858e+00  -2.5174086e+02
   1.9430161e+00   1.2439493e+00  -2.5124086e+02
   1.9410766e+00   1.2437155e+00  -2.5074086e+02
   1.9391410e+00   1.2434843e+00  -2.5024086e+02
   1.9372092e+00   1.2432558e+00  -2.4974086e+02
   1.9352813e+00   1.2430299e+00  -2.4924086e+02
   1.9333572e+00   1.2428066e+00  -2.4874086e+02
   1.9314370e+00   1.2425860e+00  -2.4824086e+02
   1.9295205e+00   1.2423680e+00  -2.4774086e+02
   1.9276079e+00   1.2421526e+00  -2.4724086e+02
   1.9256991e+00   1.2419398e+00  -2.4674086e+02
   1.9237942e+00   1.2417297e+00  -2.4624086e+02
   1.9218930e+00   1.2415222e+00  -2.4574086e+02
   1.9199957e+00   1.2413173e+00  -2.4524086e+02
   1.9181021e+00   1.2411150e+00  -2.4474086e+02
   1.9162124e+00   1.2409153e+00  -2.4424086e+02
   1.9143265e+00   1.2407183e+00  -2.4374086e+02
   1.9124443e+00   1.2405238e+00  -2.4324086e+02
   1.9105660e+00   1.2403319e+00  -2.4274086e+02
   1.9086915e+00   1.2401427e+00  -2.4224086e+02
   1.9068207e+00   1.2399560e+00  -2.4174086e+02
   1.9049537e+00   1.2397719e+00  -2.4124086e+02
   1.9030905e+00   1.2395904e+00  -2.4074086e+02
   1.9012311e+00   1.2394115e+00  -2.4024086e+02
   1.8993754e+00   1.2392352e+00  -2.3974086e+02
   1.8975236e+00   1.2390615e+00  -2.3924086e+02
   1.8956755e+00   1.2388903e+00  -2.3874086e+02
   1.8938311e+00   1.2387218e+00  -2.3824086e+02
   1.8919905e+00   1.2385558e+00  -2.3774086e+02
   1.8901537e+00   1.2383923e+00  -2.3724086e+02
   1.8883206e+00   1.2382315e+00  -2.3674086e+02
   1.8864913e+00   1.2380732e+00  -2.3624086e+02
   1.8846657e+00   1.2379174e+00  -2.3574086e+02
   1.8828438e+00   1.2377642e+00  -2.3524086e+02
   1.8810257e+00   1.2376136e+00  -2.3474086e+02
   1.8792113e+00   1.2374655e+00  -2.3424086e+02
   1.8774007e+00   1.2373200e+00  -2.3374086e+02
   1.8755938e+00   1.2371770e+00  -2.3324086e+02
   1.8737906e+00   1.2370366e+00  -2.3274086e+02
   1.8719911e+00   1.2368987e+00  -2.3224086e+02
   1.8701953e+00   1.2367634e+00  -2.3174086e+02
   1.8684033e+00   1.2366306e+00  -2.3124086e+02
   1.8666149e+00   1.2365003e+00  -2.3074086e+02
   1.8648303e+00   1.2363725e+00  -2.3024086e+02
   1.8630494e+00   1.2362473e+00  -2.2974086e+02
   1.8612722e+00   1.2361246e+00  -2.2924086e+02
   1.8594986e+00   1.2360044e+00  -2.2874086e+02
   1.8577288e+00   1.2358868e+00  -2.2824086e+02
   1.8559627e+00   1.2357716e+00  -2.2774086e+02
   1.8542002e+00   1.2356590e+00  -2.2724086e+02
   1.8524414e+00   1.2355489e+00  -2.2674086e+02
   1.8506863e+00   1.2354413e+00  -2.2624086e+02
   1.8489349e+00   1.2353362e+00  -2.2574086e+02
   1.8471871e+00   1.2352336e+00  -2.2524086e+02
   1.8454430e+00   1.2351335e+00  -2.2474086e+02
   1.8437026e+00   1.2350359e+00  -2.2424086e+02
   1.8419659e+00   1.2349408e+00  -2.2374086e+02
   1.8402328e+00   1.2348482e+00  -2.2324086e+02
   1.8385033e+00   1.2347580e+00  -2.2274086e+02
   1.8367775e+00   1.2346704e+00  -2.2224086e+02
   1.8350554e+00   1.2345852e+00  -2.2174086e+02
   1.8333368e+00   1.2345025e+00  -2.2124086e+02
   1.8316220e+00   1.2344223e+00  -2.2074086e+02
   1.8299107e+00   1.2343446e+00  -2.2024086e+02
   1.8282032e+00   1.2342693e+00  -2.1974086e+02
   1.8264992e+00   1.2341965e+00  -2.1924086e+02
   1.8247988e+00   1.2341262e+00  -2.1874086e+02
   1.8231021e+00   1.2340583e+00  -2.1824086e+02
   1.8214090e+00   1.2339929e+00  -2.1774086e+02
   1.8197195e+00   1.2339300e+00  -2.1724086e+02
   1.8180337e+00   1.2338695e+00  -2.1674086e+02
   1.8163514e+00   1.2338114e+00  -2.1624086e+02
   1.8146727e+00   1.2337558e+00  -2.1574086e+02
   1.8129977e+00   1.2337027e+00  -2.1524086e+02
   1.8113262e+00   1.2336520e+00  -2.1474086e+02
   1.8096584e+00   1.2336037e+00  -2.1424086e+02
   1.8079941e+00   1.2335579e+00  -2.1374086e+02
   1.8063334e+00   1.2335145e+00  -2.1324086e+02
   1.8046763e+00   1.2334735e+00  -2.1274086e+02
   1.8030228e+00   1.2334350e+00  -2.1224086e+02
   1.8013729e+00   1.2333989e+00  -2.1174086e+02
   1.7997265e+00   1.2333652e+00  -2.1124086e+02
   1.7980837e+00   1.2333339e+00  -2.1074086e+02
   1.7964445e+00   1.2333051e+00  -2.1024086e+02
   1.7948088e+00   1.2332786e+00  -2.0974086e+02
   1.7931767e+00   1.2332546e+00  -2.0924086e+02
   1.7915481e+00   1.2332330e+00  -2.0874086e+02
   1.7899232e+00   1.2332138e+00  -2.0824086e+02
   1.7883017e+00   1.2331970e+00  -2.0774086e+02
   1.7866838e+00   1.2331826e+00  -2.0724086e+02
   1.7850694e+00   1.2331706e+00  -2.0674086e+02
   1.7834586e+00   1.2331609e+00  -2.0624086e+02
   1.7818513e+00   1.2331537e+00  -2.0574086e+02
   1.7802476e+00   1.2331489e+00  -2.0524086e+02
   1.7786474e+00   1.2331464e+00  -2.0474086e+02
   1.7770507e+00   1.2331464e+00  -2.0424086e+02
   1.7754575e+00   1.2331487e+00  -2.0374086e+02
   1.7738678e+00   1.2331534e+00  -2.0324086e+02
   1.7722817e+00   1.2331604e+00  -2.0274086e+02
   1.7706991e+00   1.2331699e+00  -2.0224086e+02
   1.7691199e+00   1.2331817e+00  -2.0174086e+02
   1.7675443e+00   1.2331959e+00  -2.0124086e+02
   1.7659722e+00   1.2332124e+00  -2.0074086e+02
   1.7644036e+00   1.2332313e+00  -2.0024086e+02
   1.7628384e+00   1.2332526e+00  -1.9974086e+02
   1.7612768e+00   1.2332762e+00  -1.9924086e+02
   1.7597186e+00   1.2333021e+00  -1.9874086e+02
   1.7581640e+00   1.2333304e+00  -1.9824086e+02
   1.7566128e+00   1.2333611e+00  -1.9774086e+02
   1.7550651e+00   1.2333941e+00  -1.9724086e+02
   1.7535208e+00   1.2334294e+00  -1.9674086e+02
   1.7519801e+00   1.2334671e+00  -1.9624086e+02
   1.7504427e+00   1.2335071e+00  -1.9574086e+02
   1.7489089e+00   1.2335495e+00  -1.9524086e+02
   1.7473785e+00   1.2335942e+00  -1.9474086e+02
   1.7458516e+00   1.2336412e+00  -1.9424086e+02
   1.7443281e+00   1.2336905e+00  -1.9374086e+02
   1.7428081e+00   1.2337421e+00  -1.9324086e+02
   1.7412915e+00   1.2337961e+00  -1.9274086e+02
   1.7397783e+00   1.2338524e+00  -1.9224086e+02
   1.7382686e+00   1.2339110e+00  -1.9174086e+02
   1.7367624e+00   1.2339719e+00  -1.9124086e+02
   1.7352595e+00   1.2340351e+00  -1.9074086e+02
   1.7337601e+00   1.2341006e+00  -1.9024086e+02
   1.7322641e+00   1.2341684e+00  -1.8974086e+02
   1.7307715e+00   1.2342385e+00  -1.8924086e+02
   1.7292824e+00   1.2343110e+00  -1.8874086e+02
   1.7277967e+00   1.2343857e+00  -1.8824086e+02
   1.7263143e+00   1.2344627e+00  -1.8774086e+02
   1.7248354e+00   1.2345419e+00  -1.8724086e+02
   1.7233599e+00   1.2346235e+00  -1.8674086e+02
   1.7218878e+00   1.2347073e+00  -1.8624086e+02
   1.7204190e+00   1.2347935e+00  -1.8574086e+02
   1.7189537e+00   1.2348819e+00  -1.8524086e+02
   1.7174918e+00   1.2349725e+00  -1.8474086e+02
   1.7160332e+00   1.2350655e+00  -1.8424086e+02
   1.7145780e+00   1.2351607e+00  -1.8374086e+02
   1.7131262e+00   1.2352581e+00  -1.8324086e+02
   1.7116778e+00   1.2353579e+00  -1.8274086e+02
   1.7102328e+00   1.2354599e+00  -1.8224086e+02
   1.7087911e+00   1.2355641e+00  -1.8174086e+02
   1.7073527e+00   1.2356706e+00  -1.8124086e+02
   1.7059178e+00   1.2357794e+00  -1.8074086e+02
   1.7044862e+00   1.2358904e+00  -1.8024086e+02
   1.7030579e+00   1.2360036e+00  -1.7974086e+02
   1.7016330e+00   1.2361191e+00  -1.7924086e+02
   1.7002115e+00   1.2362368e+00  -1.7874086e+02
   1.6987933e+00   1.2363568e+00  -1.7824086e+02
   1.6973784e+00   1.2364790e+00  -1.7774086e+02
   1.6959669e+00   1.2366034e+00  -1.7724086e+02
   1.6945587e+00   1.2367300e+00  -1.7674086e+02
   1.6931538e+00   1.2368589e+00  -1.7624086e+02
   1.6917523e+00   1.2369900e+00  -1.7574086e+02
   1.6903541e+00   1.2371233e+00  -1.7524086e+02
   1.6889592e+00   1.2372588e+00  -1.7474086e+02
   1.6875676e+00   1.2373966e+00  -1.7424086e+02
   1.6861793e+00   1.2375365e+00  -1.7374086e+02
   1.6847944e+00   1.2376787e+00  -1.7324086e+02
   1.6834127e+00   1.2378231e+00  -1.7274086e+02
   1.6820344e+00   1.2379696e+00  -1.7224086e+02
   1.6806593e+00   1.2381184e+00  -1.7174086e+02
   1.6792875e+00   1.2382694e+00  -1.7124086e+02
   1.6779191e+00   1.2384225e+00  -1.7074086e+02
   1.6765539e+00   1.2385779e+00  -1.7024086e+02
   1.6751920e+00   1.2387354e+00  -1.6974086e+02
   1.6738334e+00   1.2388951e+00  -1.6924086e+02
   1.6724780e+00   1.2390570e+00  -1.6874086e+02
   1.6711260e+00   1.2392211e+00  -1.6824086e+02
   1.6697772e+00   1.2393874e+00  -1.6774086e+02
   1.6684316e+00   1.2395558e+00  -1.6724086e+02
   1.6670894e+00   1.2397264e+00  -1.6674086e+02
   1.6657504e+00   1.2398992e+00  -1.6624086e+02
   1.6644146e+00   1.2400741e+00  -1.6574086e+02
   1.6630821e+00   1.2402512e+00  -1.6524086e+02
   1.6617529e+00   1.2404305e+00  -1.6474086e+02
   1.6604269e+00   1.2406119e+00  -1.6424086e+02
   1.6591041e+00   1.2407955e+00  -1.6374086e+02
   1.6577846e+00   1.2409812e+00  -1.6324086e+02
   1.6564683e+00   1.2411690e+00  -1.6274086e+02
   1.6551552e+00   1.2413591e+00  -1.6224086e+02
   1.6538454e+00   1.2415512e+00  -1.6174086e+02
   1.6525388e+00   1.2417455e+00  -1.6124086e+02
   1.6512354e+00   1.2419419e+00  -1.6074086e+02
   1.6499353e+00   1.2421405e+00  -1.6024086e+02
   1.6486383e+00   1.2423412e+00  -1.5974086e+02
   1.6473446e+00   1.2425440e+00  -1.5924086e+02
   1.6460541e+00   1.2427490e+00  -1.5874086e+02
   1.6447667e+00   1.2429560e+00  -1.5824086e+02
   1.6434826e+00   1.2431652e+00  -1.5774086e+02
   1.6422017e+00   1.2433765e+00  -1.5724086e+02
   1.6409240e+00   1.2435900e+00  -1.5674086e+02
   1.6396494e+00   1.2438055e+00  -1.5624086e+02
   1.6383781e+00   1.2440231e+00  -1.5574086e+02
   1.6371099e+00   1.2442429e+00  -1.5524086e+02
   1.6358449e+00   1.2444647e+00  -1.5474086e+02
   1.6345831e+00   1.2446887e+00  -1.5424086e+02
   1.6333244e+00   1.2449147e+00  -1.5374086e+02
   1.6320690e+00   1.2451429e+00  -1.5324086e+02
   1.6308166e+00   1.2453731e+00  -1.5274086e+02
   1.6295675e+00   1.2456054e+00  -1.5224086e+02
   1.6283215e+00   1.2458398e+00  -1.5174086e+02
   1.6270787e+00   1.2460763e+00  -1.5124086e+02
   1.6258390e+00   1.2463149e+00  -1.5074086e+02
   1.6246024e+00   1.2465556e+00  -1.5024086e+02
   1.6233691e+00   1.2467983e+00  -1.4974086e+02
   1.6221388e+00   1.2470431e+00  -1.4924086e+02
   1.6209117e+00   1.2472899e+00  -1.4874086e+02
   1.6196877e+00   1.2475389e+00  -1.4824086e+02
   1.6184669e+00   1.2477899e+00  -1.4774086e+02
   1.6172492e+00   1.2480429e+00  -1.4724086e+02
   1.6160346e+00   1.2482980e+00  -1.4674086e+02
   1.6148231e+00   1.2485552e+00  -1.4624086e+02
   1.6136147e+00   1.2488144e+00  -1.4574086e+02
   1.6124095e+00   1.2490757e+00  -1.4524086e+02
   1.6112073e+00   1.2493390e+00  -1.4474086e+02
   1.6100083e+00   1.2496043e+00  -1.4424086e+02
   1.6088124e+00   1.2498717e+00  -1.4374086e+02
   1.6076196e+00   1.2501412e+00  -1.4324086e+02
   1.6064298e+00   1.2504126e+00  -1.4274086e+02
   1.6052432e+00   1.2506861e+00  -1.4224086e+02
   1.6040596e+00   1.2509617e+00  -1.4174086e+02
   1.6028792e+00   1.2512392e+00  -1.4124086e+02
   1.6017018e+00   1.2515188e+00  -1.4074086e+02
   1.6005275e+00   1.2518004e+00  -1.4024086e+02
   1.5993562e+00   1.2520840e+00  -1.3974086e+02
   1.5981881e+00   1.2523696e+00  -1.3924086e+02
   1.5970230e+00   1.2526573e+00  -1.3874086e+02
   1.5958610e+00   1.2529469e+00  -1.3824086e+02
   1.5947020e+00   1.2532386e+00  -1.3774086e+02
   1.5935461e+00   1.2535323e+00  -1.3724086e+02
   1.5923932e+00   1.2538279e+00  -1.3674086e+02
   1.5912434e+00   1.2541256e+00  -1.3624086e+02
   1.5900967e+00   1.2544252e+00  -1.3574086e+02
   1.5889530e+00   1.2547269e+00  -1.3524086e+02
   1.5878123e+00   1.2550305e+00  -1.3474086e+02
   1.5866747e+00   1.2553362e+00  -1.3424086e+02
   1.5855400e+00   1.2556438e+00  -1.3374086e+02
   1.5844085e+00   1.2559534e+00  -1.3324086e+02
   1.5832799e+00   1.2562649e+00  -1.3274086e+02
   1.5821544e+00   1.2565785e+00  -1.3224086e+02
   1.5810319e+00   1.2568940e+00  -1.3174086e+02
   1.5799124e+00   1.2572115e+00  -1.3124086e+02
   1.5787959e+00   1.2575309e+00  -1.3074086e+02
   1.5776824e+00   1.2578523e+00  -1.3024086e+02
   1.5765720e+00   1.2581757e+00  -1.2974086e+02
   1.5754645e+00   1.2585011e+00  -1.2924086e+02
   1.5743600e+00   1.2588284e+00  -1.2874086e+02
   1.5732586e+00   1.2591576e+00  -1.2824086e+02
   1.5721601e+00   1.2594888e+00  -1.2774086e+02
   1.5710646e+00   1.2598219e+00  -1.2724086e+02
   1.5699721e+00   1.2601570e+00  -1.2674086e+02
   1.5688826e+00   1.2604940e+00  -1.2624086e+02
   1.5677960e+00   1.2608330e+00  -1.2574086e+02
   1.5667124e+00   1.2611739e+00  -1.2524086e+02
   1.5656318e+00   1.2615167e+00  -1.2474086e+02
   1.5645542e+00   1.2618615e+00  -1.2424086e+02
   1.5634795e+00   1.2622082e+00  -1.2374086e+02
   1.5624078e+00   1.2625568e+00  -1.2324086e+02
   1.5613390e+00   1.2629074e+00  -1.2274086e+02
   1.5602732e+00   1.2632598e+00  -1.2224086e+02
   1.5592104e+00   1.2636142e+00  -1.2174086e+02
   1.5581504e+00   1.2639705e+00  -1.2124086e+02
   1.5570935e+00   1.2643287e+00  -1.2074086e+02
   1.5560394e+00   1.2646888e+00  -1.2024086e+02
   1.5549883e+00   1.2650508e+00  -1.1974086e+02
   1.5539402e+00   1.2654147e+00  -1.1924086e+02
   1.5528949e+00   1.2657805e+00  -1.1874086e+02
   1.5518526e+00   1.2661482e+00  -1.1824086e+02
   1.5508132e+00   1.2665178e+00  -1.1774086e+02
   1.5497767e+00   1.2668893e+00  -1.1724086e+02
   1.5487432e+00   1.2672626e+00  -1.1674086e+02
   1.5477125e+00   1.2676379e+00  -1.1624086e+02
   1.5466848e+00   1.2680150e+00  -1.1574086e+02
   1.5456600e+00   1.2683940e+00  -1.1524086e+02
   1.5446380e+00   1.2687749e+00  -1.1474086e+02
   1.5436190e+00   1.2691577e+00  -1.1424086e+02
   1.5426028e+00   1.2695424e+00  -1.1374086e+02
   1.5415896e+00   1.2699289e+00  -1.1324086e+02
   1.5405792e+00   1.2703172e+00  -1.1274086e+02
   1.5395717e+00   1.2707075e+00  -1.1224086e+02
   1.5385671e+00   1.2710996e+00  -1.1174086e+02
   1.5375654e+00   1.2714935e+00  -1.1124086e+02
   1.5365665e+00   1.2718893e+00  -1.1074086e+02
   1.5355705e+00   1.2722870e+00  -1.1024086e+02
   1.5345774e+00   1.2726865e+00  -1.0974086e+02
   1.5335871e+00   1.2730878e+00  -1.0924086e+02
   1.5325997e+00   1.2734910e+00  -1.0874086e+02
   1.5316152e+00   1.2738960e+00  -1.0824086e+02
   1.5306335e+00   1.2743029e+00  -1.0774086e+02
   1.5296546e+00   1.2747116e+00  -1.0724086e+02
   1.5286786e+00   1.2751221e+00  -1.0674086e+02
   1.5277054e+00   1.2755345e+00  -1.0624086e+02
   1.5267351e+00   1.2759486e+00  -1.0574086e+02
   1.5257676e+00   1.2763646e+00  -1.0524086e+02
   1.5248030e+00   1.2767825e+00  -1.0474086e+02
   1.5238411e+00   1.2772021e+00  -1.0424086e+02
   1.5228821e+00   1.2776236e+00  -1.0374086e+02
   1.5219259e+00   1.2780468e+00  -1.0324086e+02
   1.5209725e+00   1.2784719e+00  -1.0274086e+02
   1.5200220e+00   1.2788988e+00  -1.0224086e+02
   1.5190742e+00   1.2793275e+00  -1.0174086e+02
   1.5181293e+00   1.2797579e+00  -1.0124086e+02
   1.5171871e+00   1.2801902e+00  -1.0074086e+02
   1.5162478e+00   1.2806243e+00  -1.0024086e+02
   1.5153112e+00   1.2810602e+00  -9.9740863e+01
   1.5143775e+00   1.2814978e+00  -9.9240863e+01
   1.5134465e+00   1.2819372e+00  -9.8740863e+01
   1.5125183e+00   1.2823785e+00  -9.8240863e+01
   1.5115929e+00   1.2828215e+00  -9.7740863e+01
   1.5106703e+00   1.2832662e+00  -9.7240863e+01
   1.5097505e+00   1.2837128e+00  -9.6740863e+01
   1.5088334e+00   1.2841611e+00  -9.6240863e+01
   1.5079191e+00   1.2846112e+00  -9.5740863e+01
   1.5070075e+00   1.2850630e+00  -9.5240863e+01
   1.5060987e+00   1.2855167e+00  -9.4740863e+01
   1.5051927e+00   1.2859720e+00  -9.4240863e+01
   1.5042894e+00   1.2864292e+00  -9.3740863e+01
   1.5033889e+00   1.2868881e+00  -9.3240863e+01
   1.5024911e+00   1.2873487e+00  -9.2740863e+01
   1.5015961e+00   1.2878111e+00  -9.2240863e+01
   1.5007038e+00   1.2882752e+00  -9.1740863e+01
   1.4998142e+00   1.2887411e+00  -9.1240863e+01
   1.4989274e+00   1.2892087e+00  -9.0740863e+01
   1.4980433e+00   1.2896781e+00  -9.0240863e+01
   1.4971620e+00   1.2901492e+00  -8.9740863e+01
   1.4962833e+00   1.2906220e+00  -8.9240863e+01
   1.4954074e+00   1.2910966e+00  -8.8740863e+01
   1.4945342e+00   1.2915728e+00  -8.8240863e+01
   1.4936637e+00   1.2920508e+00  -8.7740863e+01
   1.4927959e+00   1.2925306e+00  -8.7240863e+01
   1.4919308e+00   1.2930120e+00  -8.6740863e+01
   1.4910684e+00   1.2934951e+00  -8.6240863e+01
   1.4902087e+00   1.2939800e+00  -8.5740863e+01
   1.4893517e+00   1.2944666e+00  -8.5240863e+01
   1.4884974e+00   1.2949549e+00  -8.4740863e+01
   1.4876458e+00   1.2954448e+00  -8.4240863e+01
   1.4867969e+00   1.2959365e+00  -8.3740863e+01
   1.4859506e+00   1.2964299e+00  -8.3240863e+01
   1.4851070e+00   1.2969250e+00  -8.2740863e+01
   1.4842661e+00   1.2974218e+00  -8.2240863e+01
   1.4834279e+00   1.2979202e+00  -8.1740863e+01
   1.4825923e+00   1.2984204e+00  -8.1240863e+01
   1.4817594e+00   1.2989222e+00  -8.0740863e+01
   1.4809292e+00   1.2994257e+00  -8.0240863e+01
   1.4801016e+00   1.2999309e+00  -7.9740863e+01
   1.4792767e+00   1.3004377e+00  -7.9240863e+01
   1.4784544e+00   1.3009463e+00  -7.8740863e+01
   1.4776348e+00   1.3014565e+00  -7.8240863e+01
   1.4768178e+00   1.3019683e+00  -7.7740863e+01
   1.4760034e+00   1.3024819e+00  -7.7240863e+01
   1.4751917e+00   1.3029971e+00  -7.6740863e+01
   1.4743826e+00   1.3035139e+00  -7.6240863e+01
   1.4735761e+00   1.3040324e+00  -7.5740863e+01
   1.4727723e+00   1.3045526e+00  -7.5240863e+01
   1.4719711e+00   1.3050744e+00  -7.4740863e+01
   1.4711725e+00   1.3055979e+00  -7.4240863e+01
   1.4703765e+00   1.3061230e+00  -7.3740863e+01
   1.4695831e+00   1.3066497e+00  -7.3240863e+01
   1.4687923e+00   1.3071781e+00  -7.2740863e+01
   1.4680042e+00   1.3077081e+00  -7.2240863e+01
   1.4672186e+00   1.3082397e+00  -7.1740863e+01
   1.4664357e+00   1.3087730e+00  -7.1240863e+01
   1.4656553e+00   1.3093079e+00  -7.0740863e+01
   1.4648775e+00   1.3098444e+00  -7.0240863e+01
   1.4641023e+00   1.3103826e+00  -6.9740863e+01
   1.4633297e+00   1.3109224e+00  -6.9240863e+01
   1.4625597e+00   1.3114637e+00  -6.8740863e+01
   1.4617922e+00   1.3120067e+00  -6.8240863e+01
   1.4610273e+00   1.3125513e+00  -6.7740863e+01
   1.4602650e+00   1.3130975e+00  -6.7240863e+01
   1.4595052e+00   1.3136454e+00  -6.6740863e+01
   1.4587480e+00   1.3141948e+00  -6.6240863e+01
   1.4579934e+00   1.3147458e+00  -6.5740863e+01
   1.4572413e+00   1.3152984e+00  -6.5240863e+01
   1.4564918e+00   1.3158526e+00  -6.4740863e+01
   1.4557448e+00   1.3164084e+00  -6.4240863e+01
   1.4550004e+00   1.3169658e+00  -6.3740863e+01
   1.4542585e+00   1.3175248e+00  -6.3240863e+01
   1.4535191e+00   1.3180853e+00  -6.2740863e+01
   1.4527823e+00   1.3186474e+00  -6.2240863e+01
   1.4520480e+00   1.3192111e+00  -6.1740863e+01
   1.4513163e+00   1.3197764e+00  -6.1240863e+01
   1.4505870e+00   1.3203433e+00  -6.0740863e+01
   1.4498603e+00   1.3209117e+00  -6.0240863e+01
   1.4491361e+00   1.3214816e+00  -5.9740863e+01
   1.4484144e+00   1.3220532e+00  -5.9240863e+01
   1.4476952e+00   1.3226263e+00  -5.8740863e+01
   1.4469786e+00   1.3232009e+00  -5.8240863e+01
   1.4462644e+00   1.3237771e+00  -5.7740863e+01
   1.4455527e+00   1.3243549e+00  -5.7240863e+01
   1.4448435e+00   1.3249342e+00  -5.6740863e+01
   1.4441368e+00   1.3255151e+00  -5.6240863e+01
   1.4434326e+00   1.3260974e+00  -5.5740863e+01
   1.4427309e+00   1.3266814e+00  -5.5240863e+01
   1.4420317e+00   1.3272668e+00  -5.4740863e+01
   1.4413349e+00   1.3278538e+00  -5.4240863e+01
   1.4406407e+00   1.3284424e+00  -5.3740863e+01
   1.4399489e+00   1.3290324e+00  -5.3240863e+01
   1.4392595e+00   1.3296240e+00  -5.2740863e+01
   1.4385726e+00   1.3302171e+00  -5.2240863e+01
   1.4378882e+00   1.3308118e+00  -5.1740863e+01
   1.4372063e+00   1.3314079e+00  -5.1240863e+01
   1.4365268e+00   1.3320055e+00  -5.0740863e+01
   1.4358497e+00   1.3326047e+00  -5.0240863e+01
   1.4351751e+00   1.3332054e+00  -4.9740863e+01
   1.4345029e+00   1.3338076e+00  -4.9240863e+01
   1.4338332e+00   1.3344112e+00  -4.8740863e+01
   1.4331659e+00   1.3350164e+00  -4.8240863e+01
   1.4325011e+00   1.3356231e+00  -4.7740863e+01
   1.4318386e+00   1.3362313e+00  -4.7240863e+01
   1.4311786e+00   1.3368409e+00  -4.6740863e+01
   1.4305211e+00   1.3374521e+00  -4.6240863e+01
   1.4298659e+00   1.3380647e+00  -4.5740863e+01
   1.4292131e+00   1.3386788e+00  -4.5240863e+01
   1.4285628e+00   1.3392944e+00  -4.4740863e+01
   1.4279149e+00   1.3399115e+00  -4.4240863e+01
   1.4272694e+00   1.3405301e+00  -4.3740863e+01
   1.4266263e+00   1.3411501e+00  -4.3240863e+01
   1.4259855e+00   1.3417716e+00  -4.2740863e+01
   1.4253472e+00   1.3423945e+00  -4.2240863e+01
   1.4247113e+00   1.3430189e+00  -4.1740863e+01
   1.4240777e+00   1.3436448e+00  -4.1240863e+01
   1.4234466e+00   1.3442721e+00  -4.0740863e+01
   1.4228178e+00   1.3449009e+00  -4.0240863e+01
   1.4221914e+00   1.3455312e+00  -3.9740863e+01
   1.4215673e+00   1.3461628e+00  -3.9240863e+01
   1.4209457e+00   1.3467960e+00  -3.8740863e+01
   1.4203264e+00   1.3474305e+00  -3.8240863e+01
   1.4197094e+00   1.3480666e+00  -3.7740863e+01
   1.4190949e+00   1.3487040e+00  -3.7240863e+01
   1.4184826e+00   1.3493429e+00  -3.6740863e+01
   1.4178728e+00   1.3499832e+00  -3.6240863e+01
   1.4172652e+00   1.3506250e+00  -3.5740863e+01
   1.4166601e+00   1.3512681e+00  -3.5240863e+01
   1.4160572e+00   1.3519127e+00  -3.4740863e+01
   1.4154568e+00   1.3525587e+00  -3.4240863e+01
   1.4148586e+00   1.3532062e+00  -3.3740863e+01
   1.4142628e+00   1.3538550e+00  -3.3240863e+01
   1.4136693e+00   1.3545053e+00  -3.2740863e+01
   1.4130781e+00   1.3551569e+00  -3.2240863e+01
   1.4124892e+00   1.3558100e+00  -3.1740863e+01
   1.4119027e+00   1.3564645e+00  -3.1240863e+01
   1.4113185e+00   1.3571203e+00  -3.0740863e+01
   1.4107366e+00   1.3577776e+00  -3.0240863e+01
   1.4101570e+00   1.3584363e+00  -2.9740863e+01
   1.4095797e+00   1.3590963e+00  -2.9240863e+01
   1.4090047e+00   1.3597578e+00  -2.8740863e+01
   1.4084320e+00   1.3604206e+00  -2.8240863e+01
   1.4078616e+00   1.3610848e+00  -2.7740863e+01
   1.4072934e+00   1.3617504e+00  -2.7240863e+01
   1.4067276e+00   1.3624174e+00  -2.6740863e+01
   1.4061641e+00   1.3630858e+00  -2.6240863e+01
   1.4056028e+00   1.3637555e+00  -2.5740863e+01
   1.4050438e+00   1.3644266e+00  -2.5240863e+01
   1.4044871e+00   1.3650990e+00  -2.4740863e+01
   1.4039326e+00   1.3657728e+00  -2.4240863e+01
   1.4033804e+00   1.3664480e+00  -2.3740863e+01
   1.4028305e+00   1.3671246e+00  -2.3240863e+01
   1.4022828e+00   1.3678025e+00  -2.2740863e+01
   1.4017374e+00   1.3684817e+00  -2.2240863e+01
   1.4011942e+00   1.3691623e+00  -2.1740863e+01
   1.4006533e+00   1.3698442e+00  -2.1240863e+01
   1.4001147e+00   1.3705275e+00  -2.0740863e+01
   1.3995782e+00   1.3712121e+00  -2.0240863e+01
   1.3990440e+00   1.3718981e+00  -1.9740863e+01
   1.3985121e+00   1.3725854e+00  -1.9240863e+01
   1.3979823e+00   1.3732740e+00  -1.8740863e+01
   1.3974548e+00   1.3739640e+00  -1.8240863e+01
   1.3969296e+00   1.3746553e+00  -1.7740863e+01
   1.3964065e+00   1.3753479e+00  -1.7240863e+01
   1.3958857e+00   1.3760418e+00  -1.6740863e+01
   1.3953670e+00   1.3767371e+00  -1.6240863e+01
   1.3948506e+00   1.3774336e+00  -1.5740863e+01
   1.3943364e+00   1.3781315e+00  -1.5240863e+01
   1.3938244e+00   1.3788307e+00  -1.4740863e+01
   1.3933146e+00   1.3795312e+00  -1.4240863e+01
   1.3928069e+00   1.3802330e+00  -1.3740863e+01
   1.3923015e+00   1.3809361e+00  -1.3240863e+01
   1.3917983e+00   1.3816405e+00  -1.2740863e+01
   1.3912972e+00   1.3823462e+00  -1.2240863e+01
   1.3907983e+00   1.3830532e+00  -1.1740863e+01
   1.3903016e+00   1.3837614e+00  -1.1240863e+01
   1.3898071e+00   1.3844710e+00  -1.0740863e+01
   1.3893148e+00   1.3851818e+00  -1.0240863e+01
   1.3888246e+00   1.3858940e+00  -9.7408629e+00
   1.3883366e+00   1.3866074e+00  -9.2408629e+00
   1.3878507e+00   1.3873221e+00  -8.7408629e+00
   1.3873670e+00   1.3880380e+00  -8.2408629e+00
   1.3868855e+00   1.3887552e+00  -7.7408629e+00
   1.3864061e+00   1.3894737e+00  -7.2408629e+00
   1.3859288e+00   1.3901935e+00  -6.7408629e+00
   1.3854537e+00   1.3909145e+00  -6.2408629e+00
   1.3849808e+00   1.3916368e+00  -5.7408629e+00
   1.3845099e+00   1.3923603e+00  -5.2408629e+00
   1.3840412e+00   1.3930851e+00  -4.7408629e+00
   1.3835747e+00   1.3938111e+00  -4.2408629e+00
   1.3831102e+00   1.3945384e+00  -3.7408629e+00
   1.3826479e+00   1.3952669e+00  -3.2408629e+00
   1.3821877e+00   1.3959967e+00  -2.7408629e+00
   1.3817296e+00   1.3967277e+00  -2.2408629e+00
   1.3812736e+00   1.3974599e+00  -1.7408629e+00
   1.3808198e+00   1.3981934e+00  -1.2408629e+00
   1.3803680e+00   1.3989281e+00  -7.4086289e-01
   1.3799183e+00   1.3996641e+00  -2.4086289e-01
   1.3794708e+00   1.4004012e+00   2.5913711e-01
   1.3790253e+00   1.4011396e+00   7.5913711e-01
   1.3785819e+00   1.4018792e+00   1.2591371e+00
   1.3781406e+00   1.4026200e+00   1.7591371e+00
   1.3777014e+00   1.4033620e+00   2.2591371e+00
   1.3772643e+00   1.4041053e+00   2.7591371e+00
   1.3768292e+00   1.4048497e+00   3.2591371e+00
   1.3763962e+00   1.4055954e+00   3.7591371e+00
   1.3759653e+00   1.4063422e+00   4.2591371e+00
   1.3755365e+00   1.4070903e+00   4.7591371e+00
   1.3751097e+00   1.4078395e+00   5.2591371e+00
   1.3746850e+00   1.4085900e+00   5.7591371e+00
   1.3742623e+00   1.4093416e+00   6.2591371e+00
   1.3738417e+00   1.4100944e+00   6.7591371e+00
   1.3734232e+00   1.4108484e+00   7.2591371e+00
   1.3730066e+00   1.4116036e+00   7.7591371e+00
   1.3725922e+00   1.4123600e+00   8.2591371e+00
   1.3721797e+00   1.4131175e+00   8.7591371e+00
   1.3717693e+00   1.4138762e+00   9.2591371e+00
   1.3713609e+00   1.4146361e+00   9.7591371e+00
   1.3709546e+00   1.4153972e+00   1.0259137e+01
   1.3705503e+00   1.4161594e+00   1.0759137e+01
   1.3701480e+00   1.4169228e+00   1.1259137e+01
   1.3697477e+00   1.4176873e+00   1.1759137e+01
   1.3693494e+00   1.4184530e+00   1.2259137e+01
   1.3689532e+00   1.4192199e+00   1.2759137e+01
   1.3685589e+00   1.4199879e+00   1.3259137e+01
   1.3681667e+00   1.4207570e+00   1.3759137e+01
   1.3677764e+00   1.4215273e+00   1.4259137e+01
   1.3673882e+00   1.4222987e+00   1.4759137e+01
   1.3670019e+00   1.4230713e+00   1.5259137e+01
   1.3666177e+00   1.4238450e+00   1.5759137e+01
   1.3662354e+00   1.4246199e+00   1.6259137e+01
   1.3658551e+00   1.4253959e+00   1.6759137e+01
   1.3654768e+00   1.4261730e+00   1.7259137e+01
   1.3651004e+00   1.4269512e+00   1.7759137e+01
   1.3647260e+00   1.4277306e+00   1.8259137e+01
   1.3643536e+00   1.4285110e+00   1.8759137e+01
   1.3639832e+00   1.4292926e+00   1.9259137e+01
   1.3636147e+00   1.4300753e+00   1.9759137e+01
   1.3632482e+00   1.4308592e+00   2.0259137e+01
   1.3628836e+00   1.4316441e+00   2.0759137e+01
   1.3625210e+00   1.4324301e+00   2.1259137e+01
   1.3621604e+00   1.4332173e+00   2.1759137e+01
   1.3618016e+00   1.4340055e+00   2.2259137e+01
   1.3614449e+00   1.4347948e+00   2.2759137e+01
   1.3610900e+00   1.4355853e+00   2.3259137e+01
   1.3607371e+00   1.4363768e+00   2.3759137e+01
   1.3603861e+00   1.4371694e+00   2.4259137e+01
   1.3600371e+00   1.4379631e+00   2.4759137e+01
   1.3596899e+00   1.4387578e+00   2.5259137e+01
   1.3593447e+00   1.4395537e+00   2.5759137e+01
   1.3590014e+00   1.4403506e+00   2.6259137e+01
   1.3586600e+00   1.4411486e+00   2.6759137e+01
   1.3583206e+00   1.4419477e+00   2.7259137e+01
   1.3579830e+00   1.4427479e+00   2.7759137e+01
   1.3576473e+00   1.4435491e+00   2.8259137e+01
   1.3573136e+00   1.4443514e+00   2.8759137e+01
   1.3569817e+00   1.4451547e+00   2.9259137e+01
   1.3566517e+00   1.4459591e+00   2.9759137e+01
   1.3563236e+00   1.4467645e+00   3.0259137e+01
   1.3559974e+00   1.4475710e+00   3.0759137e+01
   1.3556731e+00   1.4483786e+00   3.1259137e+01
   1.3553507e+00   1.4491872e+00   3.1759137e+01
   1.3550301e+00   1.4499968e+00   3.2259137e+01
   1.3547114e+00   1.4508075e+00   3.2759137e+01
   1.3543946e+00   1.4516192e+00   3.3259137e+01
   1.3540796e+00   1.4524320e+00   3.3759137e+01
   1.3537665e+00   1.4532458e+00   3.4259137e+01
   1.3534552e+00   1.4540606e+00   3.4759137e+01
   1.3531458e+00   1.4548764e+00   3.5259137e+01
   1.3528383e+00   1.4556933e+00   3.5759137e+01
   1.3525326e+00   1.4565112e+00   3.6259137e+01
   1.3522287e+00   1.4573301e+00   3.6759137e+01
   1.3519267e+00   1.4581500e+00   3.7259137e+01
   1.3516265e+00   1.4589709e+00   3.7759137e+01
   1.3513282e+00   1.4597929e+00   3.8259137e+01
   1.3510316e+00   1.4606158e+00   3.8759137e+01
   1.3507369e+00   1.4614398e+00   3.9259137e+01
   1.3504441e+00   1.4622647e+00   3.9759137e+01
   1.3501530e+00   1.4630907e+00   4.0259137e+01
   1.3498638e+00   1.4639176e+00   4.0759137e+01
   1.3495763e+00   1.4647455e+00   4.1259137e+01
   1.3492907e+00   1.4655745e+00   4.1759137e+01
   1.3490069e+00   1.4664044e+00   4.2259137e+01
   1.3487249e+00   1.4672353e+00   4.2759137e+01
   1.3484446e+00   1.4680671e+00   4.3259137e+01
   1.3481662e+00   1.4689000e+00   4.3759137e+01
   1.3478896e+00   1.4697338e+00   4.4259137e+01
   1.3476147e+00   1.4705686e+00   4.4759137e+01
   1.3473417e+00   1.4714044e+00   4.5259137e+01
   1.3470704e+00   1.4722411e+00   4.5759137e+01
   1.3468009e+00   1.4730788e+00   4.6259137e+01
   1.3465331e+00   1.4739175e+00   4.6759137e+01
   1.3462672e+00   1.4747571e+00   4.7259137e+01
   1.3460030e+00   1.4755977e+00   4.7759137e+01
   1.3457405e+00   1.4764392e+00   4.8259137e+01
   1.3454799e+00   1.4772817e+00   4.8759137e+01
   1.3452209e+00   1.4781251e+00   4.9259137e+01
   1.3449638e+00   1.4789695e+00   4.9759137e+01
   1.3447084e+00   1.4798148e+00   5.0259137e+01
   1.3444547e+00   1.4806611e+00   5.0759137e+01
   1.3442027e+00   1.4815083e+00   5.1259137e+01
   1.3439526e+00   1.4823564e+00   5.1759137e+01
   1.3437041e+00   1.4832054e+00   5.2259137e+01
   1.3434574e+00   1.4840554e+00   5.2759137e+01
   1.3432124e+00   1.4849063e+00   5.3259137e+01
   1.3429691e+00   1.4857581e+00   5.3759137e+01
   1.3427275e+00   1.4866109e+00   5.4259137e+01
   1.3424877e+00   1.4874645e+00   5.4759137e+01
   1.3422496e+00   1.4883191e+00   5.5259137e+01
   1.3420131e+00   1.4891746e+00   5.5759137e+01
   1.3417784e+00   1.4900310e+00   5.6259137e+01
   1.3415454e+00   1.4908883e+00   5.6759137e+01
   1.3413141e+00   1.4917465e+00   5.7259137e+01
   1.3410845e+00   1.4926056e+00   5.7759137e+01
   1.3408566e+00   1.4934655e+00   5.8259137e+01
   1.3406304e+00   1.4943264e+00   5.8759137e+01
   1.3404058e+00   1.4951882e+00   5.9259137e+01
   1.3401830e+00   1.4960509e+00   5.9759137e+01
   1.3399618e+00   1.4969144e+00   6.0259137e+01
   1.3397423e+00   1.4977788e+00   6.0759137e+01
   1.3395245e+00   1.4986441e+00   6.1259137e+01
   1.3393083e+00   1.4995103e+00   6.1759137e+01
   1.3390938e+00   1.5003774e+00   6.2259137e+01
   1.3388810e+00   1.5012453e+00   6.2759137e+01
   1.3386698e+00   1.5021141e+00   6.3259137e+01
   1.3384603e+00   1.5029838e+00   6.3759137e+01
   1.3382524e+00   1.5038543e+00   6.4259137e+01
   1.3380462e+00   1.5047257e+00   6.4759137e+01
   1.3378416e+00   1.5055979e+00   6.5259137e+01
   1.3376386e+00   1.5064710e+00   6.5759137e+01
   1.3374373e+00   1.5073449e+00   6.6259137e+01
   1.3372377e+00   1.5082197e+00   6.6759137e+01
   1.3370396e+00   1.5090953e+00   6.7259137e+01
   1.3368432e+00   1.5099718e+00   6.7759137e+01
   1.3366484e+00   1.5108491e+00   6.8259137e+01
   1.3364552e+00   1.5117273e+00   6.8759137e+01
   1.3362637e+00   1.5126063e+00   6.9259137e+01
   1.3360737e+00   1.5134861e+00   6.9759137e+01
   1.3358854e+00   1.5143667e+00   7.0259137e+01
   1.3356987e+00   1.5152482e+00   7.0759137e+01
   1.3355135e+00   1.5161305e+00   7.1259137e+01
   1.3353300e+00   1.5170136e+00   7.1759137e+01
   1.3351481e+00   1.5178975e+00   7.2259137e+01
   1.3349677e+00   1.5187823e+00   7.2759137e+01
   1.3347890e+00   1.5196678e+00   7.3259137e+01
   1.3346118e+00   1.5205542e+00   7.3759137e+01
   1.3344362e+00   1.5214413e+00   7.4259137e+01
   1.3342622e+00   1.5223293e+00   7.4759137e+01
   1.3340898e+00   1.5232181e+00   7.5259137e+01
   1.3339189e+00   1.5241076e+00   7.5759137e+01
   1.3337496e+00   1.5249980e+00   7.6259137e+01
   1.3335819e+00   1.5258891e+00   7.6759137e+01
   1.3334157e+00   1.5267811e+00   7.7259137e+01
   1.3332511e+00   1.5276738e+00   7.7759137e+01
   1.3330880e+00   1.5285673e+00   7.8259137e+01
   1.3329265e+00   1.5294616e+00   7.8759137e+01
   1.3327666e+00   1.5303567e+00   7.9259137e+01
   1.3326081e+00   1.5312525e+00   7.9759137e+01
   1.3324513e+00   1.5321491e+00   8.0259137e+01
   1.3322959e+00   1.5330465e+00   8.0759137e+01
   1.3321421e+00   1.5339446e+00   8.1259137e+01
   1.3319898e+00   1.5348435e+00   8.1759137e+01
   1.3318390e+00   1.5357432e+00   8.2259137e+01
   1.3316898e+00   1.5366436e+00   8.2759137e+01
   1.3315421e+00   1.5375448e+00   8.3259137e+01
   1.3313959e+00   1.5384467e+00   8.3759137e+01
   1.3312512e+00   1.5393494e+00   8.4259137e+01
   1.3311080e+00   1.5402528e+00   8.4759137e+01
   1.3309663e+00   1.5411570e+00   8.5259137e+01
   1.3308261e+00   1.5420619e+00   8.5759137e+01
   1.3306874e+00   1.5429676e+00   8.6259137e+01
   1.3305502e+00   1.5438739e+00   8.6759137e+01
   1.3304145e+00   1.5447810e+00   8.7259137e+01
   1.3302803e+00   1.5456889e+00   8.7759137e+01
   1.3301476e+00   1.5465974e+00   8.8259137e+01
   1.3300163e+00   1.5475067e+00   8.8759137e+01
   1.3298866e+00   1.5484167e+00   8.9259137e+01
   1.3297583e+00   1.5493275e+00   8.9759137e+01
   1.3296314e+00   1.5502389e+00   9.0259137e+01
   1.3295061e+00   1.5511511e+00   9.0759137e+01
   1.3293822e+00   1.5520639e+00   9.1259137e+01
   1.3292597e+00   1.5529775e+00   9.1759137e+01
   1.3291387e+00   1.5538918e+00   9.2259137e+01
   1.3290192e+00   1.5548067e+00   9.2759137e+01
   1.3289011e+00   1.5557224e+00   9.3259137e+01
   1.3287845e+00   1.5566388e+00   9.3759137e+01
   1.3286693e+00   1.5575558e+00   9.4259137e+01
   1.3285555e+00   1.5584736e+00   9.4759137e+01
   1.3284432e+00   1.5593920e+00   9.5259137e+01
   1.3283323e+00   1.5603111e+00   9.5759137e+01
   1.3282228e+00   1.5612309e+00   9.6259137e+01
   1.3281147e+00   1.5621514e+00   9.6759137e+01
   1.3280081e+00   1.5630726e+00   9.7259137e+01
   1.3279029e+00   1.5639944e+00   9.7759137e+01
   1.3277991e+00   1.5649169e+00   9.8259137e+01
   1.3276967e+00   1.5658400e+00   9.8759137e+01
   1.3275958e+00   1.5667638e+00   9.9259137e+01
   1.3274962e+00   1.5676883e+00   9.9759137e+01
   1.3273980e+00   1.5686135e+00   1.0025914e+02
   1.3273012e+00   1.5695393e+00   1.0075914e+02
   1.3272058e+00   1.5704657e+00   1.0125914e+02
   1.3271118e+00   1.5713928e+00   1.0175914e+02
   1.3270192e+00   1.5723206e+00   1.0225914e+02
   1.3269280e+00   1.5732489e+00   1.0275914e+02
   1.3268382e+00   1.5741780e+00   1.0325914e+02
   1.3267497e+00   1.5751076e+00   1.0375914e+02
   1.3266626e+00   1.5760379e+00   1.0425914e+02
   1.3265768e+00   1.5769689e+00   1.0475914e+02
   1.3264925e+00   1.5779004e+00   1.0525914e+02
   1.3264095e+00   1.5788326e+00   1.0575914e+02
   1.3263278e+00   1.5797655e+00   1.0625914e+02
   1.3262475e+00   1.5806989e+00   1.0675914e+02
   1.3261686e+00   1.5816330e+00   1.0725914e+02
   1.3260910e+00   1.5825676e+00   1.0775914e+02
   1.3260147e+00   1.5835029e+00   1.0825914e+02
   1.3259398e+00   1.5844388e+00   1.0875914e+02
   1.3258662e+00   1.5853753e+00   1.0925914e+02
   1.3257940e+00   1.5863124e+00   1.0975914e+02
   1.3257231e+00   1.5872501e+00   1.1025914e+02
   1.3256535e+00   1.5881884e+00   1.1075914e+02
   1.3255852e+00   1.5891273e+00   1.1125914e+02
   1.3255183e+00   1.5900668e+00   1.1175914e+02
   1.3254526e+00   1.5910069e+00   1.1225914e+02
   1.3253883e+00   1.5919476e+00   1.1275914e+02
   1.3253253e+00   1.5928888e+00   1.1325914e+02
   1.3252636e+00   1.5938307e+00   1.1375914e+02
   1.3252032e+00   1.5947731e+00   1.1425914e+02
   1.3251441e+00   1.5957161e+00   1.1475914e+02
   1.3250863e+00   1.5966596e+00   1.1525914e+02
   1.3250298e+00   1.5976038e+00   1.1575914e+02
   1.3249746e+00   1.5985485e+00   1.1625914e+02
   1.3249206e+00   1.5994937e+00   1.1675914e+02
   1.3248680e+00   1.6004396e+00   1.1725914e+02
   1.3248166e+00   1.6013860e+00   1.1775914e+02
   1.3247665e+00   1.6023329e+00   1.1825914e+02
   1.3247176e+00   1.6032804e+00   1.1875914e+02
   1.3246701e+00   1.6042285e+00   1.1925914e+02
   1.3246238e+00   1.6051770e+00   1.1975914e+02
   1.3245787e+00   1.6061262e+00   1.2025914e+02
   1.3245349e+00   1.6070759e+00   1.2075914e+02
   1.3244924e+00   1.6080261e+00   1.2125914e+02
   1.3244511e+00   1.6089768e+00   1.2175914e+02
   1.3244110e+00   1.6099281e+00   1.2225914e+02
   1.3243722e+00   1.6108800e+00   1.2275914e+02
   1.3243347e+00   1.6118323e+00   1.2325914e+02
   1.3242984e+00   1.6127852e+00   1.2375914e+02
   1.3242633e+00   1.6137386e+00   1.2425914e+02
   1.3242294e+00   1.6146925e+00   1.2475914e+02
   1.3241968e+00   1.6156469e+00   1.2525914e+02
   1.3241653e+00   1.6166019e+00   1.2575914e+02
   1.3241351e+00   1.6175573e+00   1.2625914e+02
   1.3241062e+00   1.6185133e+00   1.2675914e+02
   1.3240784e+00   1.6194698e+00   1.2725914e+02
   1.3240518e+00   1.6204267e+00   1.2775914e+02
   1.3240265e+00   1.6213842e+00   1.2825914e+02
   1.3240023e+00   1.6223422e+00   1.2875914e+02
   1.3239793e+00   1.6233006e+00   1.2925914e+02
   1.3239576e+00   1.6242596e+00   1.2975914e+02
   1.3239370e+00   1.6252190e+00   1.3025914e+02
   1.3239176e+00   1.6261790e+00   1.3075914e+02
   1.3238994e+00   1.6271394e+00   1.3125914e+02
   1.3238824e+00   1.6281002e+00   1.3175914e+02
   1.3238665e+00   1.6290616e+00   1.3225914e+02
   1.3238518e+00   1.6300234e+00   1.3275914e+02
   1.3238383e+00   1.6309858e+00   1.3325914e+02
   1.3238260e+00   1.6319485e+00   1.3375914e+02
   1.3238148e+00   1.6329118e+00   1.3425914e+02
   1.3238048e+00   1.6338755e+00   1.3475914e+02
   1.3237959e+00   1.6348396e+00   1.3525914e+02
   1.3237882e+00   1.6358043e+00   1.3575914e+02
   1.3237816e+00   1.6367693e+00   1.3625914e+02
   1.3237762e+00   1.6377349e+00   1.3675914e+02
   1.3237719e+00   1.6387009e+00   1.3725914e+02
   1.3237688e+00   1.6396673e+00   1.3775914e+02
   1.3237668e+00   1.6406341e+00   1.3825914e+02
   1.3237659e+00   1.6416014e+00   1.3875914e+02
   1.3237661e+00   1.6425692e+00   1.3925914e+02
   1.3237675e+00   1.6435374e+00   1.3975914e+02
   1.3237700e+00   1.6445060e+00   1.4025914e+02
   1.3237736e+00   1.6454750e+00   1.4075914e+02
   1.3237783e+00   1.6464445e+00   1.4125914e+02
   1.3237842e+00   1.6474143e+00   1.4175914e+02
   1.3237911e+00   1.6483847e+00   1.4225914e+02
   1.3237992e+00   1.6493554e+00   1.4275914e+02
   1.3238083e+00   1.6503265e+00   1.4325914e+02
   1.3238186e+00   1.6512981e+00   1.4375914e+02
   1.3238299e+00   1.6522700e+00   1.4425914e+02
   1.3238423e+00   1.6532424e+00   1.4475914e+02
   1.3238558e+00   1.6542151e+00   1.4525914e+02
   1.3238704e+00   1.6551883e+00   1.4575914e+02
   1.3238861e+00   1.6561619e+00   1.4625914e+02
   1.3239028e+00   1.6571358e+00   1.4675914e+02
   1.3239206e+00   1.6581102e+00   1.4725914e+02
   1.3239395e+00   1.6590849e+00   1.4775914e+02
   1.3239595e+00   1.6600600e+00   1.4825914e+02
   1.3239805e+00   1.6610355e+00   1.4875914e+02
   1.3240025e+00   1.6620114e+00   1.4925914e+02
   1.3240257e+00   1.6629877e+00   1.4975914e+02
   1.3240498e+00   1.6639643e+00   1.5025914e+02
   1.3240751e+00   1.6649414e+00   1.5075914e+02
   1.3241013e+00   1.6659187e+00   1.5125914e+02
   1.3241286e+00   1.6668965e+00   1.5175914e+02
   1.3241570e+00   1.6678746e+00   1.5225914e+02
   1.3241863e+00   1.6688531e+00   1.5275914e+02
   1.3242167e+00   1.6698319e+00   1.5325914e+02
   1.3242482e+00   1.6708111e+00   1.5375914e+02
   1.3242806e+00   1.6717906e+00   1.5425914e+02
   1.3243141e+00   1.6727705e+00   1.5475914e+02
   1.3243486e+00   1.6737507e+00   1.5525914e+02
   1.3243841e+00   1.6747313e+00   1.5575914e+02
   1.3244206e+00   1.6757122e+00   1.5625914e+02
   1.3244581e+00   1.6766935e+00   1.5675914e+02
   1.3244966e+00   1.6776751e+00   1.5725914e+02
   1.3245361e+00   1.6786570e+00   1.5775914e+02
   1.3245766e+00   1.6796393e+00   1.5825914e+02
   1.3246181e+00   1.6806218e+00   1.5875914e+02
   1.3246606e+00   1.6816047e+00   1.5925914e+02
   1.3247041e+00   1.6825880e+00   1.5975914e+02
   1.3247486e+00   1.6835715e+00   1.6025914e+02
   1.3247940e+00   1.6845554e+00   1.6075914e+02
   1.3248404e+00   1.6855395e+00   1.6125914e+02
   1.3248878e+00   1.6865240e+00   1.6175914e+02
   1.3249361e+00   1.6875088e+00   1.6225914e+02
   1.3249854e+00   1.6884939e+00   1.6275914e+02
   1.3250357e+00   1.6894793e+00   1.6325914e+02
   1.3250869e+00   1.6904650e+00   1.6375914e+02
   1.3251391e+00   1.6914509e+00   1.6425914e+02
   1.3251922e+00   1.6924372e+00   1.6475914e+02
   1.3252463e+00   1.6934238e+00   1.6525914e+02
   1.3253013e+00   1.6944106e+00   1.6575914e+02
   1.3253572e+00   1.6953978e+00   1.6625914e+02
   1.3254141e+00   1.6963852e+00   1.6675914e+02
   1.3254719e+00   1.6973729e+00   1.6725914e+02
   1.3255307e+00   1.6983609e+00   1.6775914e+02
   1.3255904e+00   1.6993491e+00   1.6825914e+02
   1.3256510e+00   1.7003376e+00   1.6875914e+02
   1.3257125e+00   1.7013264e+00   1.6925914e+02
   1.3257749e+00   1.7023155e+00   1.6975914e+02
   1.3258382e+00   1.7033048e+00   1.7025914e+02
   1.3259025e+00   1.7042943e+00   1.7075914e+02
   1.3259676e+00   1.7052842e+00   1.7125914e+02
   1.3260337e+00   1.7062742e+00   1.7175914e+02
   1.3261006e+00   1.7072646e+00   1.7225914e+02
   1.3261685e+00   1.7082551e+00   1.7275914e+02
   1.3262372e+00   1.7092460e+00   1.7325914e+02
   1.3263068e+00   1.7102370e+00   1.7375914e+02
   1.3263773e+00   1.7112283e+00   1.7425914e+02
   1.3264487e+00   1.7122199e+00   1.7475914e+02
   1.3265210e+00   1.7132116e+00   1.7525914e+02
   1.3265941e+00   1.7142036e+00   1.7575914e+02
   1.3266681e+00   1.7151958e+00   1.7625914e+02
   1.3267430e+00   1.7161883e+00   1.7675914e+02
   1.3268187e+00   1.7171810e+00   1.7725914e+02
   1.3268953e+00   1.7181739e+00   1.7775914e+02
   1.3269727e+00   1.7191670e+00   1.7825914e+02
   1.3270510e+00   1.7201603e+00   1.7875914e+02
   1.3271302e+00   1.7211538e+00   1.7925914e+02
   1.3272102e+00   1.7221476e+00   1.7975914e+02
   1.3272910e+00   1.7231415e+00   1.8025914e+02
   1.3273727e+00   1.7241357e+00   1.8075914e+02
   1.3274552e+00   1.7251300e+00   1.8125914e+02
   1.3275385e+00   1.7261245e+00   1.8175914e+02
   1.3276227e+00   1.7271193e+00   1.8225914e+02
   1.3277076e+00   1.7281142e+00   1.8275914e+02
   1.3277934e+00   1.7291093e+00   1.8325914e+02
   1.3278801e+00   1.7301046e+00   1.8375914e+02
   1.3279675e+00   1.7311001e+00   1.8425914e+02
   1.3280557e+00   1.7320957e+00   1.8475914e+02
   1.3281448e+00   1.7330916e+00   1.8525914e+02
   1.3282346e+00   1.7340876e+00   1.8575914e+02
   1.3283253e+00   1.7350838e+00   1.8625914e+02
   1.3284167e+00   1.7360801e+00   1.8675914e+02
   1.3285090e+00   1.7370766e+00   1.8725914e+02
   1.3286020e+00   1.7380733e+00   1.8775914e+02
   1.3286958e+00   1.7390701e+00   1.8825914e+02
   1.3287904e+00   1.7400671e+00   1.8875914e+02
   1.3288858e+00   1.7410643e+00   1.8925914e+02
   1.3289820e+00   1.7420616e+00   1.8975914e+02
   1.3290789e+00   1.7430590e+00   1.9025914e+02
   1.3291766e+00   1.7440566e+00   1.9075914e+02
   1.3292750e+00   1.7450543e+00   1.9125914e+02
   1.3293742e+00   1.7460522e+00   1.9175914e+02
   1.3294742e+00   1.7470502e+00   1.9225914e+02
   1.3295749e+00   1.7480484e+00   1.9275914e+02
   1.3296764e+00   1.7490466e+00   1.9325914e+02
   1.3297786e+00   1.7500450e+00   1.9375914e+02
   1.3298816e+00   1.7510436e+00   1.9425914e+02
   1.3299853e+00   1.7520422e+00   1.9475914e+02
   1.3300898e+00   1.7530410e+00   1.9525914e+02
   1.3301949e+00   1.7540399e+00   1.9575914e+02
   1.3303009e+00   1.7550389e+00   1.9625914e+02
   1.3304075e+00   1.7560380e+00   1.9675914e+02
   1.3305148e+00   1.7570372e+00   1.9725914e+02
   1.3306229e+00   1.7580365e+00   1.9775914e+02
   1.3307317e+00   1.7590360e+00   1.9825914e+02
   1.3308412e+00   1.7600355e+00   1.9875914e+02
   1.3309514e+00   1.7610351e+00   1.9925914e+02
   1.3310624e+00   1.7620349e+00   1.9975914e+02
   1.3311740e+00   1.7630347e+00   2.0025914e+02
   1.3312863e+00   1.7640346e+00   2.0075914e+02
   1.3313993e+00   1.7650346e+00   2.0125914e+02
   1.3315130e+00   1.7660346e+00   2.0175914e+02
   1.3316274e+00   1.7670348e+00   2.0225914e+02
   1.3317425e+00   1.7680350e+00   2.0275914e+02
   1.3318582e+00   1.7690353e+00   2.0325914e+02
   1.3319747e+00   1.7700357e+00   2.0375914e+02
   1.3320918e+00   1.7710361e+00   2.0425914e+02
   1.3322096e+00   1.7720366e+00   2.0475914e+02
   1.3323280e+00   1.7730372e+00   2.0525914e+02
   1.3324471e+00   1.7740378e+00   2.0575914e+02
   1.3325669e+00   1.7750385e+00   2.0625914e+02
   1.3326873e+00   1.7760393e+00   2.0675914e+02
   1.3328084e+00   1.7770401e+00   2.0725914e+02
   1.3329301e+00   1.7780409e+00   2.0775914e+02
   1.3330525e+00   1.7790418e+00   2.0825914e+02
   1.3331755e+00   1.7800427e+00   2.0875914e+02
   1.3332992e+00   1.7810437e+00   2.0925914e+02
   1.3334234e+00   1.7820447e+00   2.0975914e+02
   1.3335484e+00   1.7830458e+00   2.1025914e+02
   1.3336739e+00   1.7840469e+00   2.1075914e+02
   1.3338001e+00   1.7850480e+00   2.1125914e+02
   1.3339269e+00   1.7860491e+00   2.1175914e+02
   1.3340543e+00   1.7870503e+00   2.1225914e+02
   1.3341823e+00   1.7880515e+00   2.1275914e+02
   1.3343110e+00   1.7890526e+00   2.1325914e+02
   1.3344402e+00   1.7900539e+00   2.1375914e+02
   1.3345701e+00   1.7910551e+00   2.1425914e+02
   1.3347005e+00   1.7920563e+00   2.1475914e+02
   1.3348316e+00   1.7930576e+00   2.1525914e+02
   1.3349632e+00   1.7940588e+00   2.1575914e+02
   1.3350955e+00   1.7950601e+00   2.1625914e+02
   1.3352283e+00   1.7960613e+00   2.1675914e+02
   1.3353617e+00   1.7970625e+00   2.1725914e+02
   1.3354957e+00   1.7980638e+00   2.1775914e+02
   1.3356302e+00   1.7990650e+00   2.1825914e+02
   1.3357653e+00   1.8000662e+00   2.1875914e+02
   1.3359010e+00   1.8010674e+00   2.1925914e+02
   1.3360373e+00   1.8020686e+00   2.1975914e+02
   1.3361741e+00   1.8030697e+00   2.2025914e+02
   1.3363115e+00   1.8040708e+00   2.2075914e+02
   1.3364495e+00   1.8050719e+00   2.2125914e+02
   1.3365880e+00   1.8060730e+00   2.2175914e+02
   1.3367270e+00   1.8070740e+00   2.2225914e+02
   1.3368666e+00   1.8080750e+00   2.2275914e+02
   1.3370067e+00   1.8090760e+00   2.2325914e+02
   1.3371474e+00   1.8100769e+00   2.2375914e+02
   1.3372886e+00   1.8110778e+00   2.2425914e+02
   1.3374303e+00   1.8120786e+00   2.2475914e+02
   1.3375726e+00   1.8130794e+00   2.2525914e+02
   1.3377153e+00   1.8140801e+00   2.2575914e+02
   1.3378587e+00   1.8150808e+00   2.2625914e+02
   1.3380025e+00   1.8160814e+00   2.2675914e+02
   1.3381468e+00   1.8170819e+00   2.2725914e+02
   1.3382916e+00   1.8180824e+00   2.2775914e+02
   1.3384370e+00   1.8190828e+00   2.2825914e+02
   1.3385828e+00   1.8200832e+00   2.2875914e+02
   1.3387292e+00   1.8210834e+00   2.2925914e+02
   1.3388760e+00   1.8220836e+00   2.2975914e+02
   1.3390234e+00   1.8230838e+00   2.3025914e+02
   1.3391712e+00   1.8240838e+00   2.3075914e+02
   1.3393195e+00   1.8250838e+00   2.3125914e+02
   1.3394683e+00   1.8260836e+00   2.3175914e+02
   1.3396176e+00   1.8270834e+00   2.3225914e+02
   1.3397673e+00   1.8280831e+00   2.3275914e+02
   1.3399175e+00   1.8290827e+00   2.3325914e+02
   1.3400682e+00   1.8300822e+00   2.3375914e+02
   1.3402194e+00   1.8310816e+00   2.3425914e+02
   1.3403710e+00   1.8320808e+00   2.3475914e+02
   1.3405231e+00   1.8330800e+00   2.3525914e+02
   1.3406756e+00   1.8340791e+00   2.3575914e+02
   1.3408286e+00   1.8350780e+00   2.3625914e+02
   1.3409820e+00   1.8360769e+00   2.3675914e+02
   1.3411358e+00   1.8370756e+00   2.3725914e+02
   1.3412901e+00   1.8380742e+00   2.3775914e+02
   1.3414449e+00   1.8390727e+00   2.3825914e+02
   1.3416001e+00   1.8400710e+00   2.3875914e+02
   1.3417557e+00   1.8410693e+00   2.3925914e+02
   1.3419117e+00   1.8420674e+00   2.3975914e+02
   1.3420681e+00   1.8430653e+00   2.4025914e+02
   1.3422250e+00   1.8440631e+00   2.4075914e+02
   1.3423823e+00   1.8450608e+00   2.4125914e+02
   1.3425400e+00   1.8460583e+00   2.4175914e+02
   1.3426981e+00   1.8470557e+00   2.4225914e+02
   1.3428566e+00   1.8480530e+00   2.4275914e+02
   1.3430155e+00   1.8490500e+00   2.4325914e+02
   1.3431748e+00   1.8500470e+00   2.4375914e+02
   1.3433346e+00   1.8510437e+00   2.4425914e+02
   1.3434946e+00   1.8520404e+00   2.4475914e+02
   1.3436551e+00   1.8530368e+00   2.4525914e+02
   1.3438160e+00   1.8540331e+00   2.4575914e+02
   1.3439773e+00   1.8550292e+00   2.4625914e+02
   1.3441389e+00   1.8560251e+00   2.4675914e+02
   1.3443009e+00   1.8570209e+00   2.4725914e+02
   1.3444633e+00   1.8580165e+00   2.4775914e+02
   1.3446260e+00   1.8590119e+00   2.4825914e+02
   1.3447891e+00   1.8600071e+00   2.4875914e+02
   1.3449526e+00   1.8610022e+00   2.4925914e+02
   1.3451164e+00   1.8619970e+00   2.4975914e+02
   1.3452805e+00   1.8629917e+00   2.5025914e+02
   1.3454451e+00   1.8639861e+00   2.5075914e+02
   1.3456099e+00   1.8649804e+00   2.5125914e+02
   1.3457751e+00   1.8659745e+00   2.5175914e+02
   1.3459407e+00   1.8669683e+00   2.5225914e+02
   1.3461066e+00   1.8679620e+00   2.5275914e+02
   1.3462728e+00   1.8689554e+00   2.5325914e+02
   1.3464393e+00   1.8699487e+00   2.5375914e+02
   1.3466062e+00   1.8709417e+00   2.5425914e+02
   1.3467734e+00   1.8719345e+00   2.5475914e+02
   1.3469409e+00   1.8729271e+00   2.5525914e+02
   1.3471087e+00   1.8739194e+00   2.5575914e+02
   1.3472768e+00   1.8749116e+00   2.5625914e+02
   1.3474453e+00   1.8759035e+00   2.5675914e+02
   1.3476140e+00   1.8768951e+00   2.5725914e+02
   1.3477830e+00   1.8778866e+00   2.5775914e+02
   1.3479524e+00   1.8788778e+00   2.5825914e+02
   1.3481220e+00   1.8798688e+00   2.5875914e+02
   1.3482919e+00   1.8808595e+00   2.5925914e+02
   1.3484621e+00   1.8818500e+00   2.5975914e+02
   1.3486326e+00   1.8828402e+00   2.6025914e+02
   1.3488034e+00   1.8838302e+00   2.6075914e+02
   1.3489745e+00   1.8848199e+00   2.6125914e+02
   1.3491458e+00   1.8858093e+00   2.6175914e+02
   1.3493174e+00   1.8867985e+00   2.6225914e+02
   1.3494892e+00   1.8877875e+00   2.6275914e+02
   1.3496613e+00   1.8887762e+00   2.6325914e+02
   1.3498337e+00   1.8897646e+00   2.6375914e+02
   1.3500063e+00   1.8907527e+00   2.6425914e+02
   1.3501792e+00   1.8917406e+00   2.6475914e+02
   1.3503523e+00   1.8927282e+00   2.6525914e+02
   1.3505257e+00   1.8937155e+00   2.6575914e+02
   1.3506993e+00   1.8947025e+00   2.6625914e+02
   1.3508732e+00   1.8956892e+00   2.6675914e+02
   1.3510473e+00   1.8966757e+00   2.6725914e+02
   1.3512216e+00   1.8976618e+00   2.6775914e+02
   1.3513961e+00   1.8986477e+00   2.6825914e+02
   1.3515709e+00   1.8996333e+00   2.6875914e+02
   1.3517459e+00   1.9006186e+00   2.6925914e+02
   1.3519211e+00   1.9016035e+00   2.6975914e+02
   1.3520965e+00   1.9025882e+00   2.7025914e+02
   1.3522721e+00   1.9035725e+00   2.7075914e+02
   1.3524480e+00   1.9045566e+00   2.7125914e+02
   1.3526240e+00   1.9055403e+00   2.7175914e+02
   1.3528002e+00   1.9065237e+00   2.7225914e+02
   1.3529767e+00   1.9075068e+00   2.7275914e+02
   1.3531533e+00   1.9084896e+00   2.7325914e+02
   1.3533301e+00   1.9094721e+00   2.7375914e+02
   1.3535071e+00   1.9104542e+00   2.7425914e+02
   1.3536843e+00   1.9114360e+00   2.7475914e+02
   1.3538616e+00   1.9124174e+00   2.7525914e+02
   1.3540392e+00   1.9133985e+00   2.7575914e+02
   1.3542169e+00   1.9143793e+00   2.7625914e+02
   1.3543948e+00   1.9153598e+00   2.7675914e+02
   1.3545728e+00   1.9163399e+00   2.7725914e+02
   1.3547510e+00   1.9173196e+00   2.7775914e+02
   1.3549293e+00   1.9182990e+00   2.7825914e+02
   1.3551078e+00   1.9192780e+00   2.7875914e+02
   1.3552865e+00   1.9202567e+00   2.7925914e+02
   1.3554653e+00   1.9212351e+00   2.7975914e+02
   1.3556443e+00   1.9222130e+00   2.8025914e+02
   1.3558233e+00   1.9231906e+00   2.8075914e+02
   1.3560026e+00   1.9241679e+00   2.8125914e+02
   1.3561819e+00   1.9251447e+00   2.8175914e+02
   1.3563614e+00   1.9261212e+00   2.8225914e+02
   1.3565410e+00   1.9270973e+00   2.8275914e+02
   1.3567208e+00   1.9280731e+00   2.8325914e+02
   1.3569006e+00   1.9290484e+00   2.8375914e+02
   1.3570806e+00   1.9300234e+00   2.8425914e+02
   1.3572607e+00   1.9309980e+00   2.8475914e+02
   1.3574409e+00   1.9319722e+00   2.8525914e+02
   1.3576211e+00   1.9329460e+00   2.8575914e+02
   1.3578015e+00   1.9339194e+00   2.8625914e+02
   1.3579820e+00   1.9348924e+00   2.8675914e+02
   1.3581626e+00   1.9358650e+00   2.8725914e+02
   1.3583433e+00   1.9368372e+00   2.8775914e+02
   1.3585241e+00   1.9378090e+00   2.8825914e+02
   1.3587049e+00   1.9387804e+00   2.8875914e+02
   1.3588859e+00   1.9397513e+00   2.8925914e+02
   1.3590669e+00   1.9407219e+00   2.8975914e+02
   1.3592479e+00   1.9416920e+00   2.9025914e+02
   1.3594291e+00   1.9426618e+00   2.9075914e+02
   1.3596103e+00   1.9436310e+00   2.9125914e+02
   1.3597916e+00   1.9445999e+00   2.9175914e+02
   1.3599729e+00   1.9455683e+00   2.9225914e+02
   1.3601543e+00   1.9465363e+00   2.9275914e+02
   1.3603358e+00   1.9475039e+00   2.9325914e+02
   1.3605173e+00   1.9484710e+00   2.9375914e+02
   1.3606988e+00   1.9494377e+00   2.9425914e+02
   1.3608804e+00   1.9504040e+00   2.9475914e+02
   1.3610620e+00   1.9513698e+00   2.9525914e+02
   1.3612437e+00   1.9523351e+00   2.9575914e+02
   1.3614254e+00   1.9533000e+00   2.9625914e+02
   1.3616071e+00   1.9542645e+00   2.9675914e+02
   1.3617889e+00   1.9552284e+00   2.9725914e+02
   1.3619706e+00   1.9561920e+00   2.9775914e+02
   1.3621524e+00   1.9571550e+00   2.9825914e+02
   1.3623342e+00   1.9581176e+00   2.9875914e+02
   1.3625160e+00   1.9590797e+00   2.9925914e+02
   1.3626978e+00   1.9600414e+00   2.9975914e+02
   1.3628797e+00   1.9610025e+00   3.0025914e+02
   1.3630615e+00   1.9619632e+00   3.0075914e+02
   1.3632433e+00   1.9629235e+00   3.0125914e+02
   1.3634251e+00   1.9638832e+00   3.0175914e+02
   1.3636069e+00   1.9648424e+00   3.0225914e+02
   1.3637887e+00   1.9658012e+00   3.0275914e+02
   1.3639705e+00   1.9667595e+00   3.0325914e+02
   1.3641522e+00   1.9677172e+00   3.0375914e+02
   1.3643339e+00   1.9686745e+00   3.0425914e+02
   1.3645156e+00   1.9696313e+00   3.0475914e+02
   1.3646973e+00   1.9705875e+00   3.0525914e+02
   1.3648789e+00   1.9715433e+00   3.0575914e+02
   1.3650605e+00   1.9724986e+00   3.0625914e+02
   1.3652421e+00   1.9734533e+00   3.0675914e+02
   1.3654236e+00   1.9744075e+00   3.0725914e+02
   1.3656050e+00   1.9753612e+00   3.0775914e+02
   1.3657865e+00   1.9763144e+00   3.0825914e+02
   1.3659678e+00   1.9772671e+00   3.0875914e+02
   1.3661491e+00   1.9782192e+00   3.0925914e+02
   1.3663303e+00   1.9791708e+00   3.0975914e+02
   1.3665115e+00   1.9801219e+00   3.1025914e+02
   1.3666926e+00   1.9810725e+00   3.1075914e+02
   1.3668736e+00   1.9820225e+00   3.1125914e+02
   1.3670545e+00   1.9829719e+00   3.1175914e+02
   1.3672354e+00   1.9839208e+00   3.1225914e+02
   1.3674162e+00   1.9848692e+00   3.1275914e+02
   1.3675969e+00   1.9858171e+00   3.1325914e+02
   1.3677775e+00   1.9867643e+00   3.1375914e+02
   1.3679580e+00   1.9877110e+00   3.1425914e+02
   1.3681384e+00   1.9886572e+00   3.1475914e+02
   1.3683187e+00   1.9896028e+00   3.1525914e+02
   1.3684989e+00   1.9905479e+00   3.1575914e+02
   1.3686790e+00   1.9914923e+00   3.1625914e+02
   1.3688590e+00   1.9924362e+00   3.1675914e+02
   1.3690389e+00   1.9933796e+00   3.1725914e+02
   1.3692186e+00   1.9943223e+00   3.1775914e+02
   1.3693983e+00   1.9952645e+00   3.1825914e+02
   1.3695778e+00   1.9962061e+00   3.1875914e+02
   1.3697571e+00   1.9971472e+00   3.1925914e+02
   1.3699364e+00   1.9980876e+00   3.1975914e+02
   1.3701155e+00   1.9990274e+00   3.2025914e+02
   1.3702945e+00   1.9999667e+00   3.2075914e+02
   1.3704733e+00   2.0009054e+00   3.2125914e+02
   1.3706520e+00   2.0018434e+00   3.2175914e+02
   1.3708305e+00   2.0027809e+00   3.2225914e+02
   1.3710089e+00   2.0037178e+00   3.2275914e+02
   1.3711871e+00   2.0046540e+00   3.2325914e+02
   1.3713652e+00   2.0055897e+00   3.2375914e+02
   1.3715431e+00   2.0065247e+00   3.2425914e+02
   1.3717208e+00   2.0074591e+00   3.2475914e+02
   1.3718983e+00   2.0083930e+00   3.2525914e+02
   1.3720757e+00   2.0093261e+00   3.2575914e+02
   1.3722529e+00   2.0102587e+00   3.2625914e+02
   1.3724300e+00   2.0111907e+00   3.2675914e+02
   1.3726068e+00   2.0121220e+00   3.2725914e+02
   1.3727835e+00   2.0130527e+00   3.2775914e+02
   1.3729599e+00   2.0139827e+00   3.2825914e+02
   1.3731362e+00   2.0149121e+00   3.2875914e+02
   1.3733123e+00   2.0158409e+00   3.2925914e+02
   1.3734881e+00   2.0167690e+00   3.2975914e+02
   1.3736638e+00   2.0176965e+00   3.3025914e+02
   1.3738392e+00   2.0186233e+00   3.3075914e+02
   1.3740145e+00   2.0195495e+00   3.3125914e+02
   1.3741895e+00   2.0204751e+00   3.3175914e+02
   1.3743643e+00   2.0213999e+00   3.3225914e+02
   1.3745389e+00   2.0223242e+00   3.3275914e+02
   1.3747132e+00   2.0232477e+00   3.3325914e+02
   1.3748873e+00   2.0241706e+00   3.3375914e+02
   1.3750612e+00   2.0250928e+00   3.3425914e+02
   1.3752349e+00   2.0260144e+00   3.3475914e+02
   1.3754083e+00   2.0269353e+00   3.3525914e+02
   1.3755815e+00   2.0278555e+00   3.3575914e+02
   1.3757544e+00   2.0287750e+00   3.3625914e+02
   1.3759270e+00   2.0296938e+00   3.3675914e+02
   1.3760995e+00   2.0306120e+00   3.3725914e+02
   1.3762716e+00   2.0315295e+00   3.3775914e+02
   1.3764435e+00   2.0324463e+00   3.3825914e+02
   1.3766151e+00   2.0333623e+00   3.3875914e+02
   1.3767865e+00   2.0342777e+00   3.3925914e+02
   1.3769576e+00   2.0351924e+00   3.3975914e+02
   1.3771284e+00   2.0361064e+00   3.4025914e+02
   1.3772989e+00   2.0370197e+00   3.4075914e+02
   1.3774692e+00   2.0379323e+00   3.4125914e+02
   1.3776392e+00   2.0388442e+00   3.4175914e+02
   1.3778088e+00   2.0397553e+00   3.4225914e+02
   1.3779782e+00   2.0406658e+00   3.4275914e+02
   1.3781473e+00   2.0415755e+00   3.4325914e+02
   1.3783161e+00   2.0424845e+00   3.4375914e+02
   1.3784846e+00   2.0433928e+00   3.4425914e+02
   1.3786528e+00   2.0443003e+00   3.4475914e+02
   1.3788206e+00   2.0452071e+00   3.4525914e+02
   1.3789882e+00   2.0461132e+00   3.4575914e+02
   1.3791554e+00   2.0470186e+00   3.4625914e+02
   1.3793223e+00   2.0479232e+00   3.4675914e+02
   1.3794889e+00   2.0488270e+00   3.4725914e+02
   1.3796552e+00   2.0497302e+00   3.4775914e+02
   1.3798211e+00   2.0506325e+00   3.4825914e+02
   1.3799867e+00   2.0515342e+00   3.4875914e+02
   1.3801520e+00   2.0524351e+00   3.4925914e+02
   1.3803169e+00   2.0533352e+00   3.4975914e+02
   1.3804815e+00   2.0542345e+00   3.5025914e+02
   1.3806457e+00   2.0551331e+00   3.5075914e+02
   1.3808096e+00   2.0560310e+00   3.5125914e+02
   1.3809731e+00   2.0569280e+00   3.5175914e+02
   1.3811362e+00   2.0578243e+00   3.5225914e+02
   1.3812990e+00   2.0587199e+00   3.5275914e+02
   1.3814615e+00   2.0596146e+00   3.5325914e+02
   1.3816235e+00   2.0605086e+00   3.5375914e+02
   1.3817852e+00   2.0614018e+00   3.5425914e+02
   1.3819465e+00   2.0622942e+00   3.5475914e+02
   1.3821074e+00   2.0631858e+00   3.5525914e+02
   1.3822680e+00   2.0640767e+00   3.5575914e+02
   1.3824281e+00   2.0649667e+00   3.5625914e+02
   1.3825879e+00   2.0658560e+00   3.5675914e+02
   1.3827473e+00   2.0667444e+00   3.5725914e+02
   1.3829063e+00   2.0676321e+00   3.5775914e+02
   1.3830648e+00   2.0685189e+00   3.5825914e+02
   1.3832230e+00   2.0694049e+00   3.5875914e+02
   1.3833808e+00   2.0702902e+00   3.5925914e+02
   1.3835381e+00   2.0711746e+00   3.5975914e+02
   1.3836950e+00   2.0720582e+00   3.6025914e+02
   1.3838516e+00   2.0729410e+00   3.6075914e+02
   1.3840077e+00   2.0738229e+00   3.6125914e+02
   1.3841633e+00   2.0747041e+00   3.6175914e+02
   1.3843186e+00   2.0755844e+00   3.6225914e+02
   1.3844734e+00   2.0764639e+00   3.6275914e+02
   1.3846277e+00   2.0773425e+00   3.6325914e+02
   1.3847817e+00   2.0782203e+00   3.6375914e+02
   1.3849352e+00   2.0790973e+00   3.6425914e+02
   1.3850882e+00   2.0799734e+00   3.6475914e+02
   1.3852408e+00   2.0808487e+00   3.6525914e+02
   1.3853929e+00   2.0817232e+00   3.6575914e+02
   1.3855446e+00   2.0825968e+00   3.6625914e+02
   1.3856958e+00   2.0834695e+00   3.6675914e+02
   1.3858466e+00   2.0843414e+00   3.6725914e+02
   1.3859969e+00   2.0852125e+00   3.6775914e+02
   1.3861467e+00   2.0860826e+00   3.6825914e+02
   1.3862961e+00   2.0869520e+00   3.6875914e+02
   1.3864449e+00   2.0878204e+00   3.6925914e+02
   1.3865933e+00   2.0886880e+00   3.6975914e+02
   1.3867412e+00   2.0895547e+00   3.7025914e+02
   1.3868886e+00   2.0904205e+00   3.7075914e+02
   1.3870355e+00   2.0912855e+00   3.7125914e+02
   1.3871820e+00   2.0921496e+00   3.7175914e+02
   1.3873279e+00   2.0930127e+00   3.7225914e+02
   1.3874733e+00   2.0938751e+00   3.7275914e+02
   1.3876182e+00   2.0947365e+00   3.7325914e+02
   1.3877626e+00   2.0955970e+00   3.7375914e+02
   1.3879065e+00   2.0964566e+00   3.7425914e+02
   1.3880499e+00   2.0973154e+00   3.7475914e+02
   1.3881928e+00   2.0981732e+00   3.7525914e+02
   1.3883351e+00   2.0990301e+00   3.7575914e+02
   1.3884769e+00   2.0998862e+00   3.7625914e+02
   1.3886182e+00   2.1007413e+00   3.7675914e+02
   1.3887590e+00   2.1015955e+00   3.7725914e+02
   1.3888992e+00   2.1024488e+00   3.7775914e+02
   1.3890388e+00   2.1033011e+00   3.7825914e+02
   1.3891780e+00   2.1041526e+00   3.7875914e+02
   1.3893165e+00   2.1050031e+00   3.7925914e+02
   1.3894546e+00   2.1058527e+00   3.7975914e+02
   1.3895920e+00   2.1067014e+00   3.8025914e+02
   1.3897290e+00   2.1075492e+00   3.8075914e+02
   1.3898653e+00   2.1083960e+00   3.8125914e+02
   1.3900011e+00   2.1092419e+00   3.8175914e+02
   1.3901363e+00   2.1100868e+00   3.8225914e+02
   1.3902710e+00   2.1109308e+00   3.8275914e+02
   1.3904050e+00   2.1117738e+00   3.8325914e+02
   1.3905385e+00   2.1126159e+00   3.8375914e+02
   1.3906714e+00   2.1134571e+00   3.8425914e+02
   1.3908038e+00   2.1142973e+00   3.8475914e+02
   1.3909355e+00   2.1151365e+00   3.8525914e+02
   1.3910666e+00   2.1159748e+00   3.8575914e+02
   1.3911972e+00   2.1168121e+00   3.8625914e+02
   1.3913271e+00   2.1176485e+00   3.8675914e+02
   1.3914565e+00   2.1184839e+00   3.8725914e+02
   1.3915852e+00   2.1193183e+00   3.8775914e+02
   1.3917133e+00   2.1201517e+00   3.8825914e+02
   1.3918408e+00   2.1209842e+00   3.8875914e+02
   1.3919677e+00   2.1218157e+00   3.8925914e+02
   1.3920940e+00   2.1226462e+00   3.8975914e+02
   1.3922196e+00   2.1234757e+00   3.9025914e+02
   1.3923447e+00   2.1243042e+00   3.9075914e+02
   1.3924691e+00   2.1251318e+00   3.9125914e+02
   1.3925928e+00   2.1259583e+00   3.9175914e+02
   1.3927159e+00   2.1267839e+00   3.9225914e+02
   1.3928384e+00   2.1276084e+00   3.9275914e+02
   1.3929602e+00   2.1284320e+00   3.9325914e+02
   1.3930814e+00   2.1292545e+00   3.9375914e+02
   1.3932019e+00   2.1300760e+00   3.9425914e+02
   1.3933218e+00   2.1308966e+00   3.9475914e+02
   1.3934410e+00   2.1317161e+00   3.9525914e+02
   1.3935595e+00   2.1325346e+00   3.9575914e+02
   1.3936774e+00   2.1333520e+00   3.9625914e+02
   1.3937946e+00   2.1341685e+00   3.9675914e+02
   1.3939112e+00   2.1349839e+00   3.9725914e+02
   1.3940270e+00   2.1357983e+00   3.9775914e+02
   1.3941422e+00   2.1366117e+00   3.9825914e+02
   1.3942567e+00   2.1374240e+00   3.9875914e+02
   1.3943705e+00   2.1382354e+00   3.9925914e+02
   1.3944837e+00   2.1390456e+00   3.9975914e+02
   1.3945961e+00   2.1398548e+00   4.0025914e+02
   1.3947078e+00   2.1406630e+00   4.0075914e+02
   1.3948188e+00   2.1414702e+00   4.0125914e+02
   1.3949292e+00   2.1422762e+00   4.0175914e+02
   1.3950388e+00   2.1430813e+00   4.0225914e+02
   1.3951477e+00   2.1438852e+00   4.0275914e+02
   1.3952559e+00   2.1446882e+00   4.0325914e+02
   1.3953633e+00   2.1454900e+00   4.0375914e+02
   1.3954701e+00   2.1462908e+00   4.0425914e+02
   1.3955761e+00   2.1470905e+00   4.0475914e+02
   1.3956814e+00   2.1478892e+00   4.0525914e+02
   1.3957859e+00   2.1486867e+00   4.0575914e+02
   1.3958898e+00   2.1494832e+00   4.0625914e+02
   1.3959928e+00   2.1502787e+00   4.0675914e+02
   1.3960952e+00   2.1510730e+00   4.0725914e+02
   1.3961968e+00   2.1518663e+00   4.0775914e+02
   1.3962976e+00   2.1526585e+00   4.0825914e+02
   1.3963977e+00   2.1534495e+00   4.0875914e+02
   1.3964970e+00   2.1542395e+00   4.0925914e+02
   1.3965956e+00   2.1550284e+00   4.0975914e+02
   1.3966934e+00   2.1558162e+00   4.1025914e+02
   1.3967905e+00   2.1566029e+00   4.1075914e+02
   1.3968867e+00   2.1573885e+00   4.1125914e+02
   1.3969822e+00   2.1581730e+00   4.1175914e+02
   1.3970770e+00   2.1589564e+00   4.1225914e+02
   1.3971709e+00   2.1597386e+00   4.1275914e+02
   1.3972640e+00   2.1605198e+00   4.1325914e+02
   1.3973564e+00   2.1612998e+00   4.1375914e+02
   1.3974480e+00   2.1620787e+00   4.1425914e+02
   1.3975387e+00   2.1628565e+00   4.1475914e+02
   1.3976287e+00   2.1636332e+00   4.1525914e+02
   1.3977179e+00   2.1644087e+00   4.1575914e+02
   1.3978063e+00   2.1651831e+00   4.1625914e+02
   1.3978938e+00   2.1659563e+00   4.1675914e+02
   1.3979806e+00   2.1667285e+00   4.1725914e+02
   1.3980665e+00   2.1674994e+00   4.1775914e+02
   1.3981516e+00   2.1682693e+00   4.1825914e+02
   1.3982359e+00   2.1690380e+00   4.1875914e+02
   1.3983194e+00   2.1698055e+00   4.1925914e+02
   1.3984020e+00   2.1705719e+00   4.1975914e+02
   1.3984838e+00   2.1713371e+00   4.2025914e+02
   1.3985647e+00   2.1721012e+00   4.2075914e+02
   1.3986449e+00   2.1728641e+00   4.2125914e+02
   1.3987241e+00   2.1736259e+00   4.2175914e+02
   1.3988025e+00   2.1743865e+00   4.2225914e+02
   1.3988801e+00   2.1751459e+00   4.2275914e+02
   1.3989568e+00   2.1759042e+00   4.2325914e+02
   1.3990327e+00   2.1766612e+00   4.2375914e+02
   1.3991077e+00   2.1774171e+00   4.2425914e+02
   1.3991818e+00   2.1781718e+00   4.2475914e+02
   1.3992551e+00   2.1789254e+00   4.2525914e+02
   1.3993275e+00   2.1796777e+00   4.2575914e+02
   1.3993990e+00   2.1804289e+00   4.2625914e+02
   1.3994696e+00   2.1811788e+00   4.2675914e+02
   1.3995394e+00   2.1819276e+00   4.2725914e+02
   1.3996083e+00   2.1826752e+00   4.2775914e+02
   1.3996763e+00   2.1834216e+00   4.2825914e+02
   1.3997433e+00   2.1841667e+00   4.2875914e+02
   1.3998095e+00   2.1849107e+00   4.2925914e+02
   1.3998748e+00   2.1856534e+00   4.2975914e+02
   1.3999392e+00   2.1863950e+00   4.3025914e+02
   1.4000027e+00   2.1871353e+00   4.3075914e+02
   1.4000653e+00   2.1878744e+00   4.3125914e+02
   1.4001269e+00   2.1886123e+00   4.3175914e+02
   1.4001876e+00   2.1893490e+00   4.3225914e+02
   1.4002475e+00   2.1900844e+00   4.3275914e+02
   1.4003063e+00   2.1908186e+00   4.3325914e+02
   1.4003643e+00   2.1915516e+00   4.3375914e+02
   1.4004213e+00   2.1922834e+00   4.3425914e+02
   1.4004774e+00   2.1930139e+00   4.3475914e+02
   1.4005326e+00   2.1937432e+00   4.3525914e+02
   1.4005868e+00   2.1944712e+00   4.3575914e+02
   1.4006401e+00   2.1951980e+00   4.3625914e+02
   1.4006924e+00   2.1959235e+00   4.3675914e+02
   1.4007438e+00   2.1966478e+00   4.3725914e+02
   1.4007942e+00   2.1973708e+00   4.3775914e+02
   1.4008436e+00   2.1980926e+00   4.3825914e+02
   1.4008921e+00   2.1988131e+00   4.3875914e+02
   1.4009397e+00   2.1995323e+00   4.3925914e+02
   1.4009862e+00   2.2002503e+00   4.3975914e+02
   1.4010318e+00   2.2009670e+00   4.4025914e+02
   1.4010764e+00   2.2016825e+00   4.4075914e+02
   1.4011200e+00   2.2023967e+00   4.4125914e+02
   1.4011627e+00   2.2031096e+00   4.4175914e+02
   1.4012043e+00   2.2038212e+00   4.4225914e+02
   1.4012450e+00   2.2045315e+00   4.4275914e+02
   1.4012846e+00   2.2052406e+00   4.4325914e+02
   1.4013233e+00   2.2059483e+00   4.4375914e+02
   1.4013610e+00   2.2066548e+00   4.4425914e+02
   1.4013976e+00   2.2073600e+00   4.4475914e+02
   1.4014333e+00   2.2080638e+00   4.4525914e+02
   1.4014679e+00   2.2087664e+00   4.4575914e+02
   1.4015016e+00   2.2094677e+00   4.4625914e+02
   1.4015342e+00   2.2101677e+00   4.4675914e+02
   1.4015658e+00   2.2108663e+00   4.4725914e+02
   1.4015963e+00   2.2115637e+00   4.4775914e+02
   1.4016259e+00   2.2122597e+00   4.4825914e+02
   1.4016544e+00   2.2129544e+00   4.4875914e+02
   1.4016818e+00   2.2136478e+00   4.4925914e+02
   1.4017082e+00   2.2143399e+00   4.4975914e+02
   1.4017336e+00   2.2150307e+00   4.5025914e+02
   1.4017580e+00   2.2157201e+00   4.5075914e+02
   1.4017812e+00   2.2164082e+00   4.5125914e+02
   1.4018035e+00   2.2170950e+00   4.5175914e+02
   1.4018246e+00   2.2177804e+00   4.5225914e+02
   1.4018447e+00   2.2184645e+00   4.5275914e+02
   1.4018638e+00   2.2191472e+00   4.5325914e+02
   1.4018818e+00   2.2198286e+00   4.5375914e+02
   1.4018987e+00   2.2205087e+00   4.5425914e+02
   1.4019145e+00   2.2211874e+00   4.5475914e+02
   1.4019293e+00   2.2218648e+00   4.5525914e+02
   1.4019429e+00   2.2225408e+00   4.5575914e+02
   1.4019555e+00   2.2232154e+00   4.5625914e+02
   1.4019670e+00   2.2238887e+00   4.5675914e+02
   1.4019774e+00   2.2245606e+00   4.5725914e+02
   1.4019868e+00   2.2252311e+00   4.5775914e+02
   1.4019950e+00   2.2259003e+00   4.5825914e+02
   1.4020021e+00   2.2265681e+00   4.5875914e+02
   1.4020081e+00   2.2272345e+00   4.5925914e+02
   1.4020130e+00   2.2278996e+00   4.5975914e+02
   1.4020168e+00   2.2285632e+00   4.6025914e+02
   1.4020194e+00   2.2292255e+00   4.6075914e+02
   1.4020210e+00   2.2298864e+00   4.6125914e+02
   1.4020214e+00   2.2305459e+00   4.6175914e+02
   1.4020207e+00   2.2312040e+00   4.6225914e+02
   1.4020189e+00   2.2318607e+00   4.6275914e+02
   1.4020159e+00   2.2325160e+00   4.6325914e+02
   1.4020118e+00   2.2331700e+00   4.6375914e+02
   1.4020065e+00   2.2338225e+00   4.6425914e+02
   1.4020002e+00   2.2344736e+00   4.6475914e+02
   1.4019926e+00   2.2351233e+00   4.6525914e+02
   1.4019839e+00   2.2357715e+00   4.6575914e+02
   1.4019741e+00   2.2364184e+00   4.6625914e+02
   1.4019631e+00   2.2370639e+00   4.6675914e+02
   1.4019509e+00   2.2377079e+00   4.6725914e+02
   1.4019376e+00   2.2383505e+00   4.6775914e+02
   1.4019231e+00   2.2389917e+00   4.6825914e+02
   1.4019074e+00   2.2396314e+00   4.6875914e+02
   1.4018906e+00   2.2402697e+00   4.6925914e+02
   1.4018725e+00   2.2409066e+00   4.6975914e+02
   1.4018533e+00   2.2415420e+00   4.7025914e+02
   1.4018329e+00   2.2421760e+00   4.7075914e+02
   1.4018113e+00   2.2428086e+00   4.7125914e+02
   1.4017886e+00   2.2434397e+00   4.7175914e+02
   1.4017646e+00   2.2440693e+00   4.7225914e+02
   1.4017394e+00   2.2446975e+00   4.7275914e+02
   1.4017130e+00   2.2453243e+00   4.7325914e+02
   1.4016854e+00   2.2459496e+00   4.7375914e+02
   1.4016566e+00   2.2465734e+00   4.7425914e+02
   1.4016266e+00   2.2471958e+00   4.7475914e+02
   1.4015954e+00   2.2478167e+00   4.7525914e+02
   1.4015630e+00   2.2484361e+00   4.7575914e+02
   1.4015293e+00   2.2490541e+00   4.7625914e+02
   1.4014944e+00   2.2496706e+00   4.7675914e+02
   1.4014582e+00   2.2502856e+00   4.7725914e+02
   1.4014209e+00   2.2508991e+00   4.7775914e+02
   1.4013823e+00   2.2515111e+00   4.7825914e+02
   1.4013424e+00   2.2521217e+00   4.7875914e+02
   1.4013013e+00   2.2527308e+00   4.7925914e+02
   1.4012590e+00   2.2533383e+00   4.7975914e+02
   1.4012154e+00   2.2539444e+00   4.8025914e+02
   1.4011705e+00   2.2545490e+00   4.8075914e+02
   1.4011244e+00   2.2551521e+00   4.8125914e+02
   1.4010770e+00   2.2557537e+00   4.8175914e+02
   1.4010284e+00   2.2563537e+00   4.8225914e+02
   1.4009785e+00   2.2569523e+00   4.8275914e+02
   1.4009273e+00   2.2575493e+00   4.8325914e+02
   1.4008748e+00   2.2581449e+00   4.8375914e+02
   1.4008211e+00   2.2587389e+00   4.8425914e+02
   1.4007660e+00   2.2593314e+00   4.8475914e+02
   1.4007097e+00   2.2599224e+00   4.8525914e+02
   1.4006521e+00   2.2605118e+00   4.8575914e+02
   1.4005932e+00   2.2610997e+00   4.8625914e+02
   1.4005330e+00   2.2616861e+00   4.8675914e+02
   1.4004715e+00   2.2622710e+00   4.8725914e+02
   1.4004087e+00   2.2628543e+00   4.8775914e+02
   1.4003446e+00   2.2634361e+00   4.8825914e+02
   1.4002792e+00   2.2640163e+00   4.8875914e+02
   1.4002124e+00   2.2645950e+00   4.8925914e+02
   1.4001444e+00   2.2651721e+00   4.8975914e+02
   1.4000750e+00   2.2657477e+00   4.9025914e+02
   1.4000043e+00   2.2663218e+00   4.9075914e+02
   1.3999322e+00   2.2668942e+00   4.9125914e+02
   1.3998588e+00   2.2674651e+00   4.9175914e+02
   1.3997841e+00   2.2680345e+00   4.9225914e+02
   1.3997081e+00   2.2686023e+00   4.9275914e+02
   1.3996307e+00   2.2691685e+00   4.9325914e+02
   1.3995520e+00   2.2697331e+00   4.9375914e+02
   1.3994719e+00   2.2702962e+00   4.9425914e+02
   1.3993904e+00   2.2708577e+00   4.9475914e+02
   1.3993076e+00   2.2714176e+00   4.9525914e+02
   1.3992235e+00   2.2719760e+00   4.9575914e+02
   1.3991379e+00   2.2725327e+00   4.9625914e+02
   1.3990511e+00   2.2730879e+00   4.9675914e+02
   1.3989628e+00   2.2736414e+00   4.9725914e+02
   1.3988732e+00   2.2741934e+00   4.9775914e+02
   1.3987821e+00   2.2747438e+00   4.9825914e+02
   1.3986897e+00   2.2752926e+00   4.9875914e+02
   1.3985960e+00   2.2758398e+00   4.9925914e+02
   1.3985008e+00   2.2763853e+00   4.9975914e+02
   1.3984042e+00   2.2769293e+00   5.0025914e+02
   1.3983063e+00   2.2774716e+00   5.0075914e+02
   1.3982069e+00   2.2780124e+00   5.0125914e+02
   1.3981061e+00   2.2785515e+00   5.0175914e+02
   1.3980040e+00   2.2790890e+00   5.0225914e+02
   1.3979004e+00   2.2796249e+00   5.0275914e+02
   1.3977954e+00   2.2801591e+00   5.0325914e+02
   1.3976890e+00   2.2806918e+00   5.0375914e+02
   1.3975812e+00   2.2812227e+00   5.0425914e+02
   1.3974719e+00   2.2817521e+00   5.0475914e+02
   1.3973612e+00   2.2822798e+00   5.0525914e+02
   1.3972491e+00   2.2828059e+00   5.0575914e+02
   1.3971356e+00   2.2833304e+00   5.0625914e+02
   1.3970206e+00   2.2838532e+00   5.0675914e+02
   1.3969042e+00   2.2843743e+00   5.0725914e+02
   1.3967863e+00   2.2848938e+00   5.0775914e+02
   1.3966670e+00   2.2854117e+00   5.0825914e+02
   1.3965462e+00   2.2859278e+00   5.0875914e+02
   1.3964240e+00   2.2864424e+00   5.0925914e+02
   1.3963003e+00   2.2869552e+00   5.0975914e+02
   1.3961752e+00   2.2874665e+00   5.1025914e+02
   1.3960486e+00   2.2879760e+00   5.1075914e+02
   1.3959205e+00   2.2884839e+00   5.1125914e+02
   1.3957910e+00   2.2889900e+00   5.1175914e+02
   1.3956599e+00   2.2894946e+00   5.1225914e+02
   1.3955274e+00   2.2899974e+00   5.1275914e+02
   1.3953935e+00   2.2904986e+00   5.1325914e+02
   1.3952580e+00   2.2909980e+00   5.1375914e+02
   1.3951210e+00   2.2914958e+00   5.1425914e+02
   1.3949826e+00   2.2919919e+00   5.1475914e+02
   1.3948426e+00   2.2924863e+00   5.1525914e+02
   1.3947012e+00   2.2929790e+00   5.1575914e+02
   1.3945582e+00   2.2934700e+00   5.1625914e+02
   1.3944137e+00   2.2939593e+00   5.1675914e+02
   1.3942678e+00   2.2944469e+00   5.1725914e+02
   1.3941203e+00   2.2949328e+00   5.1775914e+02
   1.3939713e+00   2.2954170e+00   5.1825914e+02
   1.3938207e+00   2.2958995e+00   5.1875914e+02
   1.3936687e+00   2.2963802e+00   5.1925914e+02
   1.3935151e+00   2.2968592e+00   5.1975914e+02
   1.3933600e+00   2.2973366e+00   5.2025914e+02
   1.3932033e+00   2.2978121e+00   5.2075914e+02
   1.3930451e+00   2.2982860e+00   5.2125914e+02
   1.3928854e+00   2.2987581e+00   5.2175914e+02
   1.3927241e+00   2.2992285e+00   5.2225914e+02
   1.3925613e+00   2.2996972e+00   5.2275914e+02
   1.3923969e+00   2.3001641e+00   5.2325914e+02
   1.3922310e+00   2.3006293e+00   5.2375914e+02
   1.3920635e+00   2.3010927e+00   5.2425914e+02
   1.3918945e+00   2.3015544e+00   5.2475914e+02
   1.3917238e+00   2.3020144e+00   5.2525914e+02
