   3.9953708e+00   1.9899357e+00   1.3736000e+01
   3.9850233e+00   1.9855865e+00   1.4736000e+01
   3.9747009e+00   1.9812529e+00   1.5736000e+01
   3.9644036e+00   1.9769349e+00   1.6736000e+01
   3.9541314e+00   1.9726326e+00   1.7736000e+01
   3.9438843e+00   1.9683460e+00   1.8736000e+01
   3.9336622e+00   1.9640750e+00   1.9736000e+01
   3.9234651e+00   1.9598195e+00   2.0736000e+01
   3.9132930e+00   1.9555797e+00   2.1736000e+01
   3.9031458e+00   1.9513554e+00   2.2736000e+01
   3.8930236e+00   1.9471466e+00   2.3736000e+01
   3.8829262e+00   1.9429534e+00   2.4736000e+01
   3.8728538e+00   1.9387757e+00   2.5736000e+01
   3.8628061e+00   1.9346135e+00   2.6736000e+01
   3.8527833e+00   1.9304668e+00   2.7736000e+01
   3.8427853e+00   1.9263356e+00   2.8736000e+01
   3.8328121e+00   1.9222198e+00   2.9736000e+01
   3.8228635e+00   1.9181195e+00   3.0736000e+01
   3.8129397e+00   1.9140346e+00   3.1736000e+01
   3.8030406e+00   1.9099651e+00   3.2736000e+01
   3.7931662e+00   1.9059110e+00   3.3736000e+01
   3.7833164e+00   1.9018723e+00   3.4736000e+01
   3.7734911e+00   1.8978489e+00   3.5736000e+01
   3.7636905e+00   1.8938409e+00   3.6736000e+01
   3.7539144e+00   1.8898482e+00   3.7736000e+01
   3.7441629e+00   1.8858708e+00   3.8736000e+01
   3.7344358e+00   1.8819087e+00   3.9736000e+01
   3.7247332e+00   1.8779619e+00   4.0736000e+01
   3.7150551e+00   1.8740303e+00   4.1736000e+01
   3.7054014e+00   1.8701140e+00   4.2736000e+01
   3.6957721e+00   1.8662129e+00   4.3736000e+01
   3.6861671e+00   1.8623271e+00   4.4736000e+01
   3.6765865e+00   1.8584564e+00   4.5736000e+01
   3.6670302e+00   1.8546010e+00   4.6736000e+01
   3.6574982e+00   1.8507607e+00   4.7736000e+01
   3.6479905e+00   1.8469355e+00   4.8736000e+01
   3.6385070e+00   1.8431255e+00   4.9736000e+01
   3.6290477e+00   1.8393306e+00   5.0736000e+01
   3.6196126e+00   1.8355509e+00   5.1736000e+01
   3.6102017e+00   1.8317862e+00   5.2736000e+01
   3.6008148e+00   1.8280366e+00   5.3736000e+01
   3.5914521e+00   1.8243020e+00   5.4736000e+01
   3.5821135e+00   1.8205825e+00   5.5736000e+01
   3.5727989e+00   1.8168780e+00   5.6736000e+01
   3.5635083e+00   1.8131885e+00   5.7736000e+01
   3.5542417e+00   1.8095140e+00   5.8736000e+01
   3.5449991e+00   1.8058545e+00   5.9736000e+01
   3.5357805e+00   1.8022100e+00   6.0736000e+01
   3.5265857e+00   1.7985804e+00   6.1736000e+01
   3.5174149e+00   1.7949657e+00   6.2736000e+01
   3.5082679e+00   1.7913659e+00   6.3736000e+01
   3.4991448e+00   1.7877811e+00   6.4736000e+01
   3.4900454e+00   1.7842111e+00   6.5736000e+01
   3.4809699e+00   1.7806560e+00   6.6736000e+01
   3.4719181e+00   1.7771157e+00   6.7736000e+01
   3.4628901e+00   1.7735903e+00   6.8736000e+01
   3.4538857e+00   1.7700797e+00   6.9736000e+01
   3.4449050e+00   1.7665839e+00   7.0736000e+01
   3.4359480e+00   1.7631029e+00   7.1736000e+01
   3.4270146e+00   1.7596367e+00   7.2736000e+01
   3.4181048e+00   1.7561852e+00   7.3736000e+01
   3.4092186e+00   1.7527484e+00   7.4736000e+01
   3.4003560e+00   1.7493264e+00   7.5736000e+01
   3.3915168e+00   1.7459191e+00   7.6736000e+01
   3.3827012e+00   1.7425265e+00   7.7736000e+01
   3.3739090e+00   1.7391485e+00   7.8736000e+01
   3.3651402e+00   1.7357852e+00   7.9736000e+01
   3.3563949e+00   1.7324366e+00   8.0736000e+01
   3.3476730e+00   1.7291026e+00   8.1736000e+01
   3.3389744e+00   1.7257832e+00   8.2736000e+01
   3.3302991e+00   1.7224784e+00   8.3736000e+01
   3.3216472e+00   1.7191881e+00   8.4736000e+01
   3.3130186e+00   1.7159125e+00   8.5736000e+01
   3.3044132e+00   1.7126514e+00   8.6736000e+01
   3.2958310e+00   1.7094048e+00   8.7736000e+01
   3.2872720e+00   1.7061727e+00   8.8736000e+01
   3.2787362e+00   1.7029551e+00   8.9736000e+01
   3.2702236e+00   1.6997521e+00   9.0736000e+01
   3.2617341e+00   1.6965635e+00   9.1736000e+01
   3.2532677e+00   1.6933893e+00   9.2736000e+01
   3.2448243e+00   1.6902296e+00   9.3736000e+01
   3.2364040e+00   1.6870843e+00   9.4736000e+01
   3.2280067e+00   1.6839534e+00   9.5736000e+01
   3.2196324e+00   1.6808369e+00   9.6736000e+01
   3.2112811e+00   1.6777348e+00   9.7736000e+01
   3.2029527e+00   1.6746470e+00   9.8736000e+01
   3.1946472e+00   1.6715736e+00   9.9736000e+01
   3.1863646e+00   1.6685145e+00   1.0073600e+02
   3.1781049e+00   1.6654697e+00   1.0173600e+02
   3.1698679e+00   1.6624392e+00   1.0273600e+02
   3.1616538e+00   1.6594230e+00   1.0373600e+02
   3.1534625e+00   1.6564210e+00   1.0473600e+02
   3.1452939e+00   1.6534333e+00   1.0573600e+02
   3.1371481e+00   1.6504598e+00   1.0673600e+02
   3.1290250e+00   1.6475006e+00   1.0773600e+02
   3.1209245e+00   1.6445555e+00   1.0873600e+02
   3.1128467e+00   1.6416246e+00   1.0973600e+02
   3.1047914e+00   1.6387079e+00   1.1073600e+02
   3.0967588e+00   1.6358053e+00   1.1173600e+02
   3.0887488e+00   1.6329169e+00   1.1273600e+02
   3.0807613e+00   1.6300426e+00   1.1373600e+02
   3.0727963e+00   1.6271824e+00   1.1473600e+02
   3.0648538e+00   1.6243363e+00   1.1573600e+02
   3.0569337e+00   1.6215042e+00   1.1673600e+02
   3.0490361e+00   1.6186862e+00   1.1773600e+02
   3.0411609e+00   1.6158823e+00   1.1873600e+02
   3.0333081e+00   1.6130923e+00   1.1973600e+02
   3.0254776e+00   1.6103164e+00   1.2073600e+02
   3.0176695e+00   1.6075545e+00   1.2173600e+02
   3.0098837e+00   1.6048065e+00   1.2273600e+02
   3.0021201e+00   1.6020725e+00   1.2373600e+02
   2.9943788e+00   1.5993525e+00   1.2473600e+02
   2.9866597e+00   1.5966464e+00   1.2573600e+02
   2.9789628e+00   1.5939542e+00   1.2673600e+02
   2.9712881e+00   1.5912759e+00   1.2773600e+02
   2.9636355e+00   1.5886114e+00   1.2873600e+02
   2.9560051e+00   1.5859609e+00   1.2973600e+02
   2.9483967e+00   1.5833241e+00   1.3073600e+02
   2.9408104e+00   1.5807013e+00   1.3173600e+02
   2.9332461e+00   1.5780922e+00   1.3273600e+02
   2.9257038e+00   1.5754969e+00   1.3373600e+02
   2.9181836e+00   1.5729154e+00   1.3473600e+02
   2.9106852e+00   1.5703477e+00   1.3573600e+02
   2.9032089e+00   1.5677938e+00   1.3673600e+02
   2.8957544e+00   1.5652535e+00   1.3773600e+02
   2.8883218e+00   1.5627270e+00   1.3873600e+02
   2.8809110e+00   1.5602143e+00   1.3973600e+02
   2.8735221e+00   1.5577152e+00   1.4073600e+02
   2.8661550e+00   1.5552297e+00   1.4173600e+02
   2.8588096e+00   1.5527580e+00   1.4273600e+02
   2.8514860e+00   1.5502998e+00   1.4373600e+02
   2.8441841e+00   1.5478553e+00   1.4473600e+02
   2.8369039e+00   1.5454244e+00   1.4573600e+02
   2.8296454e+00   1.5430071e+00   1.4673600e+02
   2.8224085e+00   1.5406034e+00   1.4773600e+02
   2.8151932e+00   1.5382132e+00   1.4873600e+02
   2.8079995e+00   1.5358366e+00   1.4973600e+02
   2.8008274e+00   1.5334736e+00   1.5073600e+02
   2.7936768e+00   1.5311240e+00   1.5173600e+02
   2.7865477e+00   1.5287879e+00   1.5273600e+02
   2.7794401e+00   1.5264653e+00   1.5373600e+02
   2.7723539e+00   1.5241562e+00   1.5473600e+02
   2.7652892e+00   1.5218606e+00   1.5573600e+02
   2.7582459e+00   1.5195783e+00   1.5673600e+02
   2.7512239e+00   1.5173095e+00   1.5773600e+02
   2.7442233e+00   1.5150541e+00   1.5873600e+02
   2.7372440e+00   1.5128121e+00   1.5973600e+02
   2.7302861e+00   1.5105834e+00   1.6073600e+02
   2.7233493e+00   1.5083682e+00   1.6173600e+02
   2.7164339e+00   1.5061662e+00   1.6273600e+02
   2.7095396e+00   1.5039776e+00   1.6373600e+02
   2.7026665e+00   1.5018023e+00   1.6473600e+02
   2.6958146e+00   1.4996402e+00   1.6573600e+02
   2.6889839e+00   1.4974915e+00   1.6673600e+02
   2.6821742e+00   1.4953560e+00   1.6773600e+02
   2.6753856e+00   1.4932337e+00   1.6873600e+02
   2.6686181e+00   1.4911247e+00   1.6973600e+02
   2.6618716e+00   1.4890289e+00   1.7073600e+02
   2.6551461e+00   1.4869463e+00   1.7173600e+02
   2.6484416e+00   1.4848769e+00   1.7273600e+02
   2.6417581e+00   1.4828206e+00   1.7373600e+02
   2.6350954e+00   1.4807775e+00   1.7473600e+02
   2.6284537e+00   1.4787475e+00   1.7573600e+02
   2.6218328e+00   1.4767307e+00   1.7673600e+02
   2.6152328e+00   1.4747269e+00   1.7773600e+02
   2.6086536e+00   1.4727362e+00   1.7873600e+02
   2.6020952e+00   1.4707586e+00   1.7973600e+02
   2.5955576e+00   1.4687941e+00   1.8073600e+02
   2.5890407e+00   1.4668425e+00   1.8173600e+02
   2.5825445e+00   1.4649041e+00   1.8273600e+02
   2.5760690e+00   1.4629786e+00   1.8373600e+02
   2.5696142e+00   1.4610661e+00   1.8473600e+02
   2.5631799e+00   1.4591665e+00   1.8573600e+02
   2.5567663e+00   1.4572800e+00   1.8673600e+02
   2.5503733e+00   1.4554064e+00   1.8773600e+02
   2.5440009e+00   1.4535457e+00   1.8873600e+02
   2.5376489e+00   1.4516979e+00   1.8973600e+02
   2.5313175e+00   1.4498630e+00   1.9073600e+02
   2.5250065e+00   1.4480410e+00   1.9173600e+02
   2.5187160e+00   1.4462318e+00   1.9273600e+02
   2.5124459e+00   1.4444355e+00   1.9373600e+02
   2.5061962e+00   1.4426520e+00   1.9473600e+02
   2.4999668e+00   1.4408814e+00   1.9573600e+02
   2.4937579e+00   1.4391235e+00   1.9673600e+02
   2.4875692e+00   1.4373784e+00   1.9773600e+02
   2.4814008e+00   1.4356461e+00   1.9873600e+02
   2.4752527e+00   1.4339266e+00   1.9973600e+02
   2.4691248e+00   1.4322198e+00   2.0073600e+02
   2.4630171e+00   1.4305257e+00   2.0173600e+02
   2.4569296e+00   1.4288443e+00   2.0273600e+02
   2.4508623e+00   1.4271755e+00   2.0373600e+02
   2.4448150e+00   1.4255195e+00   2.0473600e+02
   2.4387879e+00   1.4238761e+00   2.0573600e+02
   2.4327809e+00   1.4222454e+00   2.0673600e+02
   2.4267939e+00   1.4206273e+00   2.0773600e+02
   2.4208270e+00   1.4190218e+00   2.0873600e+02
   2.4148800e+00   1.4174288e+00   2.0973600e+02
   2.4089530e+00   1.4158485e+00   2.1073600e+02
   2.4030460e+00   1.4142807e+00   2.1173600e+02
   2.3971588e+00   1.4127255e+00   2.1273600e+02
   2.3912916e+00   1.4111828e+00   2.1373600e+02
   2.3854442e+00   1.4096526e+00   2.1473600e+02
   2.3796167e+00   1.4081349e+00   2.1573600e+02
   2.3738090e+00   1.4066297e+00   2.1673600e+02
   2.3680211e+00   1.4051369e+00   2.1773600e+02
   2.3622529e+00   1.4036566e+00   2.1873600e+02
   2.3565044e+00   1.4021887e+00   2.1973600e+02
   2.3507757e+00   1.4007333e+00   2.2073600e+02
   2.3450666e+00   1.3992902e+00   2.2173600e+02
   2.3393772e+00   1.3978596e+00   2.2273600e+02
   2.3337075e+00   1.3964413e+00   2.2373600e+02
   2.3280573e+00   1.3950353e+00   2.2473600e+02
   2.3224267e+00   1.3936417e+00   2.2573600e+02
   2.3168156e+00   1.3922605e+00   2.2673600e+02
   2.3112241e+00   1.3908915e+00   2.2773600e+02
   2.3056520e+00   1.3895348e+00   2.2873600e+02
   2.3000995e+00   1.3881904e+00   2.2973600e+02
   2.2945663e+00   1.3868582e+00   2.3073600e+02
   2.2890526e+00   1.3855383e+00   2.3173600e+02
   2.2835583e+00   1.3842306e+00   2.3273600e+02
   2.2780833e+00   1.3829352e+00   2.3373600e+02
   2.2726277e+00   1.3816519e+00   2.3473600e+02
   2.2671914e+00   1.3803808e+00   2.3573600e+02
   2.2617743e+00   1.3791219e+00   2.3673600e+02
   2.2563765e+00   1.3778751e+00   2.3773600e+02
   2.2509980e+00   1.3766404e+00   2.3873600e+02
   2.2456386e+00   1.3754179e+00   2.3973600e+02
   2.2402984e+00   1.3742074e+00   2.4073600e+02
   2.2349774e+00   1.3730091e+00   2.4173600e+02
   2.2296755e+00   1.3718228e+00   2.4273600e+02
   2.2243927e+00   1.3706485e+00   2.4373600e+02
   2.2191289e+00   1.3694863e+00   2.4473600e+02
   2.2138843e+00   1.3683361e+00   2.4573600e+02
   2.2086586e+00   1.3671980e+00   2.4673600e+02
   2.2034519e+00   1.3660718e+00   2.4773600e+02
   2.1982642e+00   1.3649575e+00   2.4873600e+02
   2.1930954e+00   1.3638553e+00   2.4973600e+02
   2.1879455e+00   1.3627650e+00   2.5073600e+02
   2.1828145e+00   1.3616866e+00   2.5173600e+02
   2.1777024e+00   1.3606201e+00   2.5273600e+02
   2.1726091e+00   1.3595655e+00   2.5373600e+02
   2.1675346e+00   1.3585227e+00   2.5473600e+02
   2.1624789e+00   1.3574919e+00   2.5573600e+02
   2.1574419e+00   1.3564729e+00   2.5673600e+02
   2.1524237e+00   1.3554657e+00   2.5773600e+02
   2.1474241e+00   1.3544703e+00   2.5873600e+02
   2.1424433e+00   1.3534867e+00   2.5973600e+02
   2.1374811e+00   1.3525149e+00   2.6073600e+02
   2.1325375e+00   1.3515549e+00   2.6173600e+02
   2.1276125e+00   1.3506066e+00   2.6273600e+02
   2.1227060e+00   1.3496701e+00   2.6373600e+02
   2.1178181e+00   1.3487452e+00   2.6473600e+02
   2.1129487e+00   1.3478321e+00   2.6573600e+02
   2.1080978e+00   1.3469306e+00   2.6673600e+02
   2.1032654e+00   1.3460409e+00   2.6773600e+02
   2.0984514e+00   1.3451627e+00   2.6873600e+02
   2.0936558e+00   1.3442963e+00   2.6973600e+02
   2.0888786e+00   1.3434414e+00   2.7073600e+02
   2.0841197e+00   1.3425982e+00   2.7173600e+02
   2.0793792e+00   1.3417665e+00   2.7273600e+02
   2.0746570e+00   1.3409464e+00   2.7373600e+02
   2.0699530e+00   1.3401379e+00   2.7473600e+02
   2.0652673e+00   1.3393409e+00   2.7573600e+02
   2.0605999e+00   1.3385554e+00   2.7673600e+02
   2.0559506e+00   1.3377815e+00   2.7773600e+02
   2.0513195e+00   1.3370190e+00   2.7873600e+02
   2.0467065e+00   1.3362680e+00   2.7973600e+02
   2.0421116e+00   1.3355285e+00   2.8073600e+02
   2.0375349e+00   1.3348005e+00   2.8173600e+02
   2.0329762e+00   1.3340838e+00   2.8273600e+02
   2.0284355e+00   1.3333786e+00   2.8373600e+02
   2.0239129e+00   1.3326848e+00   2.8473600e+02
   2.0194082e+00   1.3320023e+00   2.8573600e+02
   2.0149215e+00   1.3313313e+00   2.8673600e+02
   2.0104527e+00   1.3306716e+00   2.8773600e+02
   2.0060018e+00   1.3300232e+00   2.8873600e+02
   2.0015688e+00   1.3293861e+00   2.8973600e+02
   1.9971537e+00   1.3287604e+00   2.9073600e+02
   1.9927564e+00   1.3281459e+00   2.9173600e+02
   1.9883769e+00   1.3275427e+00   2.9273600e+02
   1.9840151e+00   1.3269508e+00   2.9373600e+02
   1.9796711e+00   1.3263701e+00   2.9473600e+02
   1.9753448e+00   1.3258006e+00   2.9573600e+02
   1.9710362e+00   1.3252423e+00   2.9673600e+02
   1.9667453e+00   1.3246952e+00   2.9773600e+02
   1.9624720e+00   1.3241593e+00   2.9873600e+02
   1.9582164e+00   1.3236346e+00   2.9973600e+02
   1.9539783e+00   1.3231210e+00   3.0073600e+02
   1.9497578e+00   1.3226186e+00   3.0173600e+02
   1.9455548e+00   1.3221272e+00   3.0273600e+02
   1.9413693e+00   1.3216470e+00   3.0373600e+02
   1.9372013e+00   1.3211778e+00   3.0473600e+02
   1.9330507e+00   1.3207197e+00   3.0573600e+02
   1.9289176e+00   1.3202726e+00   3.0673600e+02
   1.9248019e+00   1.3198366e+00   3.0773600e+02
   1.9207036e+00   1.3194116e+00   3.0873600e+02
   1.9166226e+00   1.3189976e+00   3.0973600e+02
   1.9125589e+00   1.3185946e+00   3.1073600e+02
   1.9085125e+00   1.3182025e+00   3.1173600e+02
   1.9044834e+00   1.3178214e+00   3.1273600e+02
   1.9004715e+00   1.3174513e+00   3.1373600e+02
   1.8964769e+00   1.3170921e+00   3.1473600e+02
   1.8924994e+00   1.3167437e+00   3.1573600e+02
   1.8885391e+00   1.3164063e+00   3.1673600e+02
   1.8845960e+00   1.3160797e+00   3.1773600e+02
   1.8806699e+00   1.3157640e+00   3.1873600e+02
   1.8767610e+00   1.3154592e+00   3.1973600e+02
   1.8728690e+00   1.3151651e+00   3.2073600e+02
   1.8689942e+00   1.3148819e+00   3.2173600e+02
   1.8651363e+00   1.3146095e+00   3.2273600e+02
   1.8612954e+00   1.3143479e+00   3.2373600e+02
   1.8574714e+00   1.3140970e+00   3.2473600e+02
   1.8536644e+00   1.3138568e+00   3.2573600e+02
   1.8498743e+00   1.3136274e+00   3.2673600e+02
   1.8461010e+00   1.3134087e+00   3.2773600e+02
   1.8423446e+00   1.3132008e+00   3.2873600e+02
   1.8386050e+00   1.3130035e+00   3.2973600e+02
   1.8348822e+00   1.3128168e+00   3.3073600e+02
   1.8311762e+00   1.3126408e+00   3.3173600e+02
   1.8274869e+00   1.3124755e+00   3.3273600e+02
   1.8238143e+00   1.3123208e+00   3.3373600e+02
   1.8201584e+00   1.3121766e+00   3.3473600e+02
   1.8165192e+00   1.3120431e+00   3.3573600e+02
   1.8128966e+00   1.3119201e+00   3.3673600e+02
   1.8092906e+00   1.3118077e+00   3.3773600e+02
   1.8057012e+00   1.3117059e+00   3.3873600e+02
   1.8021283e+00   1.3116145e+00   3.3973600e+02
   1.7985720e+00   1.3115337e+00   3.4073600e+02
   1.7950322e+00   1.3114633e+00   3.4173600e+02
   1.7915088e+00   1.3114035e+00   3.4273600e+02
   1.7880019e+00   1.3113541e+00   3.4373600e+02
   1.7845114e+00   1.3113151e+00   3.4473600e+02
   1.7810373e+00   1.3112866e+00   3.4573600e+02
   1.7775796e+00   1.3112685e+00   3.4673600e+02
   1.7741382e+00   1.3112608e+00   3.4773600e+02
   1.7707131e+00   1.3112634e+00   3.4873600e+02
   1.7673043e+00   1.3112765e+00   3.4973600e+02
   1.7639118e+00   1.3112998e+00   3.5073600e+02
   1.7605355e+00   1.3113335e+00   3.5173600e+02
   1.7571755e+00   1.3113776e+00   3.5273600e+02
   1.7538316e+00   1.3114319e+00   3.5373600e+02
   1.7505038e+00   1.3114965e+00   3.5473600e+02
   1.7471922e+00   1.3115714e+00   3.5573600e+02
   1.7438967e+00   1.3116566e+00   3.5673600e+02
   1.7406173e+00   1.3117520e+00   3.5773600e+02
   1.7373539e+00   1.3118576e+00   3.5873600e+02
   1.7341066e+00   1.3119734e+00   3.5973600e+02
   1.7308752e+00   1.3120994e+00   3.6073600e+02
   1.7276599e+00   1.3122355e+00   3.6173600e+02
   1.7244604e+00   1.3123819e+00   3.6273600e+02
   1.7212769e+00   1.3125384e+00   3.6373600e+02
   1.7181093e+00   1.3127050e+00   3.6473600e+02
   1.7149575e+00   1.3128817e+00   3.6573600e+02
   1.7118216e+00   1.3130685e+00   3.6673600e+02
   1.7087015e+00   1.3132654e+00   3.6773600e+02
   1.7055971e+00   1.3134724e+00   3.6873600e+02
   1.7025086e+00   1.3136894e+00   3.6973600e+02
   1.6994357e+00   1.3139164e+00   3.7073600e+02
   1.6963786e+00   1.3141534e+00   3.7173600e+02
   1.6933372e+00   1.3144005e+00   3.7273600e+02
   1.6903114e+00   1.3146575e+00   3.7373600e+02
   1.6873012e+00   1.3149245e+00   3.7473600e+02
   1.6843066e+00   1.3152015e+00   3.7573600e+02
   1.6813276e+00   1.3154884e+00   3.7673600e+02
   1.6783642e+00   1.3157852e+00   3.7773600e+02
   1.6754162e+00   1.3160919e+00   3.7873600e+02
   1.6724838e+00   1.3164085e+00   3.7973600e+02
   1.6695668e+00   1.3167350e+00   3.8073600e+02
   1.6666653e+00   1.3170713e+00   3.8173600e+02
   1.6637792e+00   1.3174175e+00   3.8273600e+02
   1.6609085e+00   1.3177735e+00   3.8373600e+02
   1.6580531e+00   1.3181393e+00   3.8473600e+02
   1.6552131e+00   1.3185149e+00   3.8573600e+02
   1.6523884e+00   1.3189003e+00   3.8673600e+02
   1.6495789e+00   1.3192954e+00   3.8773600e+02
   1.6467847e+00   1.3197003e+00   3.8873600e+02
   1.6440058e+00   1.3201149e+00   3.8973600e+02
   1.6412420e+00   1.3205392e+00   3.9073600e+02
   1.6384935e+00   1.3209733e+00   3.9173600e+02
   1.6357600e+00   1.3214170e+00   3.9273600e+02
   1.6330417e+00   1.3218704e+00   3.9373600e+02
   1.6303385e+00   1.3223334e+00   3.9473600e+02
   1.6276504e+00   1.3228060e+00   3.9573600e+02
   1.6249773e+00   1.3232883e+00   3.9673600e+02
   1.6223192e+00   1.3237802e+00   3.9773600e+02
   1.6196762e+00   1.3242817e+00   3.9873600e+02
   1.6170480e+00   1.3247927e+00   3.9973600e+02
   1.6144349e+00   1.3253133e+00   4.0073600e+02
   1.6118366e+00   1.3258434e+00   4.0173600e+02
   1.6092532e+00   1.3263831e+00   4.0273600e+02
   1.6066847e+00   1.3269322e+00   4.0373600e+02
   1.6041310e+00   1.3274909e+00   4.0473600e+02
   1.6015921e+00   1.3280590e+00   4.0573600e+02
   1.5990680e+00   1.3286366e+00   4.0673600e+02
   1.5965586e+00   1.3292236e+00   4.0773600e+02
   1.5940640e+00   1.3298200e+00   4.0873600e+02
   1.5915841e+00   1.3304259e+00   4.0973600e+02
   1.5891188e+00   1.3310412e+00   4.1073600e+02
   1.5866682e+00   1.3316658e+00   4.1173600e+02
   1.5842322e+00   1.3322998e+00   4.1273600e+02
   1.5818108e+00   1.3329432e+00   4.1373600e+02
   1.5794040e+00   1.3335958e+00   4.1473600e+02
   1.5770117e+00   1.3342578e+00   4.1573600e+02
   1.5746339e+00   1.3349291e+00   4.1673600e+02
   1.5722706e+00   1.3356097e+00   4.1773600e+02
   1.5699218e+00   1.3362996e+00   4.1873600e+02
   1.5675874e+00   1.3369987e+00   4.1973600e+02
   1.5652674e+00   1.3377070e+00   4.2073600e+02
   1.5629618e+00   1.3384246e+00   4.2173600e+02
   1.5606705e+00   1.3391513e+00   4.2273600e+02
   1.5583936e+00   1.3398873e+00   4.2373600e+02
   1.5561310e+00   1.3406324e+00   4.2473600e+02
   1.5538826e+00   1.3413867e+00   4.2573600e+02
   1.5516486e+00   1.3421501e+00   4.2673600e+02
   1.5494287e+00   1.3429227e+00   4.2773600e+02
   1.5472230e+00   1.3437043e+00   4.2873600e+02
   1.5450315e+00   1.3444951e+00   4.2973600e+02
   1.5428541e+00   1.3452949e+00   4.3073600e+02
   1.5406909e+00   1.3461038e+00   4.3173600e+02
   1.5385417e+00   1.3469217e+00   4.3273600e+02
   1.5364066e+00   1.3477487e+00   4.3373600e+02
   1.5342856e+00   1.3485847e+00   4.3473600e+02
   1.5321785e+00   1.3494296e+00   4.3573600e+02
   1.5300855e+00   1.3502836e+00   4.3673600e+02
   1.5280064e+00   1.3511465e+00   4.3773600e+02
   1.5259412e+00   1.3520184e+00   4.3873600e+02
   1.5238899e+00   1.3528992e+00   4.3973600e+02
   1.5218525e+00   1.3537889e+00   4.4073600e+02
   1.5198290e+00   1.3546876e+00   4.4173600e+02
   1.5178193e+00   1.3555951e+00   4.4273600e+02
   1.5158234e+00   1.3565115e+00   4.4373600e+02
   1.5138412e+00   1.3574367e+00   4.4473600e+02
   1.5118728e+00   1.3583708e+00   4.4573600e+02
   1.5099181e+00   1.3593137e+00   4.4673600e+02
   1.5079771e+00   1.3602654e+00   4.4773600e+02
   1.5060498e+00   1.3612259e+00   4.4873600e+02
   1.5041361e+00   1.3621952e+00   4.4973600e+02
   1.5022361e+00   1.3631732e+00   4.5073600e+02
   1.5003496e+00   1.3641600e+00   4.5173600e+02
   1.4984767e+00   1.3651555e+00   4.5273600e+02
   1.4966173e+00   1.3661597e+00   4.5373600e+02
   1.4947714e+00   1.3671726e+00   4.5473600e+02
   1.4929390e+00   1.3681942e+00   4.5573600e+02
   1.4911201e+00   1.3692245e+00   4.5673600e+02
   1.4893146e+00   1.3702634e+00   4.5773600e+02
   1.4875224e+00   1.3713109e+00   4.5873600e+02
   1.4857437e+00   1.3723671e+00   4.5973600e+02
   1.4839783e+00   1.3734318e+00   4.6073600e+02
   1.4822262e+00   1.3745052e+00   4.6173600e+02
   1.4804875e+00   1.3755871e+00   4.6273600e+02
   1.4787620e+00   1.3766775e+00   4.6373600e+02
   1.4770497e+00   1.3777765e+00   4.6473600e+02
   1.4753507e+00   1.3788841e+00   4.6573600e+02
   1.4736648e+00   1.3800001e+00   4.6673600e+02
   1.4719921e+00   1.3811246e+00   4.6773600e+02
   1.4703326e+00   1.3822576e+00   4.6873600e+02
   1.4686861e+00   1.3833990e+00   4.6973600e+02
   1.4670527e+00   1.3845489e+00   4.7073600e+02
   1.4654324e+00   1.3857072e+00   4.7173600e+02
   1.4638252e+00   1.3868739e+00   4.7273600e+02
   1.4622309e+00   1.3880490e+00   4.7373600e+02
   1.4606496e+00   1.3892325e+00   4.7473600e+02
   1.4590812e+00   1.3904243e+00   4.7573600e+02
   1.4575258e+00   1.3916245e+00   4.7673600e+02
   1.4559833e+00   1.3928331e+00   4.7773600e+02
   1.4544537e+00   1.3940499e+00   4.7873600e+02
   1.4529368e+00   1.3952750e+00   4.7973600e+02
   1.4514329e+00   1.3965085e+00   4.8073600e+02
   1.4499417e+00   1.3977501e+00   4.8173600e+02
   1.4484632e+00   1.3990001e+00   4.8273600e+02
   1.4469975e+00   1.4002582e+00   4.8373600e+02
   1.4455446e+00   1.4015246e+00   4.8473600e+02
   1.4441043e+00   1.4027992e+00   4.8573600e+02
   1.4426766e+00   1.4040820e+00   4.8673600e+02
   1.4412616e+00   1.4053729e+00   4.8773600e+02
   1.4398593e+00   1.4066720e+00   4.8873600e+02
   1.4384694e+00   1.4079793e+00   4.8973600e+02
   1.4370922e+00   1.4092946e+00   4.9073600e+02
   1.4357275e+00   1.4106181e+00   4.9173600e+02
   1.4343752e+00   1.4119497e+00   4.9273600e+02
   1.4330355e+00   1.4132893e+00   4.9373600e+02
   1.4317082e+00   1.4146370e+00   4.9473600e+02
   1.4303933e+00   1.4159928e+00   4.9573600e+02
   1.4290908e+00   1.4173565e+00   4.9673600e+02
   1.4278007e+00   1.4187283e+00   4.9773600e+02
   1.4265229e+00   1.4201081e+00   4.9873600e+02
   1.4252574e+00   1.4214958e+00   4.9973600e+02
   1.4240042e+00   1.4228916e+00   5.0073600e+02
   1.4227633e+00   1.4242952e+00   5.0173600e+02
   1.4215346e+00   1.4257068e+00   5.0273600e+02
   1.4203182e+00   1.4271263e+00   5.0373600e+02
   1.4191139e+00   1.4285538e+00   5.0473600e+02
   1.4179217e+00   1.4299891e+00   5.0573600e+02
   1.4167417e+00   1.4314322e+00   5.0673600e+02
   1.4155738e+00   1.4328832e+00   5.0773600e+02
   1.4144180e+00   1.4343421e+00   5.0873600e+02
   1.4132742e+00   1.4358088e+00   5.0973600e+02
   1.4121425e+00   1.4372833e+00   5.1073600e+02
   1.4110227e+00   1.4387655e+00   5.1173600e+02
   1.4099150e+00   1.4402556e+00   5.1273600e+02
   1.4088191e+00   1.4417534e+00   5.1373600e+02
   1.4077352e+00   1.4432589e+00   5.1473600e+02
   1.4066632e+00   1.4447722e+00   5.1573600e+02
   1.4056030e+00   1.4462932e+00   5.1673600e+02
   1.4045547e+00   1.4478219e+00   5.1773600e+02
   1.4035182e+00   1.4493582e+00   5.1873600e+02
   1.4024935e+00   1.4509022e+00   5.1973600e+02
   1.4014805e+00   1.4524539e+00   5.2073600e+02
   1.4004793e+00   1.4540132e+00   5.2173600e+02
   1.3994897e+00   1.4555801e+00   5.2273600e+02
   1.3985119e+00   1.4571546e+00   5.2373600e+02
   1.3975457e+00   1.4587367e+00   5.2473600e+02
   1.3965911e+00   1.4603263e+00   5.2573600e+02
   1.3956481e+00   1.4619235e+00   5.2673600e+02
   1.3947168e+00   1.4635283e+00   5.2773600e+02
   1.3937969e+00   1.4651405e+00   5.2873600e+02
   1.3928886e+00   1.4667603e+00   5.2973600e+02
   1.3919917e+00   1.4683875e+00   5.3073600e+02
   1.3911064e+00   1.4700222e+00   5.3173600e+02
   1.3902324e+00   1.4716644e+00   5.3273600e+02
   1.3893699e+00   1.4733140e+00   5.3373600e+02
   1.3885188e+00   1.4749710e+00   5.3473600e+02
   1.3876791e+00   1.4766355e+00   5.3573600e+02
   1.3868506e+00   1.4783073e+00   5.3673600e+02
   1.3860335e+00   1.4799865e+00   5.3773600e+02
   1.3852277e+00   1.4816731e+00   5.3873600e+02
   1.3844331e+00   1.4833670e+00   5.3973600e+02
   1.3836497e+00   1.4850682e+00   5.4073600e+02
   1.3828776e+00   1.4867768e+00   5.4173600e+02
   1.3821166e+00   1.4884926e+00   5.4273600e+02
   1.3813668e+00   1.4902158e+00   5.4373600e+02
   1.3806281e+00   1.4919461e+00   5.4473600e+02
   1.3799005e+00   1.4936838e+00   5.4573600e+02
   1.3791840e+00   1.4954286e+00   5.4673600e+02
   1.3784785e+00   1.4971807e+00   5.4773600e+02
   1.3777840e+00   1.4989400e+00   5.4873600e+02
   1.3771005e+00   1.5007065e+00   5.4973600e+02
   1.3764280e+00   1.5024801e+00   5.5073600e+02
   1.3757664e+00   1.5042609e+00   5.5173600e+02
   1.3751158e+00   1.5060489e+00   5.5273600e+02
   1.3744760e+00   1.5078439e+00   5.5373600e+02
   1.3738471e+00   1.5096461e+00   5.5473600e+02
   1.3732290e+00   1.5114553e+00   5.5573600e+02
   1.3726217e+00   1.5132716e+00   5.5673600e+02
   1.3720252e+00   1.5150950e+00   5.5773600e+02
   1.3714394e+00   1.5169254e+00   5.5873600e+02
   1.3708644e+00   1.5187629e+00   5.5973600e+02
   1.3703000e+00   1.5206073e+00   5.6073600e+02
   1.3697464e+00   1.5224588e+00   5.6173600e+02
   1.3692034e+00   1.5243172e+00   5.6273600e+02
   1.3686710e+00   1.5261826e+00   5.6373600e+02
   1.3681492e+00   1.5280549e+00   5.6473600e+02
   1.3676380e+00   1.5299342e+00   5.6573600e+02
   1.3671373e+00   1.5318204e+00   5.6673600e+02
   1.3666471e+00   1.5337134e+00   5.6773600e+02
   1.3661674e+00   1.5356134e+00   5.6873600e+02
   1.3656982e+00   1.5375202e+00   5.6973600e+02
   1.3652394e+00   1.5394339e+00   5.7073600e+02
   1.3647910e+00   1.5413544e+00   5.7173600e+02
   1.3643530e+00   1.5432817e+00   5.7273600e+02
   1.3639253e+00   1.5452159e+00   5.7373600e+02
   1.3635080e+00   1.5471568e+00   5.7473600e+02
   1.3631010e+00   1.5491045e+00   5.7573600e+02
   1.3627042e+00   1.5510589e+00   5.7673600e+02
   1.3623177e+00   1.5530201e+00   5.7773600e+02
   1.3619415e+00   1.5549880e+00   5.7873600e+02
   1.3615754e+00   1.5569626e+00   5.7973600e+02
   1.3612195e+00   1.5589440e+00   5.8073600e+02
   1.3608737e+00   1.5609319e+00   5.8173600e+02
   1.3605381e+00   1.5629266e+00   5.8273600e+02
   1.3602125e+00   1.5649279e+00   5.8373600e+02
   1.3598970e+00   1.5669358e+00   5.8473600e+02
   1.3595916e+00   1.5689503e+00   5.8573600e+02
   1.3592961e+00   1.5709714e+00   5.8673600e+02
   1.3590107e+00   1.5729991e+00   5.8773600e+02
   1.3587351e+00   1.5750334e+00   5.8873600e+02
   1.3584696e+00   1.5770742e+00   5.8973600e+02
   1.3582139e+00   1.5791216e+00   5.9073600e+02
   1.3579681e+00   1.5811754e+00   5.9173600e+02
   1.3577322e+00   1.5832358e+00   5.9273600e+02
   1.3575061e+00   1.5853027e+00   5.9373600e+02
   1.3572897e+00   1.5873760e+00   5.9473600e+02
   1.3570832e+00   1.5894558e+00   5.9573600e+02
   1.3568864e+00   1.5915420e+00   5.9673600e+02
   1.3566993e+00   1.5936346e+00   5.9773600e+02
   1.3565219e+00   1.5957336e+00   5.9873600e+02
   1.3563542e+00   1.5978391e+00   5.9973600e+02
   1.3561961e+00   1.5999509e+00   6.0073600e+02
   1.3560477e+00   1.6020690e+00   6.0173600e+02
   1.3559088e+00   1.6041935e+00   6.0273600e+02
   1.3557795e+00   1.6063243e+00   6.0373600e+02
   1.3556597e+00   1.6084615e+00   6.0473600e+02
   1.3555494e+00   1.6106049e+00   6.0573600e+02
   1.3554486e+00   1.6127546e+00   6.0673600e+02
   1.3553573e+00   1.6149106e+00   6.0773600e+02
   1.3552753e+00   1.6170728e+00   6.0873600e+02
   1.3552028e+00   1.6192412e+00   6.0973600e+02
   1.3551397e+00   1.6214159e+00   6.1073600e+02
   1.3550859e+00   1.6235968e+00   6.1173600e+02
   1.3550414e+00   1.6257838e+00   6.1273600e+02
   1.3550063e+00   1.6279770e+00   6.1373600e+02
   1.3549803e+00   1.6301764e+00   6.1473600e+02
   1.3549637e+00   1.6323819e+00   6.1573600e+02
   1.3549562e+00   1.6345935e+00   6.1673600e+02
   1.3549580e+00   1.6368112e+00   6.1773600e+02
   1.3549689e+00   1.6390350e+00   6.1873600e+02
   1.3549889e+00   1.6412649e+00   6.1973600e+02
   1.3550181e+00   1.6435008e+00   6.2073600e+02
   1.3550563e+00   1.6457428e+00   6.2173600e+02
   1.3551036e+00   1.6479908e+00   6.2273600e+02
   1.3551599e+00   1.6502448e+00   6.2373600e+02
   1.3552253e+00   1.6525048e+00   6.2473600e+02
   1.3552996e+00   1.6547707e+00   6.2573600e+02
   1.3553828e+00   1.6570427e+00   6.2673600e+02
   1.3554750e+00   1.6593205e+00   6.2773600e+02
   1.3555761e+00   1.6616043e+00   6.2873600e+02
   1.3556860e+00   1.6638940e+00   6.2973600e+02
   1.3558048e+00   1.6661897e+00   6.3073600e+02
   1.3559324e+00   1.6684911e+00   6.3173600e+02
   1.3560688e+00   1.6707985e+00   6.3273600e+02
   1.3562140e+00   1.6731117e+00   6.3373600e+02
   1.3563679e+00   1.6754307e+00   6.3473600e+02
   1.3565305e+00   1.6777556e+00   6.3573600e+02
   1.3567018e+00   1.6800863e+00   6.3673600e+02
   1.3568818e+00   1.6824227e+00   6.3773600e+02
   1.3570704e+00   1.6847649e+00   6.3873600e+02
   1.3572676e+00   1.6871129e+00   6.3973600e+02
   1.3574734e+00   1.6894666e+00   6.4073600e+02
   1.3576877e+00   1.6918260e+00   6.4173600e+02
   1.3579106e+00   1.6941911e+00   6.4273600e+02
   1.3581420e+00   1.6965619e+00   6.4373600e+02
   1.3583818e+00   1.6989384e+00   6.4473600e+02
   1.3586301e+00   1.7013206e+00   6.4573600e+02
   1.3588868e+00   1.7037083e+00   6.4673600e+02
   1.3591519e+00   1.7061018e+00   6.4773600e+02
   1.3594254e+00   1.7085008e+00   6.4873600e+02
   1.3597072e+00   1.7109054e+00   6.4973600e+02
   1.3599973e+00   1.7133156e+00   6.5073600e+02
   1.3602958e+00   1.7157314e+00   6.5173600e+02
   1.3606024e+00   1.7181527e+00   6.5273600e+02
   1.3609174e+00   1.7205795e+00   6.5373600e+02
   1.3612405e+00   1.7230118e+00   6.5473600e+02
   1.3615718e+00   1.7254497e+00   6.5573600e+02
   1.3619113e+00   1.7278930e+00   6.5673600e+02
   1.3622588e+00   1.7303418e+00   6.5773600e+02
   1.3626145e+00   1.7327961e+00   6.5873600e+02
   1.3629783e+00   1.7352558e+00   6.5973600e+02
   1.3633501e+00   1.7377209e+00   6.6073600e+02
   1.3637300e+00   1.7401914e+00   6.6173600e+02
   1.3641178e+00   1.7426673e+00   6.6273600e+02
   1.3645137e+00   1.7451485e+00   6.6373600e+02
   1.3649174e+00   1.7476352e+00   6.6473600e+02
   1.3653291e+00   1.7501271e+00   6.6573600e+02
   1.3657487e+00   1.7526244e+00   6.6673600e+02
   1.3661761e+00   1.7551270e+00   6.6773600e+02
   1.3666114e+00   1.7576349e+00   6.6873600e+02
   1.3670545e+00   1.7601481e+00   6.6973600e+02
   1.3675053e+00   1.7626665e+00   6.7073600e+02
   1.3679640e+00   1.7651901e+00   6.7173600e+02
   1.3684303e+00   1.7677190e+00   6.7273600e+02
   1.3689044e+00   1.7702531e+00   6.7373600e+02
   1.3693862e+00   1.7727924e+00   6.7473600e+02
   1.3698756e+00   1.7753369e+00   6.7573600e+02
   1.3703726e+00   1.7778866e+00   6.7673600e+02
   1.3708772e+00   1.7804414e+00   6.7773600e+02
   1.3713894e+00   1.7830013e+00   6.7873600e+02
   1.3719092e+00   1.7855664e+00   6.7973600e+02
   1.3724364e+00   1.7881365e+00   6.8073600e+02
   1.3729712e+00   1.7907117e+00   6.8173600e+02
   1.3735134e+00   1.7932920e+00   6.8273600e+02
   1.3740631e+00   1.7958774e+00   6.8373600e+02
   1.3746202e+00   1.7984678e+00   6.8473600e+02
   1.3751847e+00   1.8010632e+00   6.8573600e+02
   1.3757565e+00   1.8036636e+00   6.8673600e+02
   1.3763357e+00   1.8062690e+00   6.8773600e+02
   1.3769221e+00   1.8088794e+00   6.8873600e+02
   1.3775159e+00   1.8114948e+00   6.8973600e+02
   1.3781169e+00   1.8141151e+00   6.9073600e+02
   1.3787252e+00   1.8167403e+00   6.9173600e+02
   1.3793406e+00   1.8193704e+00   6.9273600e+02
   1.3799632e+00   1.8220054e+00   6.9373600e+02
   1.3805930e+00   1.8246453e+00   6.9473600e+02
   1.3812299e+00   1.8272901e+00   6.9573600e+02
   1.3818739e+00   1.8299397e+00   6.9673600e+02
   1.3825250e+00   1.8325941e+00   6.9773600e+02
   1.3831831e+00   1.8352533e+00   6.9873600e+02
   1.3838482e+00   1.8379174e+00   6.9973600e+02
   1.3845203e+00   1.8405862e+00   7.0073600e+02
   1.3851994e+00   1.8432598e+00   7.0173600e+02
   1.3858854e+00   1.8459382e+00   7.0273600e+02
   1.3865783e+00   1.8486213e+00   7.0373600e+02
   1.3872782e+00   1.8513091e+00   7.0473600e+02
   1.3879848e+00   1.8540016e+00   7.0573600e+02
   1.3886983e+00   1.8566988e+00   7.0673600e+02
   1.3894186e+00   1.8594006e+00   7.0773600e+02
   1.3901457e+00   1.8621071e+00   7.0873600e+02
   1.3908796e+00   1.8648183e+00   7.0973600e+02
   1.3916201e+00   1.8675341e+00   7.1073600e+02
   1.3923674e+00   1.8702545e+00   7.1173600e+02
   1.3931213e+00   1.8729795e+00   7.1273600e+02
   1.3938819e+00   1.8757090e+00   7.1373600e+02
   1.3946491e+00   1.8784432e+00   7.1473600e+02
   1.3954229e+00   1.8811818e+00   7.1573600e+02
   1.3962033e+00   1.8839250e+00   7.1673600e+02
   1.3969902e+00   1.8866727e+00   7.1773600e+02
   1.3977836e+00   1.8894249e+00   7.1873600e+02
   1.3985835e+00   1.8921816e+00   7.1973600e+02
   1.3993899e+00   1.8949428e+00   7.2073600e+02
   1.4002027e+00   1.8977084e+00   7.2173600e+02
   1.4010219e+00   1.9004784e+00   7.2273600e+02
   1.4018475e+00   1.9032529e+00   7.2373600e+02
   1.4026794e+00   1.9060317e+00   7.2473600e+02
   1.4035177e+00   1.9088150e+00   7.2573600e+02
   1.4043623e+00   1.9116026e+00   7.2673600e+02
   1.4052131e+00   1.9143945e+00   7.2773600e+02
   1.4060702e+00   1.9171908e+00   7.2873600e+02
   1.4069335e+00   1.9199914e+00   7.2973600e+02
   1.4078031e+00   1.9227964e+00   7.3073600e+02
   1.4086788e+00   1.9256056e+00   7.3173600e+02
   1.4095606e+00   1.9284191e+00   7.3273600e+02
   1.4104485e+00   1.9312368e+00   7.3373600e+02
   1.4113426e+00   1.9340588e+00   7.3473600e+02
   1.4122427e+00   1.9368850e+00   7.3573600e+02
   1.4131488e+00   1.9397154e+00   7.3673600e+02
   1.4140610e+00   1.9425501e+00   7.3773600e+02
   1.4149791e+00   1.9453889e+00   7.3873600e+02
   1.4159032e+00   1.9482318e+00   7.3973600e+02
   1.4168332e+00   1.9510789e+00   7.4073600e+02
   1.4177691e+00   1.9539302e+00   7.4173600e+02
   1.4187109e+00   1.9567855e+00   7.4273600e+02
   1.4196586e+00   1.9596450e+00   7.4373600e+02
   1.4206121e+00   1.9625085e+00   7.4473600e+02
   1.4215713e+00   1.9653761e+00   7.4573600e+02
   1.4225364e+00   1.9682478e+00   7.4673600e+02
   1.4235072e+00   1.9711235e+00   7.4773600e+02
   1.4244837e+00   1.9740032e+00   7.4873600e+02
   1.4254659e+00   1.9768869e+00   7.4973600e+02
   1.4264538e+00   1.9797746e+00   7.5073600e+02
   1.4274473e+00   1.9826663e+00   7.5173600e+02
   1.4284464e+00   1.9855619e+00   7.5273600e+02
   1.4294512e+00   1.9884615e+00   7.5373600e+02
   1.4304614e+00   1.9913650e+00   7.5473600e+02
   1.4314772e+00   1.9942724e+00   7.5573600e+02
   1.4324986e+00   1.9971837e+00   7.5673600e+02
   1.4335254e+00   2.0000989e+00   7.5773600e+02
   1.4345576e+00   2.0030179e+00   7.5873600e+02
   1.4355953e+00   2.0059408e+00   7.5973600e+02
   1.4366384e+00   2.0088675e+00   7.6073600e+02
   1.4376868e+00   2.0117980e+00   7.6173600e+02
   1.4387406e+00   2.0147323e+00   7.6273600e+02
   1.4397997e+00   2.0176704e+00   7.6373600e+02
   1.4408642e+00   2.0206123e+00   7.6473600e+02
   1.4419339e+00   2.0235579e+00   7.6573600e+02
   1.4430088e+00   2.0265072e+00   7.6673600e+02
   1.4440889e+00   2.0294603e+00   7.6773600e+02
   1.4451743e+00   2.0324170e+00   7.6873600e+02
   1.4462648e+00   2.0353775e+00   7.6973600e+02
   1.4473604e+00   2.0383416e+00   7.7073600e+02
   1.4484612e+00   2.0413094e+00   7.7173600e+02
   1.4495670e+00   2.0442808e+00   7.7273600e+02
   1.4506779e+00   2.0472558e+00   7.7373600e+02
   1.4517938e+00   2.0502345e+00   7.7473600e+02
   1.4529147e+00   2.0532167e+00   7.7573600e+02
   1.4540406e+00   2.0562025e+00   7.7673600e+02
   1.4551714e+00   2.0591918e+00   7.7773600e+02
   1.4563072e+00   2.0621847e+00   7.7873600e+02
   1.4574479e+00   2.0651812e+00   7.7973600e+02
   1.4585934e+00   2.0681811e+00   7.8073600e+02
   1.4597438e+00   2.0711846e+00   7.8173600e+02
   1.4608990e+00   2.0741915e+00   7.8273600e+02
   1.4620590e+00   2.0772018e+00   7.8373600e+02
   1.4632238e+00   2.0802157e+00   7.8473600e+02
   1.4643933e+00   2.0832329e+00   7.8573600e+02
   1.4655675e+00   2.0862536e+00   7.8673600e+02
   1.4667464e+00   2.0892777e+00   7.8773600e+02
   1.4679300e+00   2.0923051e+00   7.8873600e+02
   1.4691182e+00   2.0953359e+00   7.8973600e+02
   1.4703110e+00   2.0983701e+00   7.9073600e+02
   1.4715083e+00   2.1014076e+00   7.9173600e+02
   1.4727103e+00   2.1044484e+00   7.9273600e+02
   1.4739167e+00   2.1074926e+00   7.9373600e+02
   1.4751277e+00   2.1105400e+00   7.9473600e+02
   1.4763431e+00   2.1135907e+00   7.9573600e+02
   1.4775630e+00   2.1166446e+00   7.9673600e+02
   1.4787873e+00   2.1197018e+00   7.9773600e+02
   1.4800160e+00   2.1227622e+00   7.9873600e+02
   1.4812491e+00   2.1258258e+00   7.9973600e+02
   1.4824865e+00   2.1288926e+00   8.0073600e+02
   1.4837282e+00   2.1319626e+00   8.0173600e+02
   1.4849742e+00   2.1350358e+00   8.0273600e+02
   1.4862245e+00   2.1381121e+00   8.0373600e+02
   1.4874790e+00   2.1411915e+00   8.0473600e+02
   1.4887377e+00   2.1442740e+00   8.0573600e+02
   1.4900006e+00   2.1473597e+00   8.0673600e+02
   1.4912677e+00   2.1504484e+00   8.0773600e+02
   1.4925389e+00   2.1535402e+00   8.0873600e+02
   1.4938142e+00   2.1566350e+00   8.0973600e+02
   1.4950936e+00   2.1597329e+00   8.1073600e+02
   1.4963770e+00   2.1628337e+00   8.1173600e+02
   1.4976644e+00   2.1659376e+00   8.1273600e+02
   1.4989559e+00   2.1690445e+00   8.1373600e+02
   1.5002513e+00   2.1721543e+00   8.1473600e+02
   1.5015506e+00   2.1752671e+00   8.1573600e+02
   1.5028539e+00   2.1783828e+00   8.1673600e+02
   1.5041611e+00   2.1815015e+00   8.1773600e+02
   1.5054721e+00   2.1846231e+00   8.1873600e+02
   1.5067870e+00   2.1877475e+00   8.1973600e+02
   1.5081056e+00   2.1908748e+00   8.2073600e+02
   1.5094281e+00   2.1940050e+00   8.2173600e+02
   1.5107543e+00   2.1971380e+00   8.2273600e+02
   1.5120843e+00   2.2002739e+00   8.2373600e+02
   1.5134179e+00   2.2034125e+00   8.2473600e+02
   1.5147553e+00   2.2065540e+00   8.2573600e+02
   1.5160963e+00   2.2096982e+00   8.2673600e+02
   1.5174409e+00   2.2128452e+00   8.2773600e+02
   1.5187891e+00   2.2159950e+00   8.2873600e+02
   1.5201409e+00   2.2191475e+00   8.2973600e+02
   1.5214963e+00   2.2223026e+00   8.3073600e+02
   1.5228551e+00   2.2254605e+00   8.3173600e+02
   1.5242175e+00   2.2286211e+00   8.3273600e+02
   1.5255833e+00   2.2317843e+00   8.3373600e+02
   1.5269526e+00   2.2349502e+00   8.3473600e+02
   1.5283252e+00   2.2381188e+00   8.3573600e+02
   1.5297013e+00   2.2412899e+00   8.3673600e+02
   1.5310807e+00   2.2444637e+00   8.3773600e+02
   1.5324635e+00   2.2476400e+00   8.3873600e+02
   1.5338496e+00   2.2508189e+00   8.3973600e+02
   1.5352389e+00   2.2540004e+00   8.4073600e+02
   1.5366315e+00   2.2571844e+00   8.4173600e+02
   1.5380274e+00   2.2603710e+00   8.4273600e+02
   1.5394264e+00   2.2635600e+00   8.4373600e+02
   1.5408286e+00   2.2667515e+00   8.4473600e+02
   1.5422340e+00   2.2699455e+00   8.4573600e+02
   1.5436425e+00   2.2731420e+00   8.4673600e+02
   1.5450541e+00   2.2763409e+00   8.4773600e+02
   1.5464687e+00   2.2795423e+00   8.4873600e+02
   1.5478864e+00   2.2827460e+00   8.4973600e+02
   1.5493071e+00   2.2859522e+00   8.5073600e+02
   1.5507308e+00   2.2891607e+00   8.5173600e+02
   1.5521575e+00   2.2923717e+00   8.5273600e+02
   1.5535871e+00   2.2955849e+00   8.5373600e+02
   1.5550196e+00   2.2988005e+00   8.5473600e+02
   1.5564551e+00   2.3020184e+00   8.5573600e+02
   1.5578933e+00   2.3052386e+00   8.5673600e+02
   1.5593344e+00   2.3084611e+00   8.5773600e+02
   1.5607783e+00   2.3116859e+00   8.5873600e+02
   1.5622250e+00   2.3149129e+00   8.5973600e+02
   1.5636744e+00   2.3181421e+00   8.6073600e+02
   1.5651266e+00   2.3213736e+00   8.6173600e+02
   1.5665814e+00   2.3246073e+00   8.6273600e+02
   1.5680390e+00   2.3278432e+00   8.6373600e+02
   1.5694991e+00   2.3310812e+00   8.6473600e+02
   1.5709619e+00   2.3343214e+00   8.6573600e+02
   1.5724273e+00   2.3375638e+00   8.6673600e+02
   1.5738953e+00   2.3408083e+00   8.6773600e+02
   1.5753658e+00   2.3440549e+00   8.6873600e+02
   1.5768388e+00   2.3473036e+00   8.6973600e+02
   1.5783143e+00   2.3505543e+00   8.7073600e+02
   1.5797922e+00   2.3538071e+00   8.7173600e+02
   1.5812726e+00   2.3570620e+00   8.7273600e+02
   1.5827554e+00   2.3603189e+00   8.7373600e+02
   1.5842406e+00   2.3635778e+00   8.7473600e+02
   1.5857282e+00   2.3668388e+00   8.7573600e+02
   1.5872180e+00   2.3701017e+00   8.7673600e+02
   1.5887102e+00   2.3733665e+00   8.7773600e+02
   1.5902046e+00   2.3766334e+00   8.7873600e+02
   1.5917013e+00   2.3799021e+00   8.7973600e+02
   1.5932002e+00   2.3831728e+00   8.8073600e+02
   1.5947013e+00   2.3864454e+00   8.8173600e+02
   1.5962046e+00   2.3897199e+00   8.8273600e+02
   1.5977100e+00   2.3929962e+00   8.8373600e+02
   1.5992176e+00   2.3962744e+00   8.8473600e+02
   1.6007272e+00   2.3995545e+00   8.8573600e+02
   1.6022389e+00   2.4028363e+00   8.8673600e+02
   1.6037526e+00   2.4061200e+00   8.8773600e+02
   1.6052684e+00   2.4094055e+00   8.8873600e+02
   1.6067861e+00   2.4126927e+00   8.8973600e+02
   1.6083058e+00   2.4159817e+00   8.9073600e+02
   1.6098274e+00   2.4192725e+00   8.9173600e+02
   1.6113509e+00   2.4225650e+00   8.9273600e+02
   1.6128763e+00   2.4258592e+00   8.9373600e+02
   1.6144035e+00   2.4291551e+00   8.9473600e+02
   1.6159326e+00   2.4324526e+00   8.9573600e+02
   1.6174635e+00   2.4357519e+00   8.9673600e+02
   1.6189961e+00   2.4390528e+00   8.9773600e+02
   1.6205305e+00   2.4423553e+00   8.9873600e+02
   1.6220666e+00   2.4456594e+00   8.9973600e+02
   1.6236044e+00   2.4489652e+00   9.0073600e+02
   1.6251439e+00   2.4522725e+00   9.0173600e+02
   1.6266850e+00   2.4555814e+00   9.0273600e+02
   1.6282277e+00   2.4588918e+00   9.0373600e+02
   1.6297720e+00   2.4622038e+00   9.0473600e+02
   1.6313179e+00   2.4655174e+00   9.0573600e+02
   1.6328653e+00   2.4688324e+00   9.0673600e+02
   1.6344142e+00   2.4721489e+00   9.0773600e+02
   1.6359646e+00   2.4754669e+00   9.0873600e+02
   1.6375164e+00   2.4787863e+00   9.0973600e+02
   1.6390697e+00   2.4821072e+00   9.1073600e+02
   1.6406244e+00   2.4854295e+00   9.1173600e+02
   1.6421804e+00   2.4887533e+00   9.1273600e+02
   1.6437378e+00   2.4920784e+00   9.1373600e+02
   1.6452965e+00   2.4954049e+00   9.1473600e+02
   1.6468565e+00   2.4987327e+00   9.1573600e+02
   1.6484178e+00   2.5020620e+00   9.1673600e+02
   1.6499803e+00   2.5053925e+00   9.1773600e+02
   1.6515441e+00   2.5087244e+00   9.1873600e+02
   1.6531090e+00   2.5120575e+00   9.1973600e+02
   1.6546751e+00   2.5153920e+00   9.2073600e+02
   1.6562423e+00   2.5187277e+00   9.2173600e+02
   1.6578106e+00   2.5220646e+00   9.2273600e+02
   1.6593801e+00   2.5254028e+00   9.2373600e+02
   1.6609505e+00   2.5287423e+00   9.2473600e+02
   1.6625220e+00   2.5320829e+00   9.2573600e+02
   1.6640945e+00   2.5354247e+00   9.2673600e+02
   1.6656680e+00   2.5387677e+00   9.2773600e+02
   1.6672425e+00   2.5421118e+00   9.2873600e+02
   1.6688178e+00   2.5454571e+00   9.2973600e+02
   1.6703941e+00   2.5488035e+00   9.3073600e+02
   1.6719712e+00   2.5521510e+00   9.3173600e+02
   1.6735492e+00   2.5554996e+00   9.3273600e+02
   1.6751280e+00   2.5588493e+00   9.3373600e+02
   1.6767076e+00   2.5622001e+00   9.3473600e+02
   1.6782879e+00   2.5655519e+00   9.3573600e+02
   1.6798690e+00   2.5689047e+00   9.3673600e+02
   1.6814508e+00   2.5722585e+00   9.3773600e+02
   1.6830333e+00   2.5756134e+00   9.3873600e+02
   1.6846165e+00   2.5789692e+00   9.3973600e+02
   1.6862003e+00   2.5823260e+00   9.4073600e+02
   1.6877847e+00   2.5856837e+00   9.4173600e+02
   1.6893696e+00   2.5890424e+00   9.4273600e+02
   1.6909551e+00   2.5924019e+00   9.4373600e+02
   1.6925412e+00   2.5957624e+00   9.4473600e+02
   1.6941277e+00   2.5991238e+00   9.4573600e+02
   1.6957148e+00   2.6024860e+00   9.4673600e+02
   1.6973022e+00   2.6058491e+00   9.4773600e+02
   1.6988901e+00   2.6092131e+00   9.4873600e+02
   1.7004784e+00   2.6125778e+00   9.4973600e+02
   1.7020671e+00   2.6159434e+00   9.5073600e+02
   1.7036561e+00   2.6193098e+00   9.5173600e+02
   1.7052454e+00   2.6226769e+00   9.5273600e+02
   1.7068350e+00   2.6260448e+00   9.5373600e+02
   1.7084249e+00   2.6294134e+00   9.5473600e+02
   1.7100150e+00   2.6327828e+00   9.5573600e+02
   1.7116053e+00   2.6361528e+00   9.5673600e+02
   1.7131958e+00   2.6395236e+00   9.5773600e+02
   1.7147864e+00   2.6428951e+00   9.5873600e+02
   1.7163772e+00   2.6462672e+00   9.5973600e+02
   1.7179681e+00   2.6496399e+00   9.6073600e+02
   1.7195590e+00   2.6530133e+00   9.6173600e+02
   1.7211500e+00   2.6563873e+00   9.6273600e+02
   1.7227411e+00   2.6597619e+00   9.6373600e+02
   1.7243321e+00   2.6631371e+00   9.6473600e+02
   1.7259231e+00   2.6665129e+00   9.6573600e+02
   1.7275140e+00   2.6698892e+00   9.6673600e+02
   1.7291049e+00   2.6732660e+00   9.6773600e+02
   1.7306957e+00   2.6766434e+00   9.6873600e+02
   1.7322863e+00   2.6800213e+00   9.6973600e+02
   1.7338767e+00   2.6833996e+00   9.7073600e+02
   1.7354670e+00   2.6867785e+00   9.7173600e+02
   1.7370570e+00   2.6901578e+00   9.7273600e+02
   1.7386469e+00   2.6935375e+00   9.7373600e+02
   1.7402364e+00   2.6969176e+00   9.7473600e+02
   1.7418257e+00   2.7002982e+00   9.7573600e+02
   1.7434146e+00   2.7036792e+00   9.7673600e+02
   1.7450032e+00   2.7070605e+00   9.7773600e+02
   1.7465914e+00   2.7104422e+00   9.7873600e+02
   1.7481792e+00   2.7138242e+00   9.7973600e+02
   1.7497666e+00   2.7172066e+00   9.8073600e+02
   1.7513535e+00   2.7205893e+00   9.8173600e+02
   1.7529399e+00   2.7239723e+00   9.8273600e+02
   1.7545259e+00   2.7273555e+00   9.8373600e+02
   1.7561113e+00   2.7307391e+00   9.8473600e+02
   1.7576961e+00   2.7341229e+00   9.8573600e+02
   1.7592804e+00   2.7375069e+00   9.8673600e+02
   1.7608641e+00   2.7408911e+00   9.8773600e+02
   1.7624471e+00   2.7442755e+00   9.8873600e+02
   1.7640294e+00   2.7476602e+00   9.8973600e+02
   1.7656111e+00   2.7510450e+00   9.9073600e+02
   1.7671920e+00   2.7544299e+00   9.9173600e+02
   1.7687722e+00   2.7578150e+00   9.9273600e+02
   1.7703517e+00   2.7612002e+00   9.9373600e+02
   1.7719303e+00   2.7645855e+00   9.9473600e+02
   1.7735081e+00   2.7679709e+00   9.9573600e+02
   1.7750850e+00   2.7713564e+00   9.9673600e+02
   1.7766611e+00   2.7747420e+00   9.9773600e+02
   1.7782363e+00   2.7781275e+00   9.9873600e+02
   1.7798105e+00   2.7815132e+00   9.9973600e+02
   1.7813838e+00   2.7848988e+00   1.0007360e+03
   1.7829561e+00   2.7882844e+00   1.0017360e+03
   1.7845274e+00   2.7916700e+00   1.0027360e+03
   1.7860977e+00   2.7950556e+00   1.0037360e+03
   1.7876669e+00   2.7984411e+00   1.0047360e+03
   1.7892350e+00   2.8018265e+00   1.0057360e+03
   1.7908020e+00   2.8052119e+00   1.0067360e+03
   1.7923678e+00   2.8085971e+00   1.0077360e+03
   1.7939325e+00   2.8119823e+00   1.0087360e+03
   1.7954960e+00   2.8153673e+00   1.0097360e+03
   1.7970583e+00   2.8187522e+00   1.0107360e+03
   1.7986193e+00   2.8221369e+00   1.0117360e+03
   1.8001790e+00   2.8255214e+00   1.0127360e+03
   1.8017375e+00   2.8289057e+00   1.0137360e+03
   1.8032946e+00   2.8322898e+00   1.0147360e+03
   1.8048504e+00   2.8356737e+00   1.0157360e+03
   1.8064047e+00   2.8390574e+00   1.0167360e+03
   1.8079577e+00   2.8424408e+00   1.0177360e+03
   1.8095093e+00   2.8458239e+00   1.0187360e+03
   1.8110593e+00   2.8492067e+00   1.0197360e+03
   1.8126079e+00   2.8525892e+00   1.0207360e+03
   1.8141550e+00   2.8559714e+00   1.0217360e+03
   1.8157006e+00   2.8593532e+00   1.0227360e+03
   1.8172446e+00   2.8627347e+00   1.0237360e+03
   1.8187869e+00   2.8661159e+00   1.0247360e+03
   1.8203277e+00   2.8694966e+00   1.0257360e+03
   1.8218668e+00   2.8728770e+00   1.0267360e+03
   1.8234043e+00   2.8762569e+00   1.0277360e+03
   1.8249400e+00   2.8796364e+00   1.0287360e+03
   1.8264741e+00   2.8830154e+00   1.0297360e+03
   1.8280063e+00   2.8863940e+00   1.0307360e+03
   1.8295368e+00   2.8897721e+00   1.0317360e+03
   1.8310655e+00   2.8931497e+00   1.0327360e+03
   1.8325924e+00   2.8965268e+00   1.0337360e+03
   1.8341174e+00   2.8999033e+00   1.0347360e+03
   1.8356405e+00   2.9032793e+00   1.0357360e+03
   1.8371618e+00   2.9066548e+00   1.0367360e+03
   1.8386810e+00   2.9100296e+00   1.0377360e+03
   1.8401983e+00   2.9134039e+00   1.0387360e+03
   1.8417137e+00   2.9167776e+00   1.0397360e+03
   1.8432270e+00   2.9201506e+00   1.0407360e+03
   1.8447383e+00   2.9235230e+00   1.0417360e+03
   1.8462475e+00   2.9268948e+00   1.0427360e+03
   1.8477546e+00   2.9302658e+00   1.0437360e+03
   1.8492595e+00   2.9336362e+00   1.0447360e+03
   1.8507624e+00   2.9370059e+00   1.0457360e+03
