2.4635027	1.3704915	151.11004
2.4607922	1.3693791	151.61004
2.4580854	1.3682704	152.11004
2.4553823	1.3671652	152.61004
2.4526828	1.3660637	153.11004
2.449987	1.3649657	153.61004
2.4472949	1.3638714	154.11004
2.4446065	1.3627807	154.61004
2.4419217	1.3616936	155.11004
2.4392406	1.3606101	155.61004
2.4365631	1.3595301	156.11004
2.4338893	1.3584538	156.61004
2.4312192	1.357381	157.11004
2.4285527	1.3563119	157.61004
2.4258898	1.3552463	158.11004
2.4232306	1.3541843	158.61004
2.4205751	1.3531259	159.11004
2.4179232	1.352071	159.61004
2.4152749	1.3510198	160.11004
2.4126303	1.349972	160.61004
2.4099894	1.3489279	161.11004
2.407352	1.3478873	161.61004
2.4047183	1.3468503	162.11004
2.4020883	1.3458168	162.61004
2.3994618	1.3447869	163.11004
2.396839	1.3437606	163.61004
2.3942198	1.3427378	164.11004
2.3916043	1.3417185	164.61004
2.3889924	1.3407028	165.11004
2.386384	1.3396906	165.61004
2.3837794	1.3386819	166.11004
2.3811783	1.3376768	166.61004
2.3785808	1.3366752	167.11004
2.375987	1.3356772	167.61004
2.3733967	1.3346827	168.11004
2.3708101	1.3336917	168.61004
2.3682271	1.3327042	169.11004
2.3656477	1.3317202	169.61004
2.3630719	1.3307397	170.11004
2.3604997	1.3297628	170.61004
2.3579311	1.3287894	171.11004
2.3553661	1.3278194	171.61004
2.3528046	1.326853	172.11004
2.3502468	1.3258901	172.61004
2.3476926	1.3249306	173.11004
2.3451419	1.3239747	173.61004
2.3425949	1.3230222	174.11004
2.3400514	1.3220733	174.61004
2.3375115	1.3211278	175.11004
2.3349752	1.3201858	175.61004
2.3324425	1.3192473	176.11004
2.3299133	1.3183123	176.61004
2.3273877	1.3173807	177.11004
2.3248657	1.3164526	177.61004
2.3223473	1.315528	178.11004
2.3198324	1.3146068	178.61004
2.3173211	1.3136891	179.11004
2.3148133	1.3127749	179.61004
2.3123092	1.3118641	180.11004
2.3098086	1.3109567	180.61004
2.3073115	1.3100528	181.11004
2.304818	1.3091524	181.61004
2.302328	1.3082554	182.11004
2.2998416	1.3073619	182.61004
2.2973588	1.3064718	183.11004
2.2948795	1.3055851	183.61004
2.2924037	1.3047018	184.11004
2.2899315	1.303822	184.61004
2.2874628	1.3029456	185.11004
2.2849977	1.3020727	185.61004
2.2825361	1.3012031	186.11004
2.2800781	1.300337	186.61004
2.2776235	1.2994743	187.11004
2.2751725	1.298615	187.61004
2.2727251	1.2977591	188.11004
2.2702812	1.2969067	188.61004
2.2678407	1.2960576	189.11004
2.2654039	1.2952119	189.61004
2.2629705	1.2943696	190.11004
2.2605406	1.2935308	190.61004
2.2581143	1.2926953	191.11004
2.2556915	1.2918632	191.61004
2.2532722	1.2910345	192.11004
2.2508564	1.2902091	192.61004
2.2484441	1.2893872	193.11004
2.2460354	1.2885686	193.61004
2.2436301	1.2877534	194.11004
2.2412283	1.2869416	194.61004
2.2388301	1.2861332	195.11004
2.2364353	1.2853281	195.61004
2.234044	1.2845264	196.11004
2.2316563	1.283728	196.61004
2.229272	1.282933	197.11004
2.2268912	1.2821414	197.61004
2.2245139	1.2813531	198.11004
2.2221401	1.2805681	198.61004
2.2197697	1.2797866	199.11004
2.2174029	1.2790083	199.61004
2.2150395	1.2782334	200.11004
2.2126796	1.2774618	200.61004
2.2103232	1.2766936	201.11004
2.2079703	1.2759287	201.61004
2.2056208	1.2751671	202.11004
2.2032748	1.2744088	202.61004
2.2009323	1.2736539	203.11004
2.1985933	1.2729023	203.61004
2.1962577	1.272154	204.11004
2.1939255	1.271409	204.61004
2.1915969	1.2706674	205.11004
2.1892716	1.269929	205.61004
2.1869499	1.269194	206.11004
2.1846316	1.2684622	206.61004
2.1823167	1.2677338	207.11004
2.1800053	1.2670086	207.61004
2.1776974	1.2662868	208.11004
2.1753929	1.2655682	208.61004
2.1730918	1.264853	209.11004
2.1707942	1.264141	209.61004
2.1685	1.2634323	210.11004
2.1662092	1.2627269	210.61004
2.1639219	1.2620247	211.11004
2.1616381	1.2613258	211.61004
2.1593576	1.2606302	212.11004
2.1570806	1.2599379	212.61004
2.154807	1.2592488	213.11004
2.1525369	1.258563	213.61004
2.1502701	1.2578805	214.11004
2.1480068	1.2572012	214.61004
2.1457469	1.2565252	215.11004
2.1434904	1.2558524	215.61004
2.1412374	1.2551829	216.11004
2.1389877	1.2545166	216.61004
2.1367415	1.2538535	217.11004
2.1344986	1.2531937	217.61004
2.1322592	1.2525372	218.11004
2.1300232	1.2518838	218.61004
2.1277906	1.2512337	219.11004
2.1255614	1.2505869	219.61004
2.1233356	1.2499432	220.11004
2.1211131	1.2493028	220.61004
2.1188941	1.2486656	221.11004
2.1166785	1.2480316	221.61004
2.1144662	1.2474008	222.11004
2.1122574	1.2467733	222.61004
2.1100519	1.2461489	223.11004
2.1078499	1.2455278	223.61004
2.1056512	1.2449098	224.11004
2.1034558	1.2442951	224.61004
2.1012639	1.2436835	225.11004
2.0990753	1.2430751	225.61004
2.0968902	1.24247	226.11004
2.0947083	1.241868	226.61004
2.0925299	1.2412692	227.11004
2.0903548	1.2406736	227.61004
2.0881831	1.2400812	228.11004
2.0860148	1.2394919	228.61004
2.0838498	1.2389058	229.11004
2.0816882	1.2383229	229.61004
2.0795299	1.2377432	230.11004
2.077375	1.2371666	230.61004
2.0752235	1.2365932	231.11004
2.0730753	1.2360229	231.61004
2.0709304	1.2354558	232.11004
2.0687889	1.2348918	232.61004
2.0666507	1.2343311	233.11004
2.0645159	1.2337734	233.61004
2.0623845	1.2332189	234.11004
2.0602563	1.2326675	234.61004
2.0581315	1.2321193	235.11004
2.0560101	1.2315742	235.61004
2.053892	1.2310323	236.11004
2.0517772	1.2304934	236.61004
2.0496657	1.2299577	237.11004
2.0475576	1.2294251	237.61004
2.0454528	1.2288957	238.11004
2.0433513	1.2283694	238.61004
2.0412531	1.2278461	239.11004
2.0391583	1.227326	239.61004
2.0370668	1.226809	240.11004
2.0349785	1.2262951	240.61004
2.0328936	1.2257844	241.11004
2.0308121	1.2252767	241.61004
2.0287338	1.2247721	242.11004
2.0266588	1.2242706	242.61004
2.0245872	1.2237722	243.11004
2.0225188	1.2232769	243.61004
2.0204537	1.2227847	244.11004
2.018392	1.2222955	244.61004
2.0163335	1.2218095	245.11004
2.0142783	1.2213265	245.61004
2.0122265	1.2208466	246.11004
2.0101779	1.2203698	246.61004
2.0081326	1.219896	247.11004
2.0060906	1.2194253	247.61004
2.0040519	1.2189577	248.11004
2.0020164	1.2184931	248.61004
1.9999843	1.2180316	249.11004
1.9979554	1.2175732	249.61004
1.9959298	1.2171178	250.11004
1.9939074	1.2166654	250.61004
1.9918884	1.2162161	251.11004
1.9898726	1.2157699	251.61004
1.9878601	1.2153266	252.11004
1.9858508	1.2148865	252.61004
1.9838448	1.2144493	253.11004
1.9818421	1.2140152	253.61004
1.9798426	1.2135841	254.11004
1.9778464	1.2131561	254.61004
1.9758535	1.212731	255.11004
1.9738638	1.212309	255.61004
1.9718774	1.21189	256.11004
1.9698942	1.211474	256.61004
1.9679142	1.2110611	257.11004
1.9659375	1.2106511	257.61004
1.9639641	1.2102441	258.11004
1.9619939	1.2098402	258.61004
1.9600269	1.2094392	259.11004
1.9580631	1.2090413	259.61004
1.9561026	1.2086463	260.11004
1.9541454	1.2082544	260.61004
1.9521913	1.2078654	261.11004
1.9502405	1.2074794	261.61004
1.948293	1.2070964	262.11004
1.9463486	1.2067164	262.61004
1.9444075	1.2063393	263.11004
1.9424696	1.2059652	263.61004
1.9405349	1.2055941	264.11004
1.9386034	1.205226	264.61004
1.9366752	1.2048608	265.11004
1.9347502	1.2044986	265.61004
1.9328283	1.2041394	266.11004
1.9309097	1.2037831	266.61004
1.9289943	1.2034298	267.11004
1.9270821	1.2030794	267.61004
1.9251731	1.2027319	268.11004
1.9232673	1.2023875	268.61004
1.9213647	1.2020459	269.11004
1.9194653	1.2017073	269.61004
1.9175691	1.2013716	270.11004
1.9156761	1.2010389	270.61004
1.9137862	1.2007091	271.11004
1.9118996	1.2003822	271.61004
1.9100162	1.2000583	272.11004
1.9081359	1.1997372	272.61004
1.9062588	1.1994191	273.11004
1.9043849	1.199104	273.61004
1.9025142	1.1987917	274.11004
1.9006467	1.1984823	274.61004
1.8987823	1.1981759	275.11004
1.8969211	1.1978723	275.61004
1.8950631	1.1975717	276.11004
1.8932082	1.1972739	276.61004
1.8913565	1.1969791	277.11004
1.889508	1.1966871	277.61004
1.8876626	1.196398	278.11004
1.8858204	1.1961118	278.61004
1.8839814	1.1958286	279.11004
1.8821455	1.1955481	279.61004
1.8803128	1.1952706	280.11004
1.8784832	1.194996	280.61004
1.8766567	1.1947242	281.11004
1.8748335	1.1944553	281.61004
1.8730133	1.1941892	282.11004
1.8711963	1.193926	282.61004
1.8693825	1.1936657	283.11004
1.8675718	1.1934083	283.61004
1.8657642	1.1931537	284.11004
1.8639598	1.1929019	284.61004
1.8621585	1.192653	285.11004
1.8603603	1.192407	285.61004
1.8585653	1.1921638	286.11004
1.8567733	1.1919234	286.61004
1.8549846	1.1916859	287.11004
1.8531989	1.1914512	287.61004
1.8514164	1.1912193	288.11004
1.8496369	1.1909903	288.61004
1.8478606	1.1907641	289.11004
1.8460874	1.1905407	289.61004
1.8443174	1.1903202	290.11004
1.8425504	1.1901025	290.61004
1.8407866	1.1898876	291.11004
1.8390258	1.1896755	291.61004
1.8372682	1.1894662	292.11004
1.8355136	1.1892597	292.61004
1.8337622	1.189056	293.11004
1.8320139	1.1888551	293.61004
1.8302686	1.188657	294.11004
1.8285265	1.1884618	294.61004
1.8267874	1.1882693	295.11004
1.8250515	1.1880796	295.61004
1.8233186	1.1878927	296.11004
1.8215888	1.1877085	296.61004
1.8198621	1.1875272	297.11004
1.8181385	1.1873486	297.61004
1.816418	1.1871728	298.11004
1.8147005	1.1869998	298.61004
1.8129861	1.1868295	299.11004
1.8112748	1.1866621	299.61004
1.8095666	1.1864973	300.11004
1.8078614	1.1863354	300.61004
1.8061594	1.1861762	301.11004
1.8044603	1.1860197	301.61004
1.8027644	1.185866	302.11004
1.8010715	1.1857151	302.61004
1.7993816	1.1855669	303.11004
1.7976949	1.1854215	303.61004
1.7960111	1.1852787	304.11004
1.7943305	1.1851388	304.61004
1.7926529	1.1850015	305.11004
1.7909783	1.184867	305.61004
1.7893068	1.1847353	306.11004
1.7876383	1.1846062	306.61004
1.7859729	1.1844799	307.11004
1.7843105	1.1843563	307.61004
1.7826512	1.1842354	308.11004
1.7809949	1.1841172	308.61004
1.7793416	1.1840018	309.11004
1.7776914	1.183889	309.61004
1.7760441	1.183779	310.11004
1.7744	1.1836716	310.61004
1.7727588	1.183567	311.11004
1.7711207	1.1834651	311.61004
1.7694856	1.1833658	312.11004
1.7678535	1.1832693	312.61004
1.7662245	1.1831754	313.11004
1.7645985	1.1830842	313.61004
1.7629754	1.1829957	314.11004
1.7613554	1.1829099	314.61004
1.7597384	1.1828268	315.11004
1.7581245	1.1827463	315.61004
1.7565135	1.1826685	316.11004
1.7549055	1.1825934	316.61004
1.7533005	1.1825209	317.11004
1.7516986	1.1824511	317.61004
1.7500996	1.182384	318.11004
1.7485036	1.1823195	318.61004
1.7469107	1.1822577	319.11004
1.7453207	1.1821985	319.61004
1.7437337	1.182142	320.11004
1.7421497	1.1820882	320.61004
1.7405687	1.1820369	321.11004
1.7389907	1.1819883	321.61004
1.7374156	1.1819424	322.11004
1.7358436	1.1818991	322.61004
1.7342745	1.1818584	323.11004
1.7327084	1.1818203	323.61004
1.7311452	1.1817849	324.11004
1.7295851	1.1817521	324.61004
1.7280279	1.1817219	325.11004
1.7264737	1.1816943	325.61004
1.7249224	1.1816693	326.11004
1.7233741	1.181647	326.61004
1.7218288	1.1816273	327.11004
1.7202864	1.1816101	327.61004
1.718747	1.1815956	328.11004
1.7172106	1.1815837	328.61004
1.7156771	1.1815743	329.11004
1.7141465	1.1815676	329.61004
1.7126189	1.1815634	330.11004
1.7110943	1.1815619	330.61004
1.7095726	1.1815629	331.11004
1.7080539	1.1815665	331.61004
1.706538	1.1815727	332.11004
1.7050252	1.1815815	332.61004
1.7035152	1.1815928	333.11004
1.7020082	1.1816067	333.61004
1.7005042	1.1816232	334.11004
1.6990031	1.1816422	334.61004
1.6975049	1.1816638	335.11004
1.6960096	1.181688	335.61004
1.6945172	1.1817147	336.11004
1.6930278	1.181744	336.61004
1.6915413	1.1817758	337.11004
1.6900577	1.1818102	337.61004
1.6885771	1.1818471	338.11004
1.6870993	1.1818866	338.61004
1.6856245	1.1819285	339.11004
1.6841526	1.1819731	339.61004
1.6826836	1.1820202	340.11004
1.6812175	1.1820697	340.61004
1.6797543	1.1821219	341.11004
1.678294	1.1821765	341.61004
1.6768366	1.1822337	342.11004
1.6753821	1.1822934	342.61004
1.6739305	1.1823556	343.11004
1.6724818	1.1824203	343.61004
1.671036	1.1824876	344.11004
1.6695931	1.1825573	344.61004
1.6681531	1.1826295	345.11004
1.6667159	1.1827043	345.61004
1.6652817	1.1827815	346.11004
1.6638503	1.1828613	346.61004
1.6624218	1.1829435	347.11004
1.6609962	1.1830282	347.61004
1.6595735	1.1831154	348.11004
1.6581536	1.1832051	348.61004
1.6567366	1.1832973	349.11004
1.6553225	1.183392	349.61004
1.6539113	1.1834891	350.11004
1.6525029	1.1835887	350.61004
1.6510974	1.1836908	351.11004
1.6496947	1.1837953	351.61004
1.648295	1.1839023	352.11004
1.646898	1.1840118	352.61004
1.645504	1.1841237	353.11004
1.6441127	1.1842381	353.61004
1.6427244	1.1843549	354.11004
1.6413389	1.1844742	354.61004
1.6399562	1.1845959	355.11004
1.6385764	1.1847201	355.61004
1.6371994	1.1848467	356.11004
1.6358253	1.1849758	356.61004
1.634454	1.1851073	357.11004
1.6330855	1.1852412	357.61004
1.6317199	1.1853776	358.11004
1.6303571	1.1855163	358.61004
1.6289972	1.1856575	359.11004
1.62764	1.1858012	359.61004
1.6262857	1.1859472	360.11004
1.6249343	1.1860957	360.61004
1.6235856	1.1862465	361.11004
1.6222398	1.1863998	361.61004
1.6208968	1.1865555	362.11004
1.6195566	1.1867136	362.61004
1.6182193	1.1868741	363.11004
1.6168847	1.187037	363.61004
1.615553	1.1872023	364.11004
1.614224	1.1873699	364.61004
1.6128979	1.18754	365.11004
1.6115746	1.1877124	365.61004
1.6102541	1.1878873	366.11004
1.6089364	1.1880645	366.61004
1.6076215	1.1882441	367.11004
1.6063094	1.1884261	367.61004
1.605	1.1886104	368.11004
1.6036935	1.1887971	368.61004
1.6023898	1.1889862	369.11004
1.6010888	1.1891776	369.61004
1.5997907	1.1893714	370.11004
1.5984953	1.1895676	370.61004
1.5972027	1.1897661	371.11004
1.5959129	1.189967	371.61004
1.5946259	1.1901702	372.11004
1.5933416	1.1903757	372.61004
1.5920601	1.1905836	373.11004
1.5907814	1.1907939	373.61004
1.5895055	1.1910065	374.11004
1.5882324	1.1912214	374.61004
1.586962	1.1914386	375.11004
1.5856943	1.1916582	375.61004
1.5844295	1.1918801	376.11004
1.5831673	1.1921043	376.61004
1.581908	1.1923309	377.11004
1.5806514	1.1925597	377.61004
1.5793976	1.1927909	378.11004
1.5781465	1.1930244	378.61004
1.5768982	1.1932602	379.11004
1.5756526	1.1934983	379.61004
1.5744097	1.1937387	380.11004
1.5731696	1.1939814	380.61004
1.5719323	1.1942264	381.11004
1.5706977	1.1944737	381.61004
1.5694658	1.1947233	382.11004
1.5682367	1.1949751	382.61004
1.5670103	1.1952293	383.11004
1.5657866	1.1954857	383.61004
1.5645657	1.1957445	384.11004
1.5633475	1.1960055	384.61004
1.562132	1.1962687	385.11004
1.5609192	1.1965343	385.61004
1.5597092	1.1968021	386.11004
1.5585019	1.1970722	386.61004
1.5572973	1.1973445	387.11004
1.5560954	1.1976191	387.61004
1.5548962	1.197896	388.11004
1.5536998	1.1981751	388.61004
1.552506	1.1984565	389.11004
1.551315	1.1987401	389.61004
1.5501266	1.1990259	390.11004
1.548941	1.199314	390.61004
1.5477581	1.1996044	391.11004
1.5465778	1.1998969	391.61004
1.5454003	1.2001917	392.11004
1.5442255	1.2004888	392.61004
1.5430533	1.200788	393.11004
1.5418839	1.2010895	393.61004
1.5407171	1.2013932	394.11004
1.5395531	1.2016992	394.61004
1.5383917	1.2020073	395.11004
1.537233	1.2023177	395.61004
1.5360769	1.2026303	396.11004
1.5349236	1.202945	396.61004
1.5337729	1.203262	397.11004
1.532625	1.2035812	397.61004
1.5314796	1.2039026	398.11004
1.530337	1.2042262	398.61004
1.529197	1.2045519	399.11004
1.5280597	1.2048799	399.61004
1.5269251	1.2052101	400.11004
1.5257931	1.2055424	400.61004
1.5246638	1.2058769	401.11004
1.5235371	1.2062136	401.61004
1.5224131	1.2065525	402.11004
1.5212917	1.2068935	402.61004
1.520173	1.2072368	403.11004
1.519057	1.2075821	403.61004
1.5179436	1.2079297	404.11004
1.5168328	1.2082794	404.61004
1.5157247	1.2086313	405.11004
1.5146193	1.2089853	405.61004
1.5135165	1.2093415	406.11004
1.5124163	1.2096998	406.61004
1.5113187	1.2100603	407.11004
1.5102238	1.2104229	407.61004
1.5091315	1.2107877	408.11004
1.5080419	1.2111546	408.61004
1.5069549	1.2115236	409.11004
1.5058705	1.2118948	409.61004
1.5047887	1.2122681	410.11004
1.5037095	1.2126435	410.61004
1.502633	1.213021	411.11004
1.5015591	1.2134007	411.61004
1.5004878	1.2137825	412.11004
1.4994191	1.2141664	412.61004
1.4983531	1.2145524	413.11004
1.4972896	1.2149405	413.61004
1.4962288	1.2153308	414.11004
1.4951705	1.2157231	414.61004
1.4941149	1.2161176	415.11004
1.4930618	1.2165141	415.61004
1.4920114	1.2169127	416.11004
1.4909636	1.2173134	416.61004
1.4899183	1.2177163	417.11004
1.4888757	1.2181212	417.61004
1.4878356	1.2185281	418.11004
1.4867981	1.2189372	418.61004
1.4857632	1.2193483	419.11004
1.4847309	1.2197616	419.61004
1.4837012	1.2201769	420.11004
1.4826741	1.2205942	420.61004
1.4816496	1.2210136	421.11004
1.4806276	1.2214351	421.61004
1.4796082	1.2218587	422.11004
1.4785913	1.2222843	422.61004
1.4775771	1.2227119	423.11004
1.4765654	1.2231417	423.61004
1.4755563	1.2235734	424.11004
1.4745497	1.2240072	424.61004
1.4735457	1.2244431	425.11004
1.4725443	1.224881	425.61004
1.4715454	1.2253209	426.11004
1.4705491	1.2257629	426.61004
1.4695554	1.2262069	427.11004
1.4685642	1.2266529	427.61004
1.4675755	1.227101	428.11004
1.4665894	1.227551	428.61004
1.4656059	1.2280031	429.11004
1.4646248	1.2284572	429.61004
1.4636464	1.2289134	430.11004
1.4626704	1.2293715	430.61004
1.461697	1.2298317	431.11004
1.4607262	1.2302938	431.61004
1.4597579	1.230758	432.11004
1.4587921	1.2312241	432.61004
1.4578288	1.2316923	433.11004
1.4568681	1.2321624	433.61004
1.4559099	1.2326346	434.11004
1.4549542	1.2331087	434.61004
1.4540011	1.2335848	435.11004
1.4530504	1.2340629	435.61004
1.4521023	1.234543	436.11004
1.4511567	1.235025	436.61004
1.4502136	1.2355091	437.11004
1.449273	1.2359951	437.61004
1.448335	1.236483	438.11004
1.4473994	1.236973	438.61004
1.4464664	1.2374649	439.11004
1.4455358	1.2379587	439.61004
1.4446078	1.2384545	440.11004
1.4436822	1.2389523	440.61004
1.4427592	1.239452	441.11004
1.4418386	1.2399537	441.61004
1.4409206	1.2404573	442.11004
1.440005	1.2409628	442.61004
1.4390919	1.2414703	443.11004
1.4381814	1.2419798	443.61004
1.4372733	1.2424911	444.11004
1.4363676	1.2430044	444.61004
1.4354645	1.2435197	445.11004
1.4345638	1.2440368	445.61004
1.4336657	1.2445559	446.11004
1.43277	1.2450769	446.61004
1.4318767	1.2455998	447.11004
1.430986	1.2461246	447.61004
1.4300977	1.2466513	448.11004
1.4292119	1.24718	448.61004
1.4283285	1.2477105	449.11004
1.4274476	1.248243	449.61004
1.4265692	1.2487773	450.11004
1.4256932	1.2493135	450.61004
1.4248197	1.2498517	451.11004
1.4239486	1.2503917	451.61004
1.42308	1.2509336	452.11004
1.4222139	1.2514774	452.61004
1.4213502	1.2520231	453.11004
1.4204889	1.2525706	453.61004
1.4196301	1.2531201	454.11004
1.4187737	1.2536714	454.61004
1.4179198	1.2542246	455.11004
1.4170683	1.2547796	455.61004
1.4162192	1.2553365	456.11004
1.4153726	1.2558953	456.61004
1.4145284	1.2564559	457.11004
1.4136866	1.2570184	457.61004
1.4128473	1.2575828	458.11004
1.4120104	1.2581489	458.61004
1.4111759	1.258717	459.11004
1.4103439	1.2592869	459.61004
1.4095142	1.2598586	460.11004
1.408687	1.2604322	460.61004
1.4078622	1.2610075	461.11004
1.4070398	1.2615848	461.61004
1.4062198	1.2621638	462.11004
1.4054023	1.2627447	462.61004
1.4045871	1.2633274	463.11004
1.4037744	1.263912	463.61004
1.402964	1.2644983	464.11004
1.4021561	1.2650865	464.61004
1.4013505	1.2656765	465.11004
1.4005474	1.2662683	465.61004
1.3997466	1.2668619	466.11004
1.3989483	1.2674573	466.61004
1.3981523	1.2680545	467.11004
1.3973587	1.2686535	467.61004
1.3965676	1.2692543	468.11004
1.3957788	1.2698569	468.61004
1.3949923	1.2704612	469.11004
1.3942083	1.2710674	469.61004
1.3934266	1.2716754	470.11004
1.3926474	1.2722851	470.61004
1.3918705	1.2728966	471.11004
1.3910959	1.2735099	471.61004
1.3903238	1.2741249	472.11004
1.389554	1.2747418	472.61004
1.3887866	1.2753603	473.11004
1.3880215	1.2759807	473.61004
1.3872588	1.2766028	474.11004
1.3864985	1.2772267	474.61004
1.3857405	1.2778523	475.11004
1.3849849	1.2784797	475.61004
1.3842316	1.2791088	476.11004
1.3834807	1.2797397	476.61004
1.3827322	1.2803723	477.11004
1.381986	1.2810067	477.61004
1.3812421	1.2816428	478.11004
1.3805006	1.2822806	478.61004
1.3797614	1.2829202	479.11004
1.3790246	1.2835615	479.61004
1.3782901	1.2842045	480.11004
1.3775579	1.2848493	480.61004
1.3768281	1.2854957	481.11004
1.3761006	1.2861439	481.61004
1.3753755	1.2867938	482.11004
1.3746526	1.2874454	482.61004
1.3739321	1.2880987	483.11004
1.373214	1.2887538	483.61004
1.3724981	1.2894105	484.11004
1.3717846	1.2900689	484.61004
1.3710734	1.290729	485.11004
1.3703645	1.2913909	485.61004
1.3696579	1.2920544	486.11004
1.3689536	1.2927196	486.61004
1.3682516	1.2933865	487.11004
1.367552	1.294055	487.61004
1.3668546	1.2947253	488.11004
1.3661596	1.2953972	488.61004
1.3654669	1.2960708	489.11004
1.3647764	1.2967461	489.61004
1.3640883	1.297423	490.11004
1.3634024	1.2981016	490.61004
1.3627189	1.2987819	491.11004
1.3620376	1.2994638	491.61004
1.3613586	1.3001474	492.11004
1.360682	1.3008327	492.61004
1.3600076	1.3015195	493.11004
1.3593355	1.3022081	493.61004
1.3586656	1.3028983	494.11004
1.3579981	1.3035901	494.61004
1.3573328	1.3042836	495.11004
1.3566698	1.3049787	495.61004
1.3560091	1.3056754	496.11004
1.3553506	1.3063738	496.61004
1.3546944	1.3070738	497.11004
1.3540405	1.3077754	497.61004
1.3533889	1.3084787	498.11004
1.3527395	1.3091835	498.61004
1.3520924	1.30989	499.11004
1.3514475	1.3105981	499.61004
1.3508049	1.3113078	500.11004
1.3501645	1.3120191	500.61004
1.3495264	1.312732	501.11004
1.3488906	1.3134466	501.61004
1.348257	1.3141627	502.11004
1.3476256	1.3148804	502.61004
1.3469965	1.3155997	503.11004
1.3463697	1.3163206	503.61004
1.345745	1.3170431	504.11004
1.3451227	1.3177672	504.61004
1.3445025	1.3184928	505.11004
1.3438846	1.3192201	505.61004
1.3432689	1.3199489	506.11004
1.3426555	1.3206793	506.61004
1.3420442	1.3214112	507.11004
1.3414353	1.3221448	507.61004
1.3408285	1.3228798	508.11004
1.3402239	1.3236165	508.61004
1.3396216	1.3243547	509.11004
1.3390215	1.3250945	509.61004
1.3384236	1.3258358	510.11004
1.3378279	1.3265787	510.61004
1.3372345	1.3273231	511.11004
1.3366432	1.328069	511.61004
1.3360542	1.3288166	512.11004
1.3354673	1.3295656	512.61004
1.3348827	1.3303162	513.11004
1.3343003	1.3310683	513.61004
1.33372	1.3318219	514.11004
1.333142	1.3325771	514.61004
1.3325662	1.3333338	515.11004
1.3319925	1.334092	515.61004
1.3314211	1.3348517	516.11004
1.3308518	1.335613	516.61004
1.3302847	1.3363758	517.11004
1.3297199	1.33714	517.61004
1.3291572	1.3379058	518.11004
1.3285966	1.3386731	518.61004
1.3280383	1.3394419	519.11004
1.3274821	1.3402122	519.61004
1.3269281	1.3409839	520.11004
1.3263763	1.3417572	520.61004
1.3258267	1.342532	521.11004
1.3252792	1.3433082	521.61004
1.3247339	1.344086	522.11004
1.3241908	1.3448652	522.61004
1.3236498	1.3456459	523.11004
1.323111	1.346428	523.61004
1.3225743	1.3472117	524.11004
1.3220398	1.3479968	524.61004
1.3215075	1.3487834	525.11004
1.3209773	1.3495714	525.61004
1.3204493	1.3503609	526.11004
1.3199234	1.3511519	526.61004
1.3193996	1.3519443	527.11004
1.318878	1.3527381	527.61004
1.3183586	1.3535335	528.11004
1.3178413	1.3543302	528.61004
1.3173261	1.3551284	529.11004
1.3168131	1.3559281	529.61004
1.3163022	1.3567292	530.11004
1.3157934	1.3575317	530.61004
1.3152868	1.3583356	531.11004
1.3147822	1.359141	531.61004
1.3142799	1.3599478	532.11004
1.3137796	1.3607561	532.61004
1.3132815	1.3615657	533.11004
1.3127855	1.3623768	533.61004
1.3122916	1.3631893	534.11004
1.3117998	1.3640032	534.61004
1.3113101	1.3648185	535.11004
1.3108226	1.3656352	535.61004
1.3103371	1.3664533	536.11004
1.3098538	1.3672728	536.61004
1.3093726	1.3680937	537.11004
1.3088935	1.3689161	537.61004
1.3084165	1.3697398	538.11004
1.3079415	1.3705648	538.61004
1.3074687	1.3713913	539.11004
1.306998	1.3722192	539.61004
1.3065294	1.3730484	540.11004
1.3060628	1.373879	540.61004
1.3055984	1.374711	541.11004
1.305136	1.3755444	541.61004
1.3046758	1.3763791	542.11004
1.3042176	1.3772152	542.61004
1.3037615	1.3780527	543.11004
1.3033074	1.3788915	543.61004
1.3028555	1.3797317	544.11004
1.3024056	1.3805732	544.61004
1.3019578	1.3814161	545.11004
1.3015121	1.3822603	545.61004
1.3010684	1.3831059	546.11004
1.3006268	1.3839528	546.61004
1.3001873	1.3848011	547.11004
1.2997499	1.3856507	547.61004
1.2993145	1.3865016	548.11004
1.2988811	1.3873539	548.61004
1.2984498	1.3882075	549.11004
1.2980206	1.3890624	549.61004
1.2975934	1.3899186	550.11004
1.2971683	1.3907762	550.61004
1.2967452	1.3916351	551.11004
1.2963242	1.3924952	551.61004
1.2959052	1.3933567	552.11004
1.2954883	1.3942196	552.61004
1.2950734	1.3950837	553.11004
1.2946606	1.3959491	553.61004
1.2942497	1.3968158	554.11004
1.293841	1.3976838	554.61004
1.2934342	1.3985531	555.11004
1.2930295	1.3994237	555.61004
1.2926268	1.4002956	556.11004
1.2922261	1.4011688	556.61004
1.2918275	1.4020432	557.11004
1.2914309	1.402919	557.61004
1.2910363	1.403796	558.11004
1.2906437	1.4046743	558.61004
1.2902532	1.4055538	559.11004
1.2898646	1.4064346	559.61004
1.2894781	1.4073167	560.11004
1.2890936	1.4082001	560.61004
1.2887111	1.4090847	561.11004
1.2883305	1.4099705	561.61004
1.287952	1.4108577	562.11004
1.2875755	1.411746	562.61004
1.287201	1.4126356	563.11004
1.2868285	1.4135265	563.61004
1.286458	1.4144186	564.11004
1.2860895	1.4153119	564.61004
1.285723	1.4162065	565.11004
1.2853585	1.4171023	565.61004
1.284996	1.4179994	566.11004
1.2846354	1.4188976	566.61004
1.2842768	1.4197971	567.11004
1.2839202	1.4206979	567.61004
1.2835656	1.4215998	568.11004
1.283213	1.4225029	568.61004
1.2828624	1.4234073	569.11004
1.2825137	1.4243129	569.61004
1.282167	1.4252197	570.11004
1.2818222	1.4261276	570.61004
1.2814795	1.4270368	571.11004
1.2811387	1.4279472	571.61004
1.2807998	1.4288588	572.11004
1.280463	1.4297716	572.61004
1.280128	1.4306855	573.11004
1.2797951	1.4316007	573.61004
1.2794641	1.432517	574.11004
1.279135	1.4334345	574.61004
1.2788079	1.4343532	575.11004
1.2784828	1.4352731	575.61004
1.2781596	1.4361941	576.11004
1.2778383	1.4371163	576.61004
1.277519	1.4380397	577.11004
1.2772016	1.4389643	577.61004
1.2768862	1.43989	578.11004
1.2765727	1.4408168	578.61004
1.2762611	1.4417449	579.11004
1.2759515	1.442674	579.61004
1.2756438	1.4436043	580.11004
1.275338	1.4445358	580.61004
1.2750342	1.4454684	581.11004
1.2747323	1.4464022	581.61004
1.2744323	1.4473371	582.11004
1.2741342	1.4482731	582.61004
1.2738381	1.4492103	583.11004
1.2735438	1.4501485	583.61004
1.2732515	1.451088	584.11004
1.2729611	1.4520285	584.61004
1.2726726	1.4529701	585.11004
1.272386	1.4539129	585.61004
1.2721013	1.4548568	586.11004
1.2718186	1.4558018	586.61004
1.2715377	1.4567479	587.11004
1.2712587	1.4576952	587.61004
1.2709816	1.4586435	588.11004
1.2707065	1.4595929	588.61004
1.2704332	1.4605434	589.11004
1.2701618	1.461495	589.61004
1.2698923	1.4624477	590.11004
1.2696247	1.4634015	590.61004
1.2693589	1.4643564	591.11004
1.2690951	1.4653124	591.61004
1.2688331	1.4662694	592.11004
1.2685731	1.4672276	592.61004
1.2683149	1.4681868	593.11004
1.2680585	1.469147	593.61004
1.2678041	1.4701084	594.11004
1.2675515	1.4710708	594.61004
1.2673008	1.4720342	595.11004
1.2670519	1.4729988	595.61004
1.266805	1.4739644	596.11004
1.2665599	1.474931	596.61004
1.2663166	1.4758987	597.11004
1.2660752	1.4768674	597.61004
1.2658357	1.4778372	598.11004
1.265598	1.4788081	598.61004
1.2653622	1.4797799	599.11004
1.2651282	1.4807528	599.61004
1.2648961	1.4817268	600.11004
1.2646658	1.4827018	600.61004
1.2644374	1.4836778	601.11004
1.2642108	1.4846548	601.61004
1.263986	1.4856328	602.11004
1.2637631	1.4866119	602.61004
1.2635421	1.487592	603.11004
1.2633228	1.4885731	603.61004
1.2631054	1.4895552	604.11004
1.2628899	1.4905383	604.61004
1.2626761	1.4915225	605.11004
1.2624642	1.4925076	605.61004
1.2622541	1.4934937	606.11004
1.2620459	1.4944808	606.61004
1.2618394	1.495469	607.11004
1.2616348	1.4964581	607.61004
1.261432	1.4974482	608.11004
1.261231	1.4984393	608.61004
1.2610318	1.4994313	609.11004
1.2608345	1.5004244	609.61004
1.2606389	1.5014184	610.11004
1.2604451	1.5024134	610.61004
1.2602532	1.5034094	611.11004
1.260063	1.5044063	611.61004
1.2598747	1.5054042	612.11004
1.2596882	1.5064031	612.61004
1.2595034	1.5074029	613.11004
1.2593204	1.5084037	613.61004
1.2591393	1.5094054	614.11004
1.2589599	1.5104081	614.61004
1.2587823	1.5114117	615.11004
1.2586065	1.5124163	615.61004
1.2584325	1.5134218	616.11004
1.2582603	1.5144283	616.61004
1.2580898	1.5154357	617.11004
1.2579212	1.516444	617.61004
1.2577543	1.5174532	618.11004
1.2575891	1.5184634	618.61004
1.2574258	1.5194745	619.11004
1.2572642	1.5204866	619.61004
1.2571044	1.5214995	620.11004
1.2569464	1.5225134	620.61004
1.2567901	1.5235282	621.11004
1.2566356	1.5245439	621.61004
1.2564828	1.5255604	622.11004
1.2563318	1.526578	622.61004
1.2561825	1.5275964	623.11004
1.2560351	1.5286157	623.61004
1.2558893	1.5296359	624.11004
1.2557453	1.530657	624.61004
1.2556031	1.5316789	625.11004
1.2554626	1.5327018	625.61004
1.2553238	1.5337256	626.11004
1.2551868	1.5347502	626.61004
1.2550515	1.5357757	627.11004
1.254918	1.5368021	627.61004
1.2547862	1.5378294	628.11004
1.2546561	1.5388575	628.61004
1.2545278	1.5398865	629.11004
1.2544012	1.5409164	629.61004
1.2542763	1.5419471	630.11004
1.2541532	1.5429787	630.61004
1.2540317	1.5440111	631.11004
1.253912	1.5450444	631.61004
1.253794	1.5460785	632.11004
1.2536777	1.5471135	632.61004
1.2535632	1.5481494	633.11004
1.2534503	1.549186	633.61004
1.2533392	1.5502235	634.11004
1.2532298	1.5512619	634.61004
1.2531221	1.5523011	635.11004
1.253016	1.5533411	635.61004
1.2529117	1.5543819	636.11004
1.2528091	1.5554236	636.61004
1.2527082	1.5564661	637.11004
1.252609	1.5575094	637.61004
1.2525115	1.5585535	638.11004
1.2524156	1.5595984	638.61004
1.2523215	1.5606441	639.11004
1.2522291	1.5616907	639.61004
1.2521383	1.562738	640.11004
1.2520492	1.5637862	640.61004
1.2519618	1.5648351	641.11004
1.2518761	1.5658849	641.61004
1.2517921	1.5669354	642.11004
1.2517097	1.5679867	642.61004
1.251629	1.5690388	643.11004
1.25155	1.5700917	643.61004
1.2514727	1.5711454	644.11004
1.251397	1.5721998	644.61004
1.251323	1.5732551	645.11004
1.2512506	1.5743111	645.61004
1.2511799	1.5753678	646.11004
1.2511109	1.5764254	646.61004
1.2510436	1.5774837	647.11004
1.2509778	1.5785427	647.61004
1.2509138	1.5796025	648.11004
1.2508514	1.5806631	648.61004
1.2507906	1.5817244	649.11004
1.2507315	1.5827865	649.61004
1.2506741	1.5838493	650.11004
1.2506182	1.5849129	650.61004
1.2505641	1.5859772	651.11004
1.2505115	1.5870422	651.61004
1.2504606	1.588108	652.11004
1.2504114	1.5891745	652.61004
1.2503637	1.5902417	653.11004
1.2503177	1.5913097	653.61004
1.2502734	1.5923783	654.11004
1.2502306	1.5934477	654.61004
1.2501895	1.5945179	655.11004
1.25015	1.5955887	655.61004
1.2501121	1.5966602	656.11004
1.2500759	1.5977325	656.61004
1.2500413	1.5988054	657.11004
1.2500082	1.5998791	657.61004
1.2499768	1.6009535	658.11004
1.249947	1.6020285	658.61004
1.2499188	1.6031043	659.11004
1.2498923	1.6041807	659.61004
1.2498673	1.6052578	660.11004
1.2498439	1.6063357	660.61004
1.2498221	1.6074142	661.11004
1.249802	1.6084933	661.61004
1.2497834	1.6095732	662.11004
1.2497664	1.6106537	662.61004
1.249751	1.6117349	663.11004
1.2497372	1.6128168	663.61004
1.249725	1.6138993	664.11004
1.2497144	1.6149825	664.61004
1.2497054	1.6160664	665.11004
1.2496979	1.6171509	665.61004
1.249692	1.618236	666.11004
1.2496877	1.6193219	666.61004
1.249685	1.6204083	667.11004
1.2496839	1.6214954	667.61004
1.2496843	1.6225832	668.11004
1.2496863	1.6236716	668.61004
1.2496898	1.6247606	669.11004
1.249695	1.6258503	669.61004
1.2497017	1.6269406	670.11004
1.2497099	1.6280315	670.61004
1.2497197	1.629123	671.11004
1.2497311	1.6302152	671.61004
1.249744	1.631308	672.11004
1.2497585	1.6324014	672.61004
1.2497746	1.6334954	673.11004
1.2497922	1.63459	673.61004
1.2498113	1.6356853	674.11004
1.249832	1.6367811	674.61004
1.2498542	1.6378775	675.11004
1.249878	1.6389746	675.61004
1.2499033	1.6400722	676.11004
1.2499301	1.6411704	676.61004
1.2499585	1.6422693	677.11004
1.2499884	1.6433687	677.61004
1.2500198	1.6444687	678.11004
1.2500528	1.6455692	678.61004
1.2500873	1.6466704	679.11004
1.2501233	1.6477721	679.61004
1.2501609	1.6488744	680.11004
1.2502	1.6499773	680.61004
1.2502405	1.6510807	681.11004
1.2502827	1.6521847	681.61004
1.2503263	1.6532893	682.11004
1.2503714	1.6543944	682.61004
1.2504181	1.6555001	683.11004
1.2504662	1.6566063	683.61004
1.2505159	1.6577131	684.11004
1.250567	1.6588204	684.61004
1.2506197	1.6599283	685.11004
1.2506739	1.6610367	685.61004
1.2507296	1.6621457	686.11004
1.2507867	1.6632552	686.61004
1.2508454	1.6643652	687.11004
1.2509055	1.6654757	687.61004
1.2509672	1.6665868	688.11004
1.2510303	1.6676984	688.61004
1.2510949	1.6688105	689.11004
1.2511611	1.6699232	689.61004
1.2512286	1.6710363	690.11004
1.2512977	1.67215	690.61004
1.2513683	1.6732642	691.11004
1.2514403	1.6743789	691.61004
1.2515138	1.675494	692.11004
1.2515888	1.6766097	692.61004
1.2516652	1.6777259	693.11004
1.2517431	1.6788426	693.61004
1.2518225	1.6799598	694.11004
1.2519033	1.6810774	694.61004
1.2519856	1.6821956	695.11004
1.2520694	1.6833142	695.61004
1.2521546	1.6844333	696.11004
1.2522413	1.6855529	696.61004
1.2523294	1.686673	697.11004
1.252419	1.6877935	697.61004
1.25251	1.6889146	698.11004
1.2526025	1.690036	698.61004
1.2526964	1.691158	699.11004
1.2527918	1.6922804	699.61004
1.2528886	1.6934032	700.11004
1.2529869	1.6945265	700.61004
1.2530866	1.6956503	701.11004
1.2531877	1.6967745	701.61004
1.2532903	1.6978992	702.11004
1.2533942	1.6990243	702.61004
1.2534997	1.7001498	703.11004
1.2536065	1.7012758	703.61004
1.2537148	1.7024022	704.11004
1.2538245	1.7035291	704.61004
1.2539356	1.7046564	705.11004
1.2540481	1.7057841	705.61004
1.2541621	1.7069122	706.11004
1.2542775	1.7080407	706.61004
1.2543942	1.7091697	707.11004
1.2545124	1.7102991	707.61004
1.254632	1.7114289	708.11004
1.2547531	1.7125591	708.61004
1.2548755	1.7136897	709.11004
1.2549993	1.7148207	709.61004
1.2551245	1.7159521	710.11004
1.2552511	1.7170839	710.61004
1.2553792	1.7182161	711.11004
1.2555086	1.7193487	711.61004
1.2556394	1.7204817	712.11004
1.2557716	1.721615	712.61004
1.2559051	1.7227488	713.11004
1.2560401	1.7238829	713.61004
1.2561765	1.7250174	714.11004
1.2563142	1.7261523	714.61004
1.2564533	1.7272875	715.11004
1.2565938	1.7284231	715.61004
1.2567357	1.7295591	716.11004
1.256879	1.7306955	716.61004
1.2570236	1.7318322	717.11004
1.2571696	1.7329692	717.61004
1.2573169	1.7341067	718.11004
1.2574657	1.7352444	718.61004
1.2576157	1.7363825	719.11004
1.2577672	1.737521	719.61004
1.25792	1.7386598	720.11004
1.2580742	1.739799	720.61004
1.2582297	1.7409384	721.11004
1.2583866	1.7420782	721.61004
1.2585448	1.7432184	722.11004
1.2587044	1.7443589	722.61004
1.2588653	1.7454997	723.11004
1.2590276	1.7466408	723.61004
1.2591912	1.7477822	724.11004
1.2593562	1.748924	724.61004
1.2595225	1.750066	725.11004
1.2596902	1.7512084	725.61004
1.2598591	1.7523511	726.11004
1.2600294	1.7534941	726.61004
1.2602011	1.7546374	727.11004
1.2603741	1.755781	727.61004
1.2605484	1.7569249	728.11004
1.260724	1.7580691	728.61004
1.2609009	1.7592135	729.11004
1.2610792	1.7603583	729.61004
1.2612588	1.7615033	730.11004
1.2614397	1.7626487	730.61004
1.2616219	1.7637943	731.11004
1.2618055	1.7649402	731.61004
1.2619903	1.7660863	732.11004
1.2621765	1.7672327	732.61004
1.2623639	1.7683794	733.11004
1.2625527	1.7695264	733.61004
1.2627428	1.7706736	734.11004
1.2629342	1.7718211	734.61004
1.2631268	1.7729688	735.11004
1.2633208	1.7741168	735.61004
1.2635161	1.7752651	736.11004
1.2637126	1.7764135	736.61004
1.2639105	1.7775623	737.11004
1.2641096	1.7787112	737.61004
1.26431	1.7798605	738.11004
1.2645118	1.7810099	738.61004
1.2647147	1.7821596	739.11004
1.264919	1.7833095	739.61004
1.2651246	1.7844596	740.11004
1.2653314	1.78561	740.61004
1.2655395	1.7867606	741.11004
1.2657489	1.7879114	741.61004
1.2659595	1.7890624	742.11004
1.2661714	1.7902136	742.61004
1.2663846	1.791365	743.11004
1.2665991	1.7925167	743.61004
1.2668148	1.7936685	744.11004
1.2670318	1.7948206	744.61004
1.26725	1.7959728	745.11004
1.2674695	1.7971253	745.61004
1.2676902	1.7982779	746.11004
1.2679122	1.7994307	746.61004
1.2681354	1.8005838	747.11004
1.2683599	1.801737	747.61004
1.2685857	1.8028903	748.11004
1.2688126	1.8040439	748.61004
1.2690409	1.8051976	749.11004
1.2692703	1.8063515	749.61004
1.269501	1.8075056	750.11004
1.269733	1.8086598	750.61004
1.2699661	1.8098142	751.11004
1.2702005	1.8109688	751.61004
1.2704362	1.8121235	752.11004
1.270673	1.8132784	752.61004
1.2709111	1.8144334	753.11004
1.2711504	1.8155886	753.61004
1.2713909	1.8167439	754.11004
1.2716327	1.8178994	754.61004
1.2718756	1.819055	755.11004
1.2721198	1.8202107	755.61004
1.2723652	1.8213666	756.11004
1.2726118	1.8225226	756.61004
1.2728596	1.8236788	757.11004
1.2731087	1.824835	757.61004
1.2733589	1.8259914	758.11004
1.2736103	1.8271479	758.61004
1.273863	1.8283046	759.11004
1.2741168	1.8294613	759.61004
1.2743718	1.8306182	760.11004
1.2746281	1.8317751	760.61004
1.2748855	1.8329322	761.11004
1.2751441	1.8340894	761.61004
1.2754039	1.8352466	762.11004
1.2756649	1.836404	762.61004
1.275927	1.8375615	763.11004
1.2761904	1.838719	763.61004
1.2764549	1.8398767	764.11004
1.2767206	1.8410344	764.61004
1.2769875	1.8421922	765.11004
1.2772556	1.8433501	765.61004
1.2775248	1.8445081	766.11004
1.2777952	1.8456661	766.61004
1.2780668	1.8468243	767.11004
1.2783395	1.8479824	767.61004
1.2786135	1.8491407	768.11004
1.2788885	1.850299	768.61004
1.2791648	1.8514574	769.11004
1.2794421	1.8526158	769.61004
1.2797207	1.8537743	770.11004
1.2800004	1.8549328	770.61004
1.2802812	1.8560914	771.11004
1.2805632	1.8572501	771.61004
1.2808464	1.8584087	772.11004
1.2811307	1.8595674	772.61004
1.2814161	1.8607262	773.11004
1.2817027	1.861885	773.61004
1.2819904	1.8630438	774.11004
1.2822793	1.8642026	774.61004
1.2825693	1.8653615	775.11004
1.2828604	1.8665204	775.61004
1.2831527	1.8676793	776.11004
1.2834461	1.8688382	776.61004
1.2837406	1.8699972	777.11004
1.2840362	1.8711561	777.61004
1.284333	1.8723151	778.11004
1.2846309	1.873474	778.61004
1.2849299	1.874633	779.11004
1.2852301	1.875792	779.61004
1.2855313	1.8769509	780.11004
1.2858337	1.8781099	780.61004
1.2861371	1.8792688	781.11004
1.2864417	1.8804278	781.61004
1.2867474	1.8815867	782.11004
1.2870542	1.8827456	782.61004
1.2873621	1.8839045	783.11004
1.2876711	1.8850633	783.61004
1.2879812	1.8862222	784.11004
1.2882924	1.887381	784.61004
1.2886047	1.8885397	785.11004
1.288918	1.8896985	785.61004
1.2892325	1.8908571	786.11004
1.2895481	1.8920158	786.61004
1.2898647	1.8931744	787.11004
1.2901825	1.894333	787.61004
1.2905013	1.8954915	788.11004
1.2908212	1.8966499	788.61004
1.2911422	1.8978083	789.11004
1.2914642	1.8989667	789.61004
1.2917873	1.900125	790.11004
1.2921115	1.9012832	790.61004
1.2924368	1.9024414	791.11004
1.2927631	1.9035994	791.61004
1.2930906	1.9047575	792.11004
1.293419	1.9059154	792.61004
1.2937486	1.9070732	793.11004
1.2940792	1.908231	793.61004
1.2944108	1.9093887	794.11004
1.2947435	1.9105463	794.61004
1.2950773	1.9117038	795.11004
1.2954121	1.9128613	795.61004
1.295748	1.9140186	796.11004
1.2960849	1.9151758	796.61004
1.2964229	1.9163329	797.11004
1.2967619	1.91749	797.61004
1.2971019	1.9186469	798.11004
1.297443	1.9198037	798.61004
1.2977851	1.9209604	799.11004
1.2981283	1.9221169	799.61004
1.2984725	1.9232734	800.11004
1.2988177	1.9244297	800.61004
1.299164	1.9255859	801.11004
1.2995113	1.926742	801.61004
1.2998596	1.927898	802.11004
1.3002089	1.9290538	802.61004
1.3005593	1.9302095	803.11004
1.3009107	1.931365	803.61004
1.3012631	1.9325204	804.11004
1.3016165	1.9336757	804.61004
1.3019709	1.9348308	805.11004
1.3023263	1.9359857	805.61004
1.3026828	1.9371405	806.11004
1.3030402	1.9382952	806.61004
1.3033987	1.9394497	807.11004
1.3037582	1.940604	807.61004
1.3041186	1.9417582	808.11004
1.3044801	1.9429122	808.61004
1.3048426	1.944066	809.11004
1.305206	1.9452196	809.61004
1.3055705	1.9463731	810.11004
1.3059359	1.9475264	810.61004
1.3063023	1.9486795	811.11004
1.3066698	1.9498324	811.61004
1.3070382	1.9509852	812.11004
1.3074076	1.9521377	812.61004
1.3077779	1.9532901	813.11004
1.3081493	1.9544422	813.61004
1.3085216	1.9555942	814.11004
1.3088949	1.956746	814.61004
1.3092692	1.9578975	815.11004
1.3096444	1.9590488	815.61004
1.3100206	1.9602	816.11004
1.3103978	1.9613509	816.61004
1.3107759	1.9625016	817.11004
1.311155	1.9636521	817.61004
1.3115351	1.9648023	818.11004
1.3119161	1.9659524	818.61004
1.3122981	1.9671022	819.11004
1.3126811	1.9682517	819.61004
1.3130649	1.9694011	820.11004
1.3134498	1.9705502	820.61004
1.3138356	1.971699	821.11004
1.3142223	1.9728476	821.61004
1.31461	1.973996	822.11004
1.3149986	1.9751441	822.61004
1.3153882	1.976292	823.11004
1.3157787	1.9774396	823.61004
1.3161701	1.978587	824.11004
1.3165625	1.9797341	824.61004
1.3169558	1.9808809	825.11004
1.31735	1.9820275	825.61004
1.3177452	1.9831738	826.11004
1.3181413	1.9843198	826.61004
1.3185383	1.9854656	827.11004
1.3189362	1.9866111	827.61004
1.3193351	1.9877563	828.11004
1.3197348	1.9889012	828.61004
1.3201355	1.9900458	829.11004
1.3205371	1.9911901	829.61004
1.3209396	1.9923342	830.11004
1.321343	1.9934779	830.61004
1.3217474	1.9946214	831.11004
1.3221526	1.9957646	831.61004
1.3225587	1.9969074	832.11004
1.3229658	1.9980499	832.61004
1.3233737	1.9991922	833.11004
1.3237826	2.0003341	833.61004
1.3241923	2.0014757	834.11004
1.3246029	2.002617	834.61004
1.3250144	2.003758	835.11004
1.3254268	2.0048986	835.61004
1.3258401	2.0060389	836.11004
1.3262543	2.0071789	836.61004
1.3266694	2.0083186	837.11004
1.3270853	2.0094579	837.61004
1.3275021	2.0105969	838.11004
1.3279198	2.0117356	838.61004
1.3283384	2.0128739	839.11004
1.3287579	2.0140118	839.61004
1.3291782	2.0151494	840.11004
1.3295994	2.0162867	840.61004
1.3300214	2.0174236	841.11004
1.3304443	2.0185601	841.61004
1.3308681	2.0196963	842.11004
1.3312928	2.0208321	842.61004
1.3317183	2.0219676	843.11004
1.3321446	2.0231026	843.61004
1.3325718	2.0242373	844.11004
1.3329999	2.0253717	844.61004
1.3334288	2.0265056	845.11004
1.3338586	2.0276392	845.61004
1.3342892	2.0287724	846.11004
1.3347206	2.0299052	846.61004
1.3351529	2.0310376	847.11004
1.3355861	2.0321696	847.61004
1.3360201	2.0333012	848.11004
1.3364549	2.0344324	848.61004
1.3368905	2.0355633	849.11004
1.337327	2.0366937	849.61004
1.3377643	2.0378237	850.11004
1.3382024	2.0389533	850.61004
1.3386414	2.0400825	851.11004
1.3390812	2.0412113	851.61004
1.3395218	2.0423396	852.11004
1.3399632	2.0434675	852.61004
1.3404055	2.044595	853.11004
1.3408485	2.0457221	853.61004
1.3412924	2.0468488	854.11004
1.3417371	2.047975	854.61004
1.3421826	2.0491008	855.11004
1.3426289	2.0502261	855.61004
1.343076	2.051351	856.11004
1.3435239	2.0524755	856.61004
1.3439727	2.0535995	857.11004
1.3444222	2.054723	857.61004
1.3448725	2.0558461	858.11004
1.3453236	2.0569688	858.61004
1.3457755	2.058091	859.11004
1.3462282	2.0592127	859.61004
1.3466817	2.0603339	860.11004
1.347136	2.0614547	860.61004
1.347591	2.0625751	861.11004
1.3480469	2.0636949	861.61004
1.3485035	2.0648143	862.11004
1.3489609	2.0659332	862.61004
1.3494191	2.0670516	863.11004
1.349878	2.0681695	863.61004
1.3503377	2.069287	864.11004
1.3507982	2.0704039	864.61004
1.3512595	2.0715204	865.11004
1.3517215	2.0726363	865.61004
1.3521843	2.0737518	866.11004
1.3526479	2.0748667	866.61004
1.3531122	2.0759812	867.11004
1.3535773	2.0770951	867.61004
1.3540432	2.0782086	868.11004
1.3545097	2.0793215	868.61004
1.3549771	2.0804339	869.11004
1.3554452	2.0815458	869.61004
1.355914	2.0826571	870.11004
1.3563836	2.083768	870.61004
1.356854	2.0848783	871.11004
1.357325	2.085988	871.61004
1.3577969	2.0870973	872.11004
1.3582694	2.088206	872.61004
1.3587427	2.0893141	873.11004
1.3592167	2.0904218	873.61004
1.3596915	2.0915288	874.11004
1.360167	2.0926354	874.61004
1.3606432	2.0937413	875.11004
1.3611202	2.0948468	875.61004
1.3615978	2.0959516	876.11004
1.3620762	2.0970559	876.61004
1.3625553	2.0981597	877.11004
1.3630352	2.0992629	877.61004
1.3635157	2.1003655	878.11004
1.363997	2.1014675	878.61004
1.364479	2.102569	879.11004
1.3649616	2.1036698	879.61004
1.365445	2.1047701	880.11004
1.3659291	2.1058699	880.61004
1.3664139	2.106969	881.11004
1.3668994	2.1080676	881.61004
1.3673856	2.1091655	882.11004
1.3678725	2.1102629	882.61004
1.3683601	2.1113596	883.11004
1.3688484	2.1124558	883.61004
1.3693374	2.1135514	884.11004
1.3698271	2.1146463	884.61004
1.3703174	2.1157406	885.11004
1.3708085	2.1168344	885.61004
1.3713002	2.1179275	886.11004
1.3717926	2.11902	886.61004
1.3722857	2.1201119	887.11004
1.3727794	2.1212031	887.61004
1.3732739	2.1222938	888.11004
1.373769	2.1233838	888.61004
1.3742648	2.1244731	889.11004
1.3747612	2.1255619	889.61004
1.3752583	2.12665	890.11004
1.3757561	2.1277374	890.61004
1.3762546	2.1288242	891.11004
1.3767537	2.1299104	891.61004
1.3772535	2.1309959	892.11004
1.3777539	2.1320808	892.61004
1.378255	2.133165	893.11004
1.3787567	2.1342485	893.61004
1.3792591	2.1353314	894.11004
1.3797621	2.1364137	894.61004
1.3802658	2.1374952	895.11004
1.3807701	2.1385761	895.61004
1.3812751	2.1396563	896.11004
1.3817807	2.1407359	896.61004
1.3822869	2.1418147	897.11004
1.3827938	2.1428929	897.61004
1.3833013	2.1439704	898.11004
1.3838095	2.1450472	898.61004
1.3843182	2.1461233	899.11004
1.3848277	2.1471988	899.61004
1.3853377	2.1482735	900.11004
1.3858483	2.1493475	900.61004
1.3863596	2.1504209	901.11004
1.3868715	2.1514935	901.61004
1.387384	2.1525654	902.11004
1.3878972	2.1536366	902.61004
1.3884109	2.1547071	903.11004
1.3889253	2.1557769	903.61004
1.3894403	2.156846	904.11004
1.3899558	2.1579143	904.61004
1.390472	2.158982	905.11004
1.3909888	2.1600489	905.61004
1.3915062	2.161115	906.11004
1.3920242	2.1621805	906.61004
1.3925428	2.1632451	907.11004
1.393062	2.1643091	907.61004
