   2.9000000e+01   1.2944684e+02   1.8622421e+00   1.8184936e+02   2.3400000e+02   2.2700000e+02   8.6907782e+00   7.2348227e+01   6.2532214e+00   3.0924964e+00   6.1494534e+00   1.6606307e+00   7.1478467e-02   2.3602444e+00   4.9859704e-02   6.6084564e-02   2.5801977e-02   3.6491372e-02   9.7549574e-01   6.0000000e+00
   3.3000000e+01   1.2473600e+02   1.6468938e+00   1.8200000e+02   2.9800000e+02   1.5600000e+02   7.5946837e+00   2.9370285e+01   6.4854691e+00   2.9312873e+00   5.9417603e+00   1.7798885e+00   3.9453702e-02   1.2990548e+00   5.9641728e-02   8.0259508e-02   3.5057094e-02   5.1326975e-02   9.5974347e-01   3.0000000e+00
   2.8000000e+01   1.3290523e+02   1.6858479e+00   1.8773877e+02   3.6500000e+02   2.7900000e+02   7.8339485e+00   4.2634363e+01   6.5345537e+00   2.9278726e+00   6.2427719e+00   1.7367359e+00   5.3572041e-02   1.7460072e+00   5.6885250e-02   7.5617192e-02   3.2844590e-02   4.7123839e-02   9.6391580e-01   1.3000000e+01
   3.0000000e+00   1.5600800e+02   1.6140475e+00   1.7700000e+02   2.1200000e+02   1.6500000e+02   5.2273890e+00   2.3557146e+01   5.5290985e+00   2.9261743e+00   6.3202510e+00   1.8129419e+00   2.7964059e-02   9.2797080e-01   5.1610294e-02   7.0095575e-02   3.1136266e-02   4.6082846e-02   9.6876686e-01   4.0000000e+00
   1.3000000e+01   1.7593411e+02   1.9299201e+00   1.8436281e+02   1.4800000e+02   1.7000000e+02   6.9322716e+00   4.7323460e+01   5.1031791e+00   2.8782571e+00   5.7110452e+00   1.4913867e+00   6.2528575e-02   1.9062939e+00   6.6664922e-02   8.3699365e-02   3.3077602e-02   4.2877231e-02   9.5687473e-01   8.0000000e+00
   1.6000000e+01   1.4821904e+02   1.7688412e+00   1.7024907e+02   3.5600000e+02   3.2300000e+02   7.5663437e+00   4.9861247e+01   5.9985193e+00   2.8679999e+00   6.2587762e+00   1.6214005e+00   6.0698928e-02   1.8788593e+00   5.5675217e-02   7.1210699e-02   3.0983559e-02   4.2366850e-02   9.6515425e-01   4.0000000e+00
   7.0000000e+00   1.4373548e+02   1.7200475e+00   1.7639244e+02   2.5100000e+02   2.3700000e+02   7.5348995e+00   7.1305870e+01   6.5373754e+00   2.8276348e+00   5.9448526e+00   1.6439283e+00   6.2803420e-02   1.9477875e+00   3.9810732e-02   5.1096497e-02   2.2578353e-02   3.0906761e-02   9.8164714e-01   8.0000000e+00
   1.3000000e+01   2.4666686e+02   2.0088229e+00   1.8210096e+02   1.2000000e+02   3.3900000e+02   6.9085250e+00   3.0081002e+01   6.2773626e+00   2.8024869e+00   5.6611300e+00   1.3950891e+00   2.8282922e-02   8.0511716e-01   4.5070445e-02   5.4735588e-02   2.2255055e-02   2.8054960e-02   9.7817891e-01   1.6000000e+01
   2.7000000e+01   1.6406568e+02   1.9765080e+00   1.8074234e+02   1.7000000e+02   2.1300000e+02   8.5383575e+00   4.3662980e+01   6.6831065e+00   2.7947913e+00   6.3949543e+00   1.4140045e+00   4.4471007e-02   1.2816082e+00   4.9324005e-02   6.0321481e-02   2.4468329e-02   3.0866819e-02   9.7435139e-01   2.0000000e+00
   1.7000000e+01   2.1763611e+02   1.9241937e+00   1.7802929e+02   2.3100000e+02   3.2700000e+02   7.2232847e+00   6.1812183e+01   6.2697887e+00   2.6836109e+00   5.7266791e+00   1.3946678e+00   3.7673422e-02   1.0422040e+00   2.7480486e-02   3.2952927e-02   1.4227490e-02   1.7802774e-02   9.9107911e-01   1.4000000e+01
   4.0000000e+00   2.2850079e+02   1.9329475e+00   1.7368186e+02   1.9200000e+02   3.8300000e+02   8.9219642e+00   5.6145483e+01   5.4824518e+00   2.6723396e+00   6.0952303e+00   1.3825205e+00   6.2213121e-02   1.7179057e+00   5.0059685e-02   6.0057323e-02   2.5767544e-02   3.2101125e-02   9.7120467e-01   7.0000000e+00
   1.8000000e+01   1.8728000e+02   2.0801038e+00   1.7800000e+02   1.2300000e+02   3.7200000e+02   6.8929432e+00   3.6213083e+01   5.8815886e+00   2.6652372e+00   5.5682745e+00   1.2813001e+00   3.8163346e-02   1.0092147e+00   4.7986941e-02   5.6385047e-02   2.3112080e-02   2.8123542e-02   9.7400038e-01   1.2000000e+01
   4.0000000e+00   2.5042944e+02   1.9063786e+00   1.7298064e+02   1.8100000e+02   2.9200000e+02   7.0952722e+00   8.7542519e+01   6.3197650e+00   2.6317406e+00   6.1988645e+00   1.3804921e+00   5.6474629e-02   1.5360548e+00   2.8417977e-02   3.3838379e-02   1.4884642e-02   1.8489773e-02   9.9017777e-01   6.0000000e+00
   1.5000000e+01   1.5899826e+02   1.7847475e+00   1.9090438e+02   1.5500000e+02   1.2900000e+02   6.9062901e+00   3.7050536e+01   5.6976220e+00   2.5896037e+00   6.3759692e+00   1.4509636e+00   4.5528589e-02   1.2545155e+00   5.1865495e-02   6.2302745e-02   2.9178947e-02   3.6808977e-02   9.6599188e-01   2.0000000e+00
   6.0000000e+00   2.0623709e+02   1.8577152e+00   1.7739380e+02   2.4100000e+02   3.7500000e+02   8.2660849e+00   1.6898471e+02   5.6399463e+00   2.5610078e+00   6.0399443e+00   1.3785794e+00   1.2059071e-01   3.2204182e+00   3.0316318e-02   3.5858991e-02   1.6343239e-02   2.0181963e-02   9.8826667e-01   2.5000000e+01
   2.3000000e+01   1.8935160e+02   1.8296572e+00   1.7293376e+02   2.8100000e+02   2.9700000e+02   9.5076509e+00   5.2784631e+01   5.5570481e+00   2.5610055e+00   6.0762270e+00   1.3997188e+00   4.5370083e-02   1.2229840e+00   3.6422914e-02   4.3302029e-02   1.9904129e-02   2.4705961e-02   9.8308907e-01   5.0000000e+00
   3.0000000e+01   2.0566623e+02   1.6414701e+00   1.6841205e+02   3.1900000e+02   4.0900000e+02   9.0983910e+00   5.5506784e+01   6.2368562e+00   2.4992394e+00   6.6060303e+00   1.5225616e+00   4.6061031e-02   1.2716508e+00   3.2974693e-02   3.9859871e-02   2.0111623e-02   2.5611913e-02   9.8471416e-01   1.7000000e+01
   6.0000000e+00   2.3268374e+02   1.7595260e+00   1.7654810e+02   7.0000000e+01   1.3500000e+02   6.8277737e+00   5.4733822e+01   6.4705742e+00   2.4597239e+00   6.0088200e+00   1.3979469e+00   6.2659658e-02   1.6476874e+00   4.6051226e-02   5.4304911e-02   2.6247050e-02   3.2304444e-02   9.7131712e-01   7.0000000e+00
   2.6000000e+01   1.4703970e+02   1.5298058e+00   1.7528678e+02   3.8000000e+02   1.6600000e+02   9.6339671e+00   7.3995065e+01   6.1756705e+00   2.4262427e+00   6.0972186e+00   1.5859808e+00   8.2239261e-02   2.2721177e+00   4.1605224e-02   5.0803222e-02   2.7242416e-02   3.5199998e-02   9.7401039e-01   3.0000000e+00
   1.1000000e+01   1.7975362e+02   1.8115033e+00   1.8024067e+02   2.5600000e+02   3.1800000e+02   7.8897320e+00   9.4951845e+01   6.3077001e+00   2.4261056e+00   5.6320518e+00   1.3392775e+00   5.9934728e-02   1.5296028e+00   2.5066844e-02   2.9145971e-02   1.3954601e-02   1.6926311e-02   9.9124274e-01   6.0000000e+00
   1.2000000e+01   2.6597376e+02   1.7303021e+00   1.7848357e+02   1.7700000e+02   3.4800000e+02   7.6394259e+00   1.1826636e+02   6.0151064e+00   2.3095229e+00   6.4115786e+00   1.3347512e+00   7.1735340e-02   1.7733079e+00   2.2608288e-02   2.6035712e-02   1.3205937e-02   1.5865222e-02   9.9222768e-01   2.3000000e+01
   2.9000000e+01   2.8109600e+02   1.7722237e+00   1.7700000e+02   2.4300000e+02   2.4000000e+02   8.7272702e+00   5.2666218e+01   5.6844791e+00   2.2864817e+00   6.0734168e+00   1.2901767e+00   3.6777386e-02   8.9112207e-01   2.5872189e-02   2.9586715e-02   1.4779476e-02   1.7580158e-02   9.8984494e-01   9.0000000e+00
   2.3000000e+01   2.8109600e+02   1.5711867e+00   1.7000000e+02   3.3100000e+02   3.9100000e+02   9.2886769e+00   3.8603752e+01   5.9622805e+00   2.2334834e+00   6.0678796e+00   1.4215264e+00   4.6232641e-02   1.1580590e+00   4.2243075e-02   4.9242438e-02   2.7145377e-02   3.2998692e-02   9.7110421e-01   7.0000000e+00
   1.3000000e+01   3.7243484e+02   1.7703711e+00   1.7807921e+02   1.2800000e+02   3.7100000e+02   7.2401217e+00   7.8290783e+01   5.7273824e+00   2.2269882e+00   6.3113677e+00   1.2579217e+00   4.6379816e-02   1.0940268e+00   2.1274621e-02   2.4130162e-02   1.2193251e-02   1.4367460e-02   9.9286206e-01   1.8000000e+01
   3.4000000e+01   1.5600800e+02   1.4786552e+00   1.9100000e+02   1.9100000e+02   1.1800000e+02   6.9299980e+00   4.0310747e+01   5.4867705e+00   2.2106873e+00   5.4789159e+00   1.4950662e+00   3.3754413e-02   8.6262983e-01   2.9146476e-02   3.4418742e-02   1.9833213e-02   2.4303582e-02   9.8554176e-01   2.0000000e+00
   1.4000000e+01   2.3724703e+02   1.6643521e+00   1.7240218e+02   3.7200000e+02   3.0000000e+02   7.1972313e+00   5.0439614e+01   5.4089345e+00   2.1848768e+00   5.6629924e+00   1.3127492e+00   5.2134286e-02   1.2438724e+00   3.6393493e-02   4.1600584e-02   2.2099453e-02   2.6121836e-02   9.7848202e-01   5.0000000e+00
   7.0000000e+00   3.1236800e+02   1.7604995e+00   1.7100000e+02   2.0800000e+02   3.5900000e+02   7.0521675e+00   3.3525280e+01   5.9219597e+00   2.1705961e+00   5.5834362e+00   1.2329433e+00   2.5359267e-02   5.8429396e-01   2.6307635e-02   2.9643377e-02   1.5183947e-02   1.7764679e-02   9.8872629e-01   1.2000000e+01
   1.8000000e+01   2.5712120e+02   1.6112334e+00   1.7576665e+02   7.9000000e+01   1.8300000e+02   6.2757730e+00   4.2696792e+01   6.3986098e+00   2.1677857e+00   6.3570965e+00   1.3454200e+00   4.1799256e-02   1.0052450e+00   3.3869285e-02   3.8858026e-02   2.1235874e-02   2.5252282e-02   9.8085733e-01   2.0000000e+00
   1.8000000e+01   3.0086288e+02   1.6792433e+00   1.7436790e+02   1.2800000e+02   2.9300000e+02   6.6014528e+00   3.6000174e+01   6.2900224e+00   2.1564151e+00   5.9705049e+00   1.2841588e+00   2.7055093e-02   6.3404262e-01   2.5901235e-02   2.9406279e-02   1.5633814e-02   1.8403071e-02   9.8879898e-01   7.0000000e+00
   3.0000000e+00   2.5036017e+02   1.5510134e+00   1.7398285e+02   3.0800000e+02   4.0300000e+02   5.3676233e+00   3.0750079e+01   5.7620903e+00   2.1558291e+00   6.0345622e+00   1.3899487e+00   2.6278889e-02   6.3923886e-01   2.9117320e-02   3.3632241e-02   1.9004263e-02   2.2775730e-02   9.8541060e-01   8.0000000e+00
   1.3000000e+01   1.0233960e+03   7.0449416e-01   1.5726311e+02   2.0900000e+02   1.1400000e+02   6.3936140e+00   2.4292836e+01   6.1504502e+00   2.1556807e+00   6.2998676e+00   3.0598986e+00   2.9758655e-02   1.1059361e+00   3.0915462e-02   5.5314970e-02   4.5621443e-02   7.2232582e-02   9.7280430e-01   3.0000000e+00
   2.9000000e+01   1.0859492e+03   6.6942807e-01   1.5126282e+02   2.5200000e+02   3.6200000e+02   8.4450541e+00   4.2857087e+01   5.6434069e+00   2.1403506e+00   6.6229858e+00   3.1972824e+00   4.7844145e-02   1.8387546e+00   2.9062146e-02   5.1629222e-02   4.6241824e-02   7.2659328e-02   9.7544049e-01   1.0000000e+01
   2.4000000e+01   2.7232690e+02   1.5670079e+00   1.6628041e+02   7.1000000e+01   2.3400000e+02   9.0692102e+00   1.3068754e+02   6.2849440e+00   2.0942632e+00   5.7696815e+00   1.3364726e+00   8.9351775e-02   2.1033276e+00   2.2692321e-02   2.5907367e-02   1.4633026e-02   1.7279298e-02   9.9083642e-01   1.2000000e+01
   2.8000000e+01   2.5209320e+02   1.5995219e+00   1.8392744e+02   2.5300000e+02   1.9100000e+02   8.1621093e+00   6.3884589e+01   5.7073155e+00   2.0768394e+00   6.3705732e+00   1.2984126e+00   4.2286868e-02   9.7566462e-01   2.1804831e-02   2.4717896e-02   1.3815560e-02   1.6182954e-02   9.9147689e-01   7.0000000e+00
   2.4000000e+01   2.4300050e+02   1.5882066e+00   1.6721820e+02   3.6800000e+02   3.0000000e+02   1.1053729e+01   1.1502605e+02   5.6507750e+00   2.0719236e+00   6.2717085e+00   1.3045681e+00   1.0572793e-01   2.4418770e+00   3.0200685e-02   3.4261255e-02   1.9270446e-02   2.2578213e-02   9.8368172e-01   1.5000000e+01
   1.8000000e+01   2.7051778e+02   1.5690599e+00   1.7533826e+02   3.3000000e+02   2.7600000e+02   6.6003381e+00   3.1107123e+01   6.2806597e+00   2.0522084e+00   5.9798447e+00   1.3079222e+00   3.3688157e-02   7.7598272e-01   3.5164739e-02   3.9891214e-02   2.2678541e-02   2.6560545e-02   9.7769423e-01   5.0000000e+00
   3.1000000e+01   2.8160802e+02   1.6037375e+00   1.6998363e+02   2.1900000e+02   2.5600000e+02   7.7392136e+00   3.5532773e+01   6.0693307e+00   2.0455975e+00   5.8556523e+00   1.2755189e+00   3.2835426e-02   7.4627334e-01   2.9872220e-02   3.3720988e-02   1.8886971e-02   2.2022415e-02   9.8385173e-01   5.0000000e+00
   3.3000000e+01   2.9738262e+02   1.6152548e+00   1.7647919e+02   9.9000000e+01   3.9800000e+02   7.5175148e+00   5.0269337e+01   5.6508832e+00   2.0333619e+00   5.8034309e+00   1.2588490e+00   3.7993004e-02   8.5422182e-01   2.4331947e-02   2.7378486e-02   1.5296829e-02   1.7757336e-02   9.8915386e-01   7.0000000e+00
   1.0000000e+01   2.6195664e+02   1.5478143e+00   1.6861203e+02   3.6700000e+02   3.6800000e+02   6.9736497e+00   3.4572009e+01   5.6571568e+00   2.0232311e+00   6.5492338e+00   1.3071536e+00   3.6744123e-02   8.4030066e-01   3.3943433e-02   3.8459379e-02   2.2232885e-02   2.5955622e-02   9.7867225e-01   1.1000000e+01
   2.6000000e+01   9.5463062e+02   7.2172424e-01   1.4946205e+02   2.2600000e+02   2.4800000e+02   8.7127190e+00   3.2480743e+01   6.0011486e+00   2.0157754e+00   5.9616804e+00   2.7929995e+00   3.5494751e-02   1.1973012e+00   2.8079311e-02   4.4959646e-02   3.9648932e-02   5.7486095e-02   9.7732885e-01   5.0000000e+00
   8.0000000e+00   3.3167604e+02   1.4940818e+00   1.6738258e+02   8.8000000e+01   4.2100000e+02   7.2554921e+00   7.9905784e+01   5.6267668e+00   1.9714654e+00   5.6729954e+00   1.3195164e+00   5.4807069e-02   1.2418070e+00   2.1274179e-02   2.4092949e-02   1.4412145e-02   1.6775720e-02   9.9111963e-01   1.5000000e+01
   2.0000000e+01   9.6908000e+02   6.8782025e-01   1.4800000e+02   1.2800000e+02   4.0000000e+02   6.9421344e+00   1.8160720e+01   6.2305636e+00   1.9672329e+00   6.3416963e+00   2.8600973e+00   2.4608744e-02   8.3543151e-01   3.5154429e-02   5.5414456e-02   5.2379207e-02   7.4784013e-02   9.6376263e-01   1.5000000e+01
   2.4000000e+01   1.0633741e+03   6.9348075e-01   1.4098471e+02   2.5900000e+02   2.8900000e+02   9.3238281e+00   2.0148728e+01   6.0098624e+00   1.9646014e+00   6.0133244e+00   2.8329574e+00   2.7042281e-02   9.1002166e-01   3.4433839e-02   5.4431043e-02   5.0611637e-02   7.2244625e-02   9.6520473e-01   1.3000000e+01
   8.0000000e+00   2.5345387e+02   1.3835652e+00   1.6988393e+02   2.5800000e+02   1.4200000e+02   6.8783044e+00   2.6897619e+01   5.9461702e+00   1.9368148e+00   5.8472688e+00   1.3998724e+00   2.5593299e-02   5.9121657e-01   2.8726346e-02   3.2915584e-02   2.0958218e-02   2.4611975e-02   9.8309342e-01   3.0000000e+00
   2.8000000e+01   9.3780800e+02   5.9944576e-01   1.6200000e+02   2.5300000e+02   2.7000000e+02   8.1580085e+00   5.8140655e+01   5.4358842e+00   1.9319354e+00   6.1849372e+00   3.2228693e+00   3.5635831e-02   1.3024591e+00   1.6449871e-02   2.6308020e-02   2.8812725e-02   4.1733947e-02   9.9117120e-01   1.2000000e+01
   2.2000000e+01   3.4877183e+02   1.5465598e+00   1.8483590e+02   9.8000000e+01   1.9700000e+02   1.0554500e+01   8.5060695e+01   5.8284035e+00   1.9302114e+00   5.8997140e+00   1.2480677e+00   6.8253205e-02   1.4898744e+00   2.4282086e-02   2.7191571e-02   1.5919062e-02   1.8320330e-02   9.8829092e-01   6.0000000e+00
   9.0000000e+00   2.8940410e+02   1.4987230e+00   1.7173433e+02   4.2800000e+02   4.0500000e+02   6.8673400e+00   4.3872694e+01   5.9960533e+00   1.9288616e+00   6.1966369e+00   1.2870034e+00   3.4866548e-02   7.7156901e-01   2.4002791e-02   2.7022374e-02   1.6227565e-02   1.8755043e-02   9.8840201e-01   1.4000000e+01
   2.0000000e+01   4.0687586e+02   1.4163759e+00   1.6597788e+02   1.0000000e+02   3.0200000e+02   7.3483529e+00   8.5734660e+01   5.4955982e+00   1.9265598e+00   5.5204621e+00   1.3602037e+00   5.2310704e-02   1.1887611e+00   1.8457709e-02   2.0976665e-02   1.3170286e-02   1.5332168e-02   9.9296975e-01   1.2000000e+01
   4.0000000e+00   2.7397808e+02   1.3557569e+00   1.7222761e+02   1.9800000e+02   1.0000000e+02   6.9037687e+00   5.0363332e+01   6.4327627e+00   1.9252359e+00   5.7885499e+00   1.4200451e+00   5.6014841e-02   1.3001758e+00   3.3451331e-02   3.8394609e-02   2.4871208e-02   2.9226159e-02   9.7692353e-01   2.0000000e+00
   1.2000000e+01   1.8728000e+02   1.3909550e+00   1.8100000e+02   3.9200000e+02   1.7800000e+02   6.6899767e+00   3.3977670e+01   5.5581132e+00   1.8928850e+00   5.9721601e+00   1.3608528e+00   3.6712223e-02   8.2645276e-01   3.2012805e-02   3.6336444e-02   2.3289025e-02   2.7040775e-02   9.7853017e-01   1.0000000e+01
   2.1000000e+01   3.4803171e+02   1.4586909e+00   1.7685956e+02   1.6400000e+02   1.2900000e+02   7.6743150e+00   9.8891282e+01   5.5548705e+00   1.8757034e+00   6.0368707e+00   1.2858813e+00   7.2882045e-02   1.5898580e+00   2.1643970e-02   2.4292240e-02   1.5021681e-02   1.7263054e-02   9.9012204e-01   2.0000000e+00
   7.0000000e+00   1.0299760e+03   5.5824939e-01   1.4805270e+02   2.9800000e+02   2.8300000e+02   8.0787820e+00   5.3928238e+01   6.3839694e+00   1.8682997e+00   6.3399205e+00   3.3467117e+00   4.9527725e-02   1.8351707e+00   2.4602226e-02   3.9047210e-02   4.6967770e-02   6.7889752e-02   9.7953344e-01   1.1000000e+01
   1.0000000e+01   1.0964702e+03   6.3593936e-01   1.4192638e+02   3.0200000e+02   3.7600000e+02   8.0952945e+00   7.8474420e+01   5.7454839e+00   1.8460497e+00   6.0626888e+00   2.9028706e+00   5.6786636e-02   1.8848384e+00   1.8755720e-02   2.8288469e-02   3.0176934e-02   4.1378646e-02   9.8859505e-01   1.2000000e+01
   2.7000000e+01   3.2025574e+02   1.4727221e+00   1.7574777e+02   1.8300000e+02   2.8000000e+02   8.7781938e+00   8.7467831e+01   6.4293082e+00   1.8283209e+00   6.3459724e+00   1.2414568e+00   5.5959500e-02   1.1849634e+00   1.8223095e-02   2.0300393e-02   1.2552542e-02   1.4305936e-02   9.9275121e-01   6.0000000e+00
   1.6000000e+01   1.0240373e+03   6.6181373e-01   1.4224260e+02   3.5500000e+02   2.2200000e+02   7.3268001e+00   3.2271685e+01   5.6440537e+00   1.8256807e+00   5.6808455e+00   2.7586020e+00   3.2147078e-02   1.0288842e+00   2.5889719e-02   3.7765782e-02   3.9752359e-02   5.3356991e-02   9.7887141e-01   2.0000000e+00
   1.0000000e+01   3.4364000e+02   1.4249770e+00   1.6600000e+02   1.7200000e+02   1.4200000e+02   7.1175928e+00   7.5701947e+01   6.3732816e+00   1.8242690e+00   6.0388453e+00   1.2802095e+00   5.7138852e-02   1.2275307e+00   2.1450292e-02   2.4018626e-02   1.5239104e-02   1.7433474e-02   9.8986017e-01   2.0000000e+00
   2.4000000e+01   9.6908000e+02   6.8569950e-01   1.4400000e+02   3.4200000e+02   4.2300000e+02   1.0083436e+01   6.9425457e+01   6.0274642e+00   1.8122149e+00   6.0022880e+00   2.6428704e+00   6.5004760e-02   2.0123545e+00   2.4038675e-02   3.4557250e-02   3.5358462e-02   4.6850685e-02   9.8193444e-01   2.0000000e+01
   1.7000000e+01   1.0633996e+03   7.0621951e-01   1.5098389e+02   9.8000000e+01   2.2400000e+02   6.7681307e+00   1.9376244e+01   6.0689769e+00   1.7980062e+00   5.8529687e+00   2.5459594e+00   2.4061222e-02   7.2548552e-01   3.1915659e-02   4.4912094e-02   4.5366061e-02   5.9350741e-02   9.6902951e-01   9.0000000e+00
   8.0000000e+00   3.2565209e+02   1.3281265e+00   1.6757521e+02   2.1000000e+02   1.9600000e+02   7.4568321e+00   9.6595471e+01   6.4041412e+00   1.7818609e+00   6.2111755e+00   1.3416349e+00   5.8904285e-02   1.2783242e+00   1.6905354e-02   1.9041157e-02   1.2855073e-02   1.4737133e-02   9.9332450e-01   6.0000000e+00
   3.2000000e+01   9.0653600e+02   7.5684161e-01   1.6000000e+02   4.3800000e+02   1.0900000e+02   8.5154068e+00   5.1354911e+01   5.9245853e+00   1.7650740e+00   6.3125111e+00   2.3321578e+00   7.7777164e-02   2.2156157e+00   3.8839869e-02   5.2151109e-02   5.1343839e-02   6.5415949e-02   9.5580910e-01   3.0000000e+00
   1.5000000e+01   1.0911434e+03   6.2095840e-01   1.6109672e+02   2.5600000e+02   4.0800000e+02   7.4569938e+00   6.9192872e+01   6.2883838e+00   1.7628779e+00   5.6807096e+00   2.8389629e+00   5.4378158e-02   1.7423365e+00   2.0371166e-02   2.9312115e-02   3.3481565e-02   4.4394749e-02   9.8609392e-01   1.8000000e+01
   3.3000000e+01   2.9034127e+02   1.3521010e+00   1.7670436e+02   1.7200000e+02   1.1400000e+02   7.3057937e+00   5.8145103e+01   6.4074898e+00   1.7592650e+00   5.5901497e+00   1.3011343e+00   4.1553415e-02   8.8396412e-01   1.9526680e-02   2.1860613e-02   1.4592385e-02   1.6630262e-02   9.9103031e-01   2.0000000e+00
   1.2000000e+01   3.6994822e+02   1.3037463e+00   1.7515873e+02   6.9000000e+01   3.9900000e+02   7.5850203e+00   8.5851764e+01   4.7994073e+00   1.7535235e+00   5.6274179e+00   1.3449883e+00   5.9947205e-02   1.2956996e+00   1.9340965e-02   2.1662697e-02   1.4960895e-02   1.7041245e-02   9.9109345e-01   2.7000000e+01
   3.0000000e+01   3.0699350e+02   1.3440757e+00   1.6517186e+02   4.2300000e+02   2.7600000e+02   9.4297930e+00   5.5970976e+01   5.5653911e+00   1.7526457e+00   5.9674584e+00   1.3039784e+00   4.6520785e-02   9.8812887e-01   2.2631874e-02   2.5332224e-02   1.7021113e-02   1.9389346e-02   9.8790581e-01   9.0000000e+00
   3.2000000e+01   1.0179963e+03   5.9106120e-01   1.5643578e+02   1.3500000e+02   3.5600000e+02   7.7864209e+00   2.6077318e+01   5.6244937e+00   1.7412869e+00   6.1181609e+00   2.9460348e+00   3.3331063e-02   1.0842122e+00   3.3402533e-02   4.8033101e-02   5.7968785e-02   7.6963255e-02   9.6223928e-01   1.2000000e+01
   2.9000000e+01   3.8908461e+02   1.2401892e+00   1.7354680e+02   9.0000000e+01   2.0800000e+02   7.9471297e+00   6.2257852e+01   6.5823348e+00   1.7344777e+00   6.4057468e+00   1.3985590e+00   4.5174937e-02   9.8871203e-01   1.9586606e-02   2.2158246e-02   1.5911055e-02   1.8257129e-02   9.9055838e-01   5.0000000e+00
   3.0000000e+00   3.4367800e+02   1.3131893e+00   1.7099879e+02   9.3000000e+01   1.3500000e+02   4.7911613e+00   2.2595716e+01   6.3087853e+00   1.7313054e+00   6.4484961e+00   1.3183975e+00   1.7079743e-02   3.6286055e-01   2.0297950e-02   2.2754018e-02   1.5585308e-02   1.7749701e-02   9.9003132e-01   2.0000000e+00
   1.7000000e+01   3.7490398e+02   1.3174037e+00   1.7300026e+02   1.0600000e+02   3.2000000e+02   7.1476036e+00   4.4836922e+01   6.0257943e+00   1.7283990e+00   6.0579879e+00   1.3119737e+00   3.9018334e-02   8.2591115e-01   2.3285081e-02   2.6092554e-02   1.7835644e-02   2.0302099e-02   9.8688913e-01   1.3000000e+01
   3.0000000e+01   9.7502004e+02   6.6262127e-01   1.4381005e+02   2.7400000e+02   2.0700000e+02   8.6434968e+00   2.8229025e+01   6.1430399e+00   1.7219642e+00   6.0281215e+00   2.5987155e+00   3.0564295e-02   9.1473073e-01   2.7498614e-02   3.7994979e-02   4.1676366e-02   5.3495037e-02   9.7534410e-01   6.0000000e+00
   2.3000000e+01   9.6908000e+02   6.2286944e-01   1.4800000e+02   2.4800000e+02   3.6100000e+02   9.9698299e+00   8.6106213e+01   6.1949967e+00   1.7123629e+00   6.1677166e+00   2.7491522e+00   6.3765063e-02   1.9716021e+00   1.8926200e-02   2.6505824e-02   3.0781357e-02   3.9890666e-02   9.8773956e-01   6.0000000e+00
   2.2000000e+01   3.2132876e+02   1.3078720e+00   1.8571346e+02   4.3100000e+02   1.8300000e+02   9.8340064e+00   9.6368649e+01   6.0742814e+00   1.7045531e+00   5.6289466e+00   1.3033027e+00   8.7987790e-02   1.8448147e+00   2.4058200e-02   2.6901899e-02   1.8567786e-02   2.1072764e-02   9.8573497e-01   5.0000000e+00
   2.9000000e+01   9.4380996e+02   6.2501689e-01   1.5580807e+02   1.1100000e+02   9.5000000e+01   8.4626549e+00   5.9448271e+01   5.9613130e+00   1.6982397e+00   5.8241722e+00   2.7171101e+00   5.4590814e-02   1.6676850e+00   2.3379617e-02   3.2463918e-02   3.7813793e-02   4.8665888e-02   9.8133316e-01   3.0000000e+00
   2.1000000e+01   8.5095577e+02   7.3208864e-01   1.6077732e+02   4.3900000e+02   9.3000000e+01   7.0931597e+00   3.2771490e+01   5.5447745e+00   1.6970100e+00   5.3180690e+00   2.3180389e+00   3.7312191e-02   1.0425514e+00   2.9336988e-02   3.8087328e-02   4.0151281e-02   4.9979193e-02   9.7323573e-01   1.0000000e+00
   1.3000000e+01   3.8974643e+02   1.2433813e+00   1.7752563e+02   1.4200000e+02   2.3700000e+02   7.1221913e+00   5.5059842e+01   6.3174944e+00   1.6962094e+00   5.7719403e+00   1.3641909e+00   3.7249661e-02   7.9571599e-01   1.7823015e-02   2.0054261e-02   1.4397613e-02   1.6411941e-02   9.9197168e-01   9.0000000e+00
   1.3000000e+01   8.4399200e+02   6.9262982e-01   1.6300000e+02   3.2200000e+02   9.9000000e+01   6.5222292e+00   1.9621407e+01   6.3920028e+00   1.6890472e+00   5.5810156e+00   2.4386002e+00   2.6240468e-02   7.4986516e-01   3.4076013e-02   4.5160449e-02   4.9233800e-02   6.1719998e-02   9.6300551e-01   2.0000000e+00
   3.2000000e+01   8.5034507e+02   7.2294676e-01   1.6179684e+02   1.9000000e+02   1.3300000e+02   7.8102914e+00   2.8386186e+01   6.2194950e+00   1.6774829e+00   6.4842759e+00   2.3203408e+00   3.1737172e-02   8.8079303e-01   2.8272299e-02   3.6827250e-02   3.9105163e-02   4.8537624e-02   9.7463069e-01   4.0000000e+00
   1.8000000e+01   9.0653600e+02   7.2440985e-01   1.5500000e+02   3.6300000e+02   2.4900000e+02   6.6325617e+00   1.8424284e+01   6.0743854e+00   1.6757249e+00   6.4339488e+00   2.3132276e+00   1.8412694e-02   5.0917121e-01   2.5214891e-02   3.2836422e-02   3.4760528e-02   4.3103678e-02   9.7971327e-01   4.0000000e+00
   3.2000000e+01   7.4181412e+02   7.5150485e-01   1.6526739e+02   3.5700000e+02   7.4000000e+01   9.1028863e+00   8.3718039e+01   6.0320201e+00   1.6749675e+00   6.2512202e+00   2.2288179e+00   8.4209179e-02   2.2817618e+00   2.5219566e-02   3.2518548e-02   3.3464628e-02   4.1286266e-02   9.8001504e-01   1.0000000e+00
   1.3000000e+01   9.6908000e+02   6.3566825e-01   1.5900000e+02   3.0200000e+02   2.9500000e+02   7.6857794e+00   6.1985301e+01   5.6548434e+00   1.6749599e+00   5.8467058e+00   2.6349592e+00   6.6661020e-02   1.9842255e+00   2.7285440e-02   3.7075860e-02   4.3191762e-02   5.4758111e-02   9.7470933e-01   1.2000000e+01
   2.1000000e+01   9.8763329e+02   6.3449913e-01   1.5640671e+02   1.9100000e+02   3.3400000e+02   7.1856552e+00   3.8976698e+01   6.1700108e+00   1.6729630e+00   6.3519558e+00   2.6366671e+00   2.9095927e-02   8.6886181e-01   1.8901387e-02   2.5734272e-02   3.0012610e-02   3.8148587e-02   9.8772916e-01   4.0000000e+00
   4.0000000e+00   9.2222852e+02   6.7769310e-01   1.5149819e+02   1.8700000e+02   2.1200000e+02   6.6718836e+00   3.0947657e+01   5.6744558e+00   1.6714798e+00   5.5083295e+00   2.4664259e+00   2.9392113e-02   8.4232411e-01   2.4101012e-02   3.1909288e-02   3.5686734e-02   4.4662167e-02   9.8078644e-01   5.0000000e+00
   2.6000000e+01   8.8934037e+02   6.0919014e-01   1.5154987e+02   9.3000000e+01   1.2700000e+02   8.0609555e+00   3.1842139e+01   5.9300316e+00   1.6699466e+00   6.3774542e+00   2.7412568e+00   3.0759186e-02   9.4005216e-01   2.4584583e-02   3.3823616e-02   4.0884034e-02   5.2397436e-02   9.7898268e-01   1.0000000e+00
   2.4000000e+01   1.0339105e+03   5.7552402e-01   1.4192688e+02   7.2000000e+01   3.1100000e+02   9.3205458e+00   8.1598567e+01   6.2917121e+00   1.6687945e+00   5.7291722e+00   2.8996087e+00   5.8470815e-02   1.8502118e+00   1.8463031e-02   2.5732561e-02   3.2817787e-02   4.2618907e-02   9.8768846e-01   1.6000000e+01
   3.1000000e+01   8.4399200e+02   6.7816332e-01   1.5200000e+02   3.2800000e+02   2.6300000e+02   8.2049772e+00   4.0564249e+01   5.7653956e+00   1.6636425e+00   5.8428885e+00   2.4531591e+00   3.8763981e-02   1.1030714e+00   2.3951886e-02   3.1769286e-02   3.5330532e-02   4.4086612e-02   9.8089379e-01   6.0000000e+00
   1.2000000e+01   4.3745600e+02   1.1979762e+00   1.7300000e+02   3.6200000e+02   2.7400000e+02   7.2254566e+00   7.8592021e+01   5.9161271e+00   1.6585508e+00   5.6976761e+00   1.3844606e+00   4.5977237e-02   9.7854948e-01   1.5002669e-02   1.6901448e-02   1.2604899e-02   1.4343361e-02   9.9403051e-01   1.7000000e+01
   1.4000000e+01   1.0022576e+03   6.2454026e-01   1.4793906e+02   2.5300000e+02   4.1300000e+02   7.3268864e+00   3.4607357e+01   5.8310240e+00   1.6519869e+00   6.5143164e+00   2.6451247e+00   2.9458538e-02   8.7760547e-01   2.1582686e-02   2.9107730e-02   3.4938080e-02   4.4219403e-02   9.8381444e-01   8.0000000e+00
   7.0000000e+00   9.3647910e+02   6.7949779e-01   1.5104249e+02   3.0100000e+02   2.5900000e+02   7.3717185e+00   3.3536615e+01   5.8821369e+00   1.6477242e+00   6.3661700e+00   2.4249147e+00   2.5782171e-02   7.2677584e-01   1.9218893e-02   2.5260093e-02   2.8298972e-02   3.5132553e-02   9.8755927e-01   9.0000000e+00
   1.5000000e+01   4.1224472e+02   1.2508510e+00   1.8280619e+02   3.2100000e+02   3.1500000e+02   6.9944085e+00   6.2991758e+01   6.0339498e+00   1.6414871e+00   6.2724606e+00   1.3122962e+00   4.6250939e-02   9.5410301e-01   1.8569205e-02   2.0717991e-02   1.4966983e-02   1.6898109e-02   9.9087114e-01   1.1000000e+01
   2.9000000e+01   2.4543477e+02   1.2030751e+00   1.7814036e+02   4.0200000e+02   7.5000000e+01   8.4520012e+00   3.6464235e+01   6.3004191e+00   1.6388935e+00   5.7224214e+00   1.3622537e+00   4.0319270e-02   8.4790399e-01   2.7994202e-02   3.1413785e-02   2.3422610e-02   2.6557174e-02   9.7927398e-01   2.0000000e+00
   1.7000000e+01   9.5488900e+02   6.2887759e-01   1.5445379e+02   4.3300000e+02   2.9600000e+02   6.6946095e+00   1.8611811e+01   6.4768357e+00   1.6380024e+00   6.0399224e+00   2.6046443e+00   2.0211708e-02   5.8909848e-01   2.7444174e-02   3.6539822e-02   4.3752315e-02   5.4643449e-02   9.7382483e-01   1.1000000e+01
   8.0000000e+00   3.3609508e+02   1.2693680e+00   1.6724127e+02   4.3400000e+02   3.5000000e+02   6.8339636e+00   3.4260113e+01   5.7225722e+00   1.6374109e+00   5.9358790e+00   1.2899419e+00   3.1313565e-02   6.4073307e-01   2.3052463e-02   2.5647664e-02   1.8320512e-02   2.0646691e-02   9.8606294e-01   1.4000000e+01
   6.0000000e+00   3.7779752e+02   1.2215020e+00   1.7190773e+02   3.9800000e+02   1.3000000e+02   7.3398264e+00   3.2931891e+01   5.8347173e+00   1.6296943e+00   5.8174284e+00   1.3341724e+00   3.2752239e-02   6.7922914e-01   2.4986449e-02   2.7933584e-02   2.0602301e-02   2.3281086e-02   9.8334091e-01   6.0000000e+00
   1.8000000e+01   9.6908000e+02   5.2757172e-01   1.5300000e+02   1.0600000e+02   3.0300000e+02   6.7049540e+00   3.5936234e+01   6.0290697e+00   1.6161373e+00   5.6886016e+00   3.0633508e+00   2.6374897e-02   8.5452133e-01   1.9020129e-02   2.6336946e-02   3.7290626e-02   4.8736557e-02   9.8618018e-01   9.0000000e+00
   2.8000000e+01   6.5636000e+02   7.6940868e-01   1.7100000e+02   2.6100000e+02   2.3900000e+02   8.8932705e+00   1.5630367e+02   5.4930716e+00   1.6126400e+00   5.8801610e+00   2.0959472e+00   8.3425189e-02   2.1473890e+00   1.3160659e-02   1.6332718e-02   1.7023992e-02   2.0478043e-02   9.9434809e-01   9.0000000e+00
   5.0000000e+00   4.1885466e+02   1.1578845e+00   1.7959482e+02   1.2100000e+02   3.4800000e+02   7.2750925e+00   5.5533067e+01   6.0298310e+00   1.6088327e+00   5.8006866e+00   1.3894587e+00   3.4572781e-02   7.2627699e-01   1.5476919e-02   1.7394631e-02   1.3420943e-02   1.5204050e-02   9.9333451e-01   7.0000000e+00
   3.0000000e+01   4.0618400e+02   1.0718018e+00   1.6200000e+02   2.2000000e+02   3.3400000e+02   9.0559647e+00   1.2916582e+02   6.2613331e+00   1.6063015e+00   6.2171373e+00   1.4986927e+00   5.7710037e-02   1.2556974e+00   1.1109123e-02   1.2646926e-02   1.0391914e-02   1.1880677e-02   9.9645174e-01   1.5000000e+01
   2.8000000e+01   8.4399200e+02   6.5932425e-01   1.6500000e+02   2.8600000e+02   2.6800000e+02   8.2227227e+00   6.3875141e+01   6.3521483e+00   1.6050830e+00   5.7542520e+00   2.4344364e+00   5.2682491e-02   1.4677644e+00   2.0397391e-02   2.6467910e-02   3.0921573e-02   3.7942390e-02   9.8547549e-01   1.1000000e+01
   1.7000000e+01   3.7749957e+02   1.2389293e+00   1.7291726e+02   1.3700000e+02   1.3600000e+02   6.7093051e+00   2.9431049e+01   6.3897376e+00   1.6003377e+00   6.5345475e+00   1.2917103e+00   3.2966884e-02   6.6836050e-01   2.7565145e-02   3.0615807e-02   2.2387092e-02   2.5152681e-02   9.7946313e-01   4.0000000e+00
   7.0000000e+00   5.0000000e+02   1.1351263e+00   1.6500000e+02   7.4000000e+01   4.3900000e+02   7.4539392e+00   7.1041949e+01   6.0184256e+00   1.5991632e+00   6.0802085e+00   1.4087977e+00   4.8902118e-02   1.0288612e+00   1.7022841e-02   1.9153689e-02   1.5054598e-02   1.7055947e-02   9.9181214e-01   1.7000000e+01
   1.0000000e+01   9.7166494e+02   5.5782478e-01   1.4591734e+02   7.9000000e+01   2.2000000e+02   7.4497786e+00   6.6291792e+01   5.9395104e+00   1.5975317e+00   6.3872831e+00   2.8638593e+00   5.5691876e-02   1.7155898e+00   2.1319864e-02   2.8851870e-02   3.9016703e-02   4.9679338e-02   9.8292959e-01   5.0000000e+00
   2.5000000e+01   6.5636000e+02   8.5765341e-01   1.6200000e+02   2.4200000e+02   7.0000000e+01   8.3051284e+00   3.9346152e+01   5.5428831e+00   1.5962987e+00   5.7541147e+00   1.8612398e+00   3.3963801e-02   8.1936459e-01   2.1227211e-02   2.5377940e-02   2.4654510e-02   2.9071113e-02   9.8596708e-01   1.0000000e+00
   2.5000000e+01   8.6645986e+02   6.0681499e-01   1.5528153e+02   1.6500000e+02   2.6000000e+02   8.1895345e+00   2.7607042e+01   5.4889556e+00   1.5930323e+00   6.6660186e+00   2.6252357e+00   3.1925467e-02   9.3294906e-01   2.9191329e-02   3.8224601e-02   4.8789665e-02   6.0746752e-02   9.6961023e-01   9.0000000e+00
   3.0000000e+01   8.8766569e+02   7.3491743e-01   1.4660343e+02   1.9500000e+02   2.9900000e+02   8.7179312e+00   2.4490958e+01   6.5038523e+00   1.5894639e+00   6.1290592e+00   2.1627790e+00   2.8926158e-02   7.5072284e-01   2.8885971e-02   3.5984768e-02   3.9194582e-02   4.7052578e-02   9.7237338e-01   1.3000000e+01
   1.5000000e+01   4.0657687e+02   1.1272214e+00   1.8298744e+02   3.5200000e+02   2.2700000e+02   6.9583806e+00   3.7097047e+01   5.6032034e+00   1.5849990e+00   5.4550564e+00   1.4061116e+00   2.7675106e-02   5.8066566e-01   1.8286639e-02   2.0544586e-02   1.6283951e-02   1.8413326e-02   9.9044949e-01   9.0000000e+00
   3.4000000e+01   4.3790436e+02   1.2143791e+00   1.8198566e+02   3.9700000e+02   3.6600000e+02   7.0599418e+00   3.3507660e+01   6.2156096e+00   1.5812285e+00   5.7390644e+00   1.3020881e+00   2.3506551e-02   4.7463713e-01   1.7015078e-02   1.8904301e-02   1.4121650e-02   1.5848108e-02   9.9185534e-01   4.0000000e+00
   1.4000000e+01   7.9625206e+02   8.0497272e-01   1.5452660e+02   1.4800000e+02   6.9000000e+01   6.4668983e+00   2.2597681e+01   6.5272688e+00   1.5779217e+00   4.8619279e+00   1.9602176e+00   2.1805002e-02   5.3986179e-01   2.4204444e-02   2.8946161e-02   3.0030070e-02   3.5280956e-02   9.8127102e-01   1.0000000e+00
   8.0000000e+00   9.1528442e+02   6.5652095e-01   1.4872025e+02   3.2000000e+02   2.6200000e+02   7.5085499e+00   2.3389804e+01   6.5484353e+00   1.5736698e+00   6.0311552e+00   2.3969833e+00   3.2424263e-02   8.8408512e-01   3.4068258e-02   4.3493358e-02   5.1539005e-02   6.2482306e-02   9.5990987e-01   9.0000000e+00
   2.5000000e+01   3.4454697e+02   1.1773151e+00   1.7197100e+02   2.9800000e+02   1.8900000e+02   8.3134970e+00   4.1548780e+01   6.1498283e+00   1.5701596e+00   6.2051072e+00   1.3336783e+00   3.0201274e-02   6.1486015e-01   1.7539485e-02   1.9544247e-02   1.4983959e-02   1.6838191e-02   9.9120067e-01   7.0000000e+00
   2.0000000e+01   4.0824024e+02   1.1658908e+00   1.6593425e+02   2.8200000e+02   1.8400000e+02   7.3808260e+00   5.7323671e+01   6.1079407e+00   1.5643319e+00   5.9904385e+00   1.3417482e+00   3.3187042e-02   6.7618282e-01   1.3915866e-02   1.5515128e-02   1.2006510e-02   1.3492569e-02   9.9439410e-01   5.0000000e+00
   5.0000000e+00   9.8525622e+02   5.8383805e-01   1.6148272e+02   8.2000000e+01   4.2400000e+02   7.4857274e+00   2.3410569e+01   5.9573694e+00   1.5643104e+00   6.1554037e+00   2.6793567e+00   2.6114149e-02   7.6112425e-01   2.7598932e-02   3.6398039e-02   4.7524799e-02   5.8907963e-02   9.7176201e-01   1.4000000e+01
   7.0000000e+00   8.4328044e+02   7.5360690e-01   1.5402275e+02   2.2700000e+02   9.1000000e+01   6.8688015e+00   2.3051510e+01   5.8864674e+00   1.5617956e+00   6.6861571e+00   2.0724274e+00   2.4318588e-02   6.1360545e-01   2.5749500e-02   3.1447240e-02   3.3918856e-02   4.0233187e-02   9.7795974e-01   1.0000000e+00
   8.0000000e+00   8.7526400e+02   6.3618543e-01   1.5000000e+02   4.3800000e+02   2.8800000e+02   7.3524957e+00   4.8012570e+01   5.9037544e+00   1.5612024e+00   6.0747997e+00   2.4540053e+00   5.6492410e-02   1.5577708e+00   2.8730812e-02   3.6959292e-02   4.5162890e-02   5.4882359e-02   9.7052249e-01   1.1000000e+01
   1.7000000e+01   8.8603596e+02   6.2463172e-01   1.5665554e+02   1.0500000e+02   2.0800000e+02   6.8235651e+00   2.3861623e+01   6.3007432e+00   1.5609170e+00   5.3736593e+00   2.4989396e+00   2.5291651e-02   7.0872643e-01   2.6186514e-02   3.3636246e-02   4.2162568e-02   5.1579076e-02   9.7523081e-01   8.0000000e+00
   1.3000000e+01   8.7526400e+02   7.3520846e-01   1.6200000e+02   3.4600000e+02   4.0100000e+02   6.6418939e+00   2.2325231e+01   6.3295952e+00   1.5555601e+00   6.0613511e+00   2.1158083e+00   2.3522419e-02   5.9771993e-01   2.5308648e-02   3.1187101e-02   3.4248525e-02   4.0756021e-02   9.7823721e-01   2.0000000e+01
   1.5000000e+01   9.2985256e+02   6.8967750e-01   1.6625439e+02   3.7200000e+02   2.0700000e+02   7.4751255e+00   5.2856639e+01   6.2101384e+00   1.5552332e+00   5.9128788e+00   2.2550152e+00   4.4802486e-02   1.1777041e+00   2.0410091e-02   2.5625896e-02   2.9427810e-02   3.5304118e-02   9.8534480e-01   8.0000000e+00
   2.4000000e+01   3.1236800e+02   1.2191148e+00   1.6500000e+02   2.5700000e+02   9.6000000e+01   9.5574812e+00   8.3734655e+01   5.8964772e+00   1.5513404e+00   6.2706772e+00   1.2725138e+00   3.9958381e-02   7.9033634e-01   1.1300239e-02   1.2499616e-02   9.3457409e-03   1.0441939e-02   9.9629566e-01   4.0000000e+00
   5.0000000e+00   5.3127200e+02   1.0601287e+00   1.7600000e+02   2.1300000e+02   1.2200000e+02   7.2668855e+00   7.4439003e+01   5.9875427e+00   1.5505531e+00   6.3962432e+00   1.4626084e+00   3.6867168e-02   7.7909919e-01   1.1874509e-02   1.3405308e-02   1.1222970e-02   1.2705039e-02   9.9574458e-01   2.0000000e+00
   1.2000000e+01   4.4237480e+02   1.1493422e+00   1.7284271e+02   1.6200000e+02   3.2700000e+02   7.6887105e+00   9.3506588e+01   6.1893084e+00   1.5322015e+00   6.3205787e+00   1.3331117e+00   6.1942945e-02   1.2448381e+00   1.5556489e-02   1.7294515e-02   1.3622183e-02   1.5250166e-02   9.9276394e-01   2.1000000e+01
   8.0000000e+00   9.2486100e+02   6.7115771e-01   1.4841401e+02   2.1300000e+02   2.1500000e+02   7.0403444e+00   4.3074478e+01   5.9247892e+00   1.5272319e+00   5.8231803e+00   2.2755187e+00   3.4293545e-02   8.9646815e-01   1.9051131e-02   2.3792720e-02   2.8166791e-02   3.3602584e-02   9.8687989e-01   7.0000000e+00
   2.4000000e+01   4.0205483e+02   1.1302862e+00   1.6213204e+02   2.1700000e+02   1.5000000e+02   9.2414778e+00   9.1952230e+01   6.2991169e+00   1.5242429e+00   6.4035717e+00   1.3485460e+00   3.8977006e-02   7.8565723e-01   9.9213079e-03   1.1040148e-02   8.8273029e-03   9.8838480e-03   9.9701415e-01   7.0000000e+00
   3.0000000e+01   3.9749621e+02   1.1403744e+00   1.6227781e+02   3.9600000e+02   1.3300000e+02   9.1741267e+00   9.2065026e+01   6.3038354e+00   1.5222410e+00   6.2519831e+00   1.3348606e+00   4.1314343e-02   8.2852942e-01   1.0472273e-02   1.1636810e-02   9.2303703e-03   1.0326729e-02   9.9667654e-01   2.0000000e+00
   2.2000000e+01   6.7379486e+02   8.0982593e-01   1.7444248e+02   3.6100000e+02   1.7800000e+02   9.9317930e+00   4.4155653e+01   6.3593781e+00   1.5117793e+00   5.9523551e+00   1.8667953e+00   3.9774160e-02   9.3584392e-01   2.1140155e-02   2.5011450e-02   2.5974146e-02   3.0204844e-02   9.8487223e-01   4.0000000e+00
   2.6000000e+01   3.8698382e+02   1.1453724e+00   1.6761397e+02   1.8100000e+02   1.3900000e+02   8.5548927e+00   6.8333209e+01   6.2552222e+00   1.5107189e+00   6.0970328e+00   1.3189762e+00   3.7349108e-02   7.4194514e-01   1.2622130e-02   1.3996683e-02   1.1086328e-02   1.2378930e-02   9.9512798e-01   2.0000000e+00
   3.2000000e+01   8.4399200e+02   7.3038904e-01   1.6200000e+02   2.2100000e+02   2.1200000e+02   7.9334072e+00   2.7978887e+01   6.2915843e+00   1.5102746e+00   5.7630847e+00   2.0677673e+00   4.1910931e-02   1.0403929e+00   3.5301269e-02   4.2894600e-02   4.7811895e-02   5.6296481e-02   9.5760136e-01   7.0000000e+00
   2.5000000e+01   4.6821150e+02   1.0419555e+00   1.6801652e+02   4.3700000e+02   1.3100000e+02   8.7665077e+00   1.0869562e+02   6.4099099e+00   1.5030557e+00   5.6602990e+00   1.4425335e+00   7.1430136e-02   1.4756731e+00   1.5248906e-02   1.7105674e-02   1.4671440e-02   1.6495488e-02   9.9266010e-01   6.0000000e+00
   2.0000000e+00   4.2496202e+02   1.1528857e+00   1.0339953e+02   4.0600000e+02   2.9000000e+02   7.8391983e+00   3.8200795e+01   5.9177872e+00   1.5023533e+00   6.3785036e+00   1.3031242e+00   3.6238661e-02   7.1409169e-01   2.1730210e-02   2.4055500e-02   1.8979027e-02   2.1157260e-02   9.8560866e-01   4.0000000e+00
   2.7000000e+01   5.2015975e+02   9.6265702e-01   1.6935534e+02   1.6700000e+02   1.7500000e+02   8.3300044e+00   5.1969165e+01   5.9974678e+00   1.5007537e+00   5.7777775e+00   1.5589703e+00   2.6337760e-02   5.6550015e-01   1.1779390e-02   1.3400767e-02   1.2235142e-02   1.3885781e-02   9.9549920e-01   1.0000000e+00
   2.4000000e+01   4.6164637e+02   1.0706611e+00   1.6022645e+02   1.6900000e+02   1.6800000e+02   8.9962936e+00   4.6954094e+01   5.8047455e+00   1.4993605e+00   6.3473030e+00   1.4004063e+00   3.0619591e-02   6.2384741e-01   1.5038751e-02   1.6805453e-02   1.4083866e-02   1.5791376e-02   9.9290348e-01   8.0000000e+00
   2.3000000e+01   5.1015833e+02   1.0810306e+00   1.6267516e+02   1.6200000e+02   1.8300000e+02   1.0281210e+01   1.0687615e+02   5.8942247e+00   1.4992017e+00   6.0977470e+00   1.3868263e+00   5.2828006e-02   1.0694355e+00   1.1394792e-02   1.2711769e-02   1.0565815e-02   1.1833810e-02   9.9592162e-01   3.0000000e+00
   1.8000000e+01   4.6794451e+02   1.1227580e+00   1.6902505e+02   1.6500000e+02   3.4600000e+02   6.4500925e+00   4.1768334e+01   5.8987903e+00   1.4961055e+00   5.5732546e+00   1.3325271e+00   2.9086654e-02   5.7807384e-01   1.5942187e-02   1.7691282e-02   1.4253759e-02   1.5907861e-02   9.9211877e-01   1.1000000e+01
   1.1000000e+01   4.6697219e+02   1.0730337e+00   1.7105615e+02   2.4800000e+02   4.1600000e+02   6.9973469e+00   5.5724163e+01   6.4202616e+00   1.4875889e+00   5.9634480e+00   1.3863394e+00   3.1605904e-02   6.3837051e-01   1.2959182e-02   1.4444900e-02   1.2114037e-02   1.3556081e-02   9.9466611e-01   1.0000000e+01
   3.3000000e+01   3.7491200e+02   1.1481121e+00   1.7400000e+02   3.8500000e+02   2.0000000e+02   7.7768024e+00   4.2650481e+01   6.0291814e+00   1.4846445e+00   5.5839451e+00   1.2931180e+00   3.1362461e-02   6.1253532e-01   1.6635035e-02   1.8382904e-02   1.4556088e-02   1.6196484e-02   9.9140031e-01   4.0000000e+00
   7.0000000e+00   3.6319716e+02   1.1477776e+00   1.6937461e+02   3.5500000e+02   1.1300000e+02   7.7250645e+00   1.0874191e+02   6.2739418e+00   1.4790884e+00   5.8249920e+00   1.2886541e+00   5.0081562e-02   9.7417529e-01   1.0356465e-02   1.1434002e-02   9.0778399e-03   1.0092777e-02   9.9661881e-01   2.0000000e+00
   2.2000000e+01   6.9460166e+02   7.5341026e-01   1.7377713e+02   2.1000000e+02   9.5000000e+01   1.0685526e+01   9.0190490e+01   5.6519159e+00   1.4722293e+00   6.4307230e+00   1.9540871e+00   5.5291401e-02   1.3152206e+00   1.4151467e-02   1.6806688e-02   1.8655474e-02   2.1629174e-02   9.9276960e-01   2.0000000e+00
   2.3000000e+01   4.0824196e+02   1.1348340e+00   1.6593419e+02   3.5700000e+02   1.9100000e+02   9.6702209e+00   4.9642161e+01   5.4638918e+00   1.4717734e+00   6.4379143e+00   1.2969064e+00   2.9410129e-02   5.7231257e-01   1.3272068e-02   1.4650032e-02   1.1759614e-02   1.3068648e-02   9.9440341e-01   4.0000000e+00
   1.5000000e+01   4.3745600e+02   1.0264296e+00   1.8200000e+02   1.3100000e+02   3.6100000e+02   7.2803614e+00   1.2556146e+02   6.3912954e+00   1.4709191e+00   5.8915898e+00   1.4330442e+00   6.5051469e-02   1.3276171e+00   1.1732417e-02   1.3127247e-02   1.1445308e-02   1.2826887e-02   9.9550006e-01   1.5000000e+01
   1.5000000e+01   8.4399200e+02   7.6301826e-01   1.6900000e+02   2.9000000e+02   7.6000000e+01   6.7732361e+00   2.4782998e+01   5.8358842e+00   1.4674385e+00   5.9855990e+00   1.9232024e+00   2.0115280e-02   4.7351989e-01   1.8593768e-02   2.2022116e-02   2.4180910e-02   2.8004755e-02   9.8759091e-01   1.0000000e+00
   3.4000000e+01   7.2920974e+02   6.9381069e-01   1.7267045e+02   1.1400000e+02   1.1300000e+02   7.6655862e+00   8.1420820e+01   6.2231546e+00   1.4641731e+00   6.2465764e+00   2.1103352e+00   7.0996641e-02   1.7510824e+00   2.0083294e-02   2.4285222e-02   2.8738863e-02   3.3566935e-02   9.8496251e-01   1.0000000e+00
   6.0000000e+00   8.7967232e+02   6.1340183e-01   1.5585903e+02   3.2400000e+02   3.0400000e+02   7.0592045e+00   5.2962659e+01   6.4532139e+00   1.4627382e+00   6.3700432e+00   2.3846329e+00   3.6868679e-02   9.7176618e-01   1.6337673e-02   2.0276212e-02   2.6537559e-02   3.1463731e-02   9.8948646e-01   2.1000000e+01
   3.2000000e+01   6.8763200e+02   8.0432107e-01   1.6700000e+02   4.3600000e+02   2.4000000e+02   8.8966926e+00   7.2164632e+01   5.5372753e+00   1.4609672e+00   6.0347278e+00   1.8163981e+00   8.5287299e-02   1.9483713e+00   2.6911408e-02   3.1416267e-02   3.3300792e-02   3.8281173e-02   9.7468316e-01   8.0000000e+00
   2.8000000e+01   5.9381600e+02   9.2326266e-01   1.7300000e+02   2.9200000e+02   1.9600000e+02   8.1461452e+00   9.4750193e+01   5.7134252e+00   1.4600582e+00   5.7789339e+00   1.5814115e+00   5.5610923e-02   1.1864293e+00   1.3290051e-02   1.5099427e-02   1.4355351e-02   1.6237692e-02   9.9399546e-01   8.0000000e+00
   2.0000000e+00   4.3724201e+02   1.0791120e+00   1.0300684e+02   2.4000000e+02   2.2300000e+02   7.1359076e+00   1.1577800e+02   6.4362641e+00   1.4599199e+00   6.0742836e+00   1.3528901e+00   5.5013696e-02   1.0880420e+00   1.0603134e-02   1.1761825e-02   9.8630549e-03   1.0985847e-02   9.9633104e-01   3.0000000e+00
   2.2000000e+01   6.6714974e+02   7.4553516e-01   1.7465497e+02   1.5100000e+02   3.4500000e+02   9.9573372e+00   8.8726218e+01   6.1518191e+00   1.4597223e+00   6.4379512e+00   1.9579524e+00   4.8774501e-02   1.1565798e+00   1.2595654e-02   1.4943109e-02   1.6780938e-02   1.9419419e-02   9.9418248e-01   1.5000000e+01
   3.3000000e+01   4.0007563e+02   1.0847147e+00   1.7319533e+02   2.6100000e+02   2.0100000e+02   7.4743735e+00   3.8621311e+01   5.7160388e+00   1.4573598e+00   5.9458259e+00   1.3435420e+00   2.9108913e-02   5.7343969e-01   1.6781993e-02   1.8602489e-02   1.5513937e-02   1.7269380e-02   9.9087002e-01   5.0000000e+00
   1.0000000e+00   4.7049415e+02   1.0311914e+00   1.2694352e+02   1.7700000e+02   1.6100000e+02   5.5873824e+00   5.0541888e+01   6.3396474e+00   1.4532812e+00   5.7930023e+00   1.4093224e+00   2.6933038e-02   5.4223367e-01   1.1890619e-02   1.3260483e-02   1.1548399e-02   1.2900490e-02   9.9530916e-01   1.0000000e+00
   2.0000000e+01   8.1272000e+02   7.0236077e-01   1.5300000e+02   3.0100000e+02   2.1700000e+02   7.0911326e+00   3.1365676e+01   5.6466573e+00   1.4524828e+00   5.9459777e+00   2.0680010e+00   2.7632415e-02   6.7155712e-01   2.0116142e-02   2.4158203e-02   2.8417481e-02   3.3051308e-02   9.8485518e-01   8.0000000e+00
   2.4000000e+01   3.9960520e+02   1.0693960e+00   1.6221037e+02   1.5500000e+02   8.7000000e+01   9.3886414e+00   1.3085222e+02   5.5633717e+00   1.4513063e+00   5.5173807e+00   1.3571271e+00   5.0473171e-02   9.9734407e-01   8.5599059e-03   9.4950683e-03   8.0269054e-03   8.9344146e-03   9.9758301e-01   3.0000000e+00
   2.6000000e+01   6.9046408e+02   7.4039179e-01   1.5790944e+02   2.0700000e+02   3.4400000e+02   8.5133621e+00   6.4815995e+01   6.4325311e+00   1.4429398e+00   5.7936842e+00   1.9488867e+00   4.6641297e-02   1.0960910e+00   1.6301842e-02   1.9269450e-02   2.1828239e-02   2.5190602e-02   9.9013977e-01   8.0000000e+00
   5.0000000e+00   5.3475062e+02   9.0051041e-01   1.7588876e+02   1.0500000e+02   4.0600000e+02   7.4851159e+00   6.8974963e+01   5.9961777e+00   1.4396813e+00   6.0571529e+00   1.5987392e+00   4.1010333e-02   8.7309612e-01   1.3273718e-02   1.5085705e-02   1.4719246e-02   1.6629147e-02   9.9384316e-01   1.2000000e+01
   3.3000000e+01   5.0000000e+02   9.8033486e-01   1.7000000e+02   4.3300000e+02   2.5500000e+02   7.3415877e+00   4.1107799e+01   5.4612569e+00   1.4369839e+00   6.0534862e+00   1.4658093e+00   2.9117718e-02   5.9421265e-01   1.5689129e-02   1.7569694e-02   1.6004170e-02   1.7913915e-02   9.9162325e-01   6.0000000e+00
   1.5000000e+01   7.6423453e+02   6.8137704e-01   1.7155044e+02   1.7300000e+02   1.7500000e+02   6.8617016e+00   5.6507104e+01   5.8272083e+00   1.4300746e+00   5.5387747e+00   2.0988007e+00   4.6532016e-02   1.1308002e+00   1.8724751e-02   2.2428794e-02   2.7201871e-02   3.1539869e-02   9.8651360e-01   6.0000000e+00
   2.5000000e+01   7.1405779e+02   7.2616574e-01   1.6015497e+02   1.2700000e+02   1.1000000e+02   7.7002450e+00   3.3770375e+01   6.1510505e+00   1.4275900e+00   6.4801439e+00   1.9659286e+00   2.9452002e-02   6.9299770e-01   1.9646669e-02   2.3213756e-02   2.6826065e-02   3.0893185e-02   9.8550285e-01   5.0000000e+00
   9.0000000e+00   5.2656857e+02   9.7256810e-01   1.6415040e+02   2.9100000e+02   2.8600000e+02   7.2409146e+00   6.4384608e+01   6.0157775e+00   1.4273750e+00   6.4182960e+00   1.4676350e+00   3.2279454e-02   6.5686398e-01   1.1025413e-02   1.2348068e-02   1.1325420e-02   1.2661306e-02   9.9579741e-01   1.1000000e+01
   3.0000000e+00   7.8144800e+02   6.8494528e-01   1.5700000e+02   2.5600000e+02   3.8900000e+02   5.5323628e+00   3.8763831e+01   5.6701805e+00   1.4260283e+00   6.1433619e+00   2.0819594e+00   3.1384783e-02   7.5999734e-01   1.8229471e-02   2.1838916e-02   2.6378857e-02   3.0570298e-02   9.8718289e-01   7.0000000e+00
   2.6000000e+01   5.1441899e+02   9.7892309e-01   1.6353892e+02   3.7700000e+02   2.2900000e+02   9.6446285e+00   1.0721394e+02   6.2985918e+00   1.4257208e+00   6.3197349e+00   1.4564176e+00   6.1204904e-02   1.2400137e+00   1.2532727e-02   1.4016524e-02   1.2787144e-02   1.4285292e-02   9.9458069e-01   4.0000000e+00
   2.3000000e+01   7.2035311e+02   6.9971877e-01   1.5595366e+02   1.4200000e+02   1.7000000e+02   9.5820335e+00   6.5511197e+01   6.4179202e+00   1.4231336e+00   5.5486094e+00   2.0338651e+00   6.2066682e-02   1.4810004e+00   2.1373972e-02   2.5388833e-02   3.0272127e-02   3.4935225e-02   9.8254948e-01   1.0000000e+00
   2.0000000e+00   7.7282348e+02   7.2156999e-01   9.2275791e+01   2.5100000e+02   1.0700000e+02   6.5838204e+00   3.6650759e+01   6.5037374e+00   1.4197026e+00   6.4367435e+00   1.9675189e+00   2.7543419e-02   6.4615469e-01   1.6839452e-02   1.9857532e-02   2.3194525e-02   2.6665682e-02   9.8917348e-01   1.0000000e+00
   8.0000000e+00   4.6872800e+02   9.4534068e-01   1.6300000e+02   2.4200000e+02   2.8400000e+02   7.4271947e+00   6.1138526e+01   5.8106914e+00   1.4175895e+00   6.4801110e+00   1.4995541e+00   3.2717462e-02   6.7053817e-01   1.1714836e-02   1.3150919e-02   1.2365197e-02   1.3833888e-02   9.9517644e-01   1.0000000e+01
   1.1000000e+01   8.1272000e+02   7.3282524e-01   1.6000000e+02   3.5800000e+02   3.9700000e+02   7.3048706e+00   5.6671905e+01   5.9929775e+00   1.4174262e+00   6.2469074e+00   1.9341940e+00   3.8180663e-02   8.8654518e-01   1.5013503e-02   1.7664105e-02   2.0310183e-02   2.3325700e-02   9.9141788e-01   9.0000000e+00
   7.0000000e+00   8.4399200e+02   6.7750671e-01   1.5400000e+02   2.0100000e+02   3.7200000e+02   7.4181927e+00   7.2730543e+01   5.5640539e+00   1.4169947e+00   6.3736565e+00   2.0914843e+00   5.2676865e-02   1.2762842e+00   1.6268169e-02   1.9455040e-02   2.3875372e-02   2.7628945e-02   9.8963995e-01   1.3000000e+01
   1.4000000e+01   5.4906827e+02   9.5619723e-01   1.6243092e+02   1.9300000e+02   4.0600000e+02   7.2448809e+00   6.7514936e+01   6.0646008e+00   1.4134283e+00   6.0539917e+00   1.4781765e+00   3.0440924e-02   6.1869692e-01   9.8139589e-03   1.0993759e-02   1.0246334e-02   1.1452238e-02   9.9660644e-01   7.0000000e+00
   1.3000000e+01   7.8005679e+02   6.9786070e-01   1.6504449e+02   2.3900000e+02   2.7000000e+02   7.3003950e+00   5.8191678e+01   6.3036762e+00   1.4126837e+00   5.7601546e+00   2.0243062e+00   4.5804163e-02   1.0858468e+00   1.7576649e-02   2.0852802e-02   2.4945037e-02   2.8739376e-02   9.8801081e-01   1.1000000e+01
   2.5000000e+01   6.8763200e+02   7.5091206e-01   1.6100000e+02   2.0800000e+02   3.6300000e+02   8.1737692e+00   4.8696480e+01   6.3539877e+00   1.4089401e+00   6.1018629e+00   1.8763051e+00   3.9670313e-02   9.0435243e-01   1.8003299e-02   2.1018573e-02   2.3798075e-02   2.7219014e-02   9.8771038e-01   1.1000000e+01
   1.0000000e+01   8.1278686e+02   6.5121312e-01   1.5099786e+02   2.4800000e+02   3.3700000e+02   7.8841353e+00   1.2440281e+02   6.4313260e+00   1.4022061e+00   5.5008714e+00   2.1532215e+00   6.5797972e-02   1.6075552e+00   1.1885270e-02   1.4235236e-02   1.8080068e-02   2.0925328e-02   9.9430338e-01   1.0000000e+01
   2.2000000e+01   5.3850877e+02   8.9450355e-01   1.7876859e+02   1.9500000e+02   2.9500000e+02   1.0033803e+01   6.9632265e+01   6.2489226e+00   1.3972459e+00   6.0756454e+00   1.5620351e+00   4.6370390e-02   9.6248883e-01   1.4401684e-02   1.6245879e-02   1.6038920e-02   1.7988574e-02   9.9246384e-01   1.3000000e+01
   1.5000000e+01   7.9288062e+02   6.9345811e-01   1.7063441e+02   2.1000000e+02   3.3700000e+02   6.7417744e+00   2.6774121e+01   5.6688193e+00   1.3955817e+00   6.1540482e+00   2.0124960e+00   2.6376704e-02   6.2212923e-01   2.1696145e-02   2.5686119e-02   3.0988432e-02   3.5627621e-02   9.8159956e-01   1.4000000e+01
   1.1000000e+01   6.5884515e+02   8.5421776e-01   1.6492053e+02   3.6000000e+02   1.8400000e+02   6.8056140e+00   4.4533422e+01   5.5148796e+00   1.3936377e+00   5.9225873e+00   1.6314782e+00   3.4277324e-02   7.2662722e-01   1.6663491e-02   1.8923785e-02   1.9421842e-02   2.1871575e-02   9.8977201e-01   2.0000000e+00
   2.4000000e+01   5.5656633e+02   8.9078551e-01   1.5719115e+02   3.0300000e+02   3.9800000e+02   9.5247697e+00   7.3971178e+01   5.7363985e+00   1.3921160e+00   6.5162564e+00   1.5627960e+00   3.8174455e-02   7.9131709e-01   1.1138404e-02   1.2556602e-02   1.2449628e-02   1.3939698e-02   9.9545423e-01   1.9000000e+01
   3.0000000e+00   7.4900374e+02   6.9342793e-01   1.5803749e+02   1.7800000e+02   4.1700000e+02   5.4463535e+00   2.8969941e+01   5.8993545e+00   1.3921012e+00   5.5497051e+00   2.0075644e+00   1.6533263e-02   3.8815054e-01   1.2619483e-02   1.4892647e-02   1.8004452e-02   2.0655766e-02   9.9368960e-01   9.0000000e+00
   2.2000000e+01   5.0000000e+02   1.0024971e+00   1.8000000e+02   4.1600000e+02   7.0000000e+01   9.5341022e+00   7.3927564e+01   6.1036553e+00   1.3898203e+00   6.4027136e+00   1.3863585e+00   4.1726418e-02   8.1546604e-01   1.1976809e-02   1.3281794e-02   1.1940381e-02   1.3240986e-02   9.9490308e-01   1.0000000e+00
   3.2000000e+01   5.4693355e+02   8.8157145e-01   1.7149918e+02   3.7300000e+02   1.9100000e+02   8.1752030e+00   5.3615139e+01   5.4849136e+00   1.3892938e+00   6.1167208e+00   1.5759288e+00   4.2825250e-02   8.9117906e-01   1.7198754e-02   1.9412797e-02   1.9426953e-02   2.1790201e-02   9.8918108e-01   6.0000000e+00
   1.2000000e+01   4.6872800e+02   9.6992567e-01   1.7200000e+02   1.1800000e+02   1.2200000e+02   6.8483170e+00   3.6155669e+01   5.8180427e+00   1.3892534e+00   5.6444624e+00   1.4323298e+00   2.3187613e-02   4.6033582e-01   1.3661070e-02   1.5212188e-02   1.4066427e-02   1.5637258e-02   9.9331772e-01   7.0000000e+00
   3.1000000e+01   6.3915709e+02   8.1585443e-01   1.5855011e+02   1.2700000e+02   1.8400000e+02   7.8142124e+00   9.7546134e+01   5.7545097e+00   1.3890530e+00   5.6594679e+00   1.7025746e+00   5.9682862e-02   1.2885195e+00   1.3266502e-02   1.5167435e-02   1.6151245e-02   1.8238606e-02   9.9336894e-01   2.0000000e+00
   8.0000000e+00   7.8144800e+02   6.5998217e-01   1.5300000e+02   1.6100000e+02   3.4600000e+02   7.5667067e+00   8.5285515e+01   5.6003591e+00   1.3829251e+00   6.1691422e+00   2.0953977e+00   5.4741918e-02   1.3105293e+00   1.4117326e-02   1.6804316e-02   2.1192555e-02   2.4384699e-02   9.9188867e-01   1.3000000e+01
   3.0000000e+01   6.7364067e+02   7.6510531e-01   1.5344741e+02   3.9200000e+02   2.8800000e+02   9.1771018e+00   4.2963962e+01   6.1516721e+00   1.3821996e+00   6.1012583e+00   1.8065481e+00   4.3478417e-02   9.6445543e-01   2.1902574e-02   2.5309651e-02   2.8417973e-02   3.2267923e-02   9.8163246e-01   1.1000000e+01
   2.4000000e+01   4.2142296e+02   1.0294489e+00   1.6151270e+02   4.1800000e+02   7.5000000e+01   1.0004417e+01   1.4335715e+02   6.2756429e+00   1.3813445e+00   5.5853533e+00   1.3418292e+00   6.2997415e-02   1.2075883e+00   9.2074104e-03   1.0165363e-02   8.9642992e-03   9.9101245e-03   9.9696649e-01   1.0000000e+00
   1.3000000e+01   7.0226868e+02   7.6987200e-01   1.6753196e+02   2.2300000e+02   2.4200000e+02   7.2684838e+00   3.7105348e+01   6.1231275e+00   1.3781742e+00   6.2731473e+00   1.7901342e+00   2.9339242e-02   6.4730948e-01   1.7067122e-02   1.9677544e-02   2.2009492e-02   2.4947628e-02   9.8875692e-01   1.0000000e+01
   1.7000000e+01   8.0854511e+02   7.4075474e-01   1.5913350e+02   3.8100000e+02   1.4900000e+02   7.8917943e+00   3.7819469e+01   6.0274548e+00   1.3778811e+00   6.2259737e+00   1.8601043e+00   5.6264977e-02   1.2661762e+00   3.2217134e-02   3.7431341e-02   4.3219011e-02   4.9173121e-02   9.6064462e-01   5.0000000e+00
   2.0000000e+00   6.8763200e+02   7.6010666e-01   9.5000000e+01   2.7000000e+02   1.6800000e+02   7.0512087e+00   2.9653469e+01   5.6950861e+00   1.3767722e+00   5.8304815e+00   1.8112881e+00   2.4042353e-02   5.3359568e-01   1.7499462e-02   2.0221446e-02   2.2817627e-02   2.5900737e-02   9.8814562e-01   2.0000000e+00
   9.0000000e+00   5.6254400e+02   9.4903636e-01   1.6300000e+02   2.8900000e+02   1.3900000e+02   6.9871851e+00   5.2059752e+01   6.1134735e+00   1.3739950e+00   5.8798166e+00   1.4477791e+00   2.7346788e-02   5.4286328e-01   1.1065748e-02   1.2329627e-02   1.1634711e-02   1.2929948e-02   9.9551041e-01   2.0000000e+00
   2.0000000e+00   5.6077335e+02   9.0551925e-01   9.9056621e+01   1.6300000e+02   3.4800000e+02   6.8741839e+00   4.1216188e+01   6.2156593e+00   1.3724153e+00   6.0270913e+00   1.5156114e+00   2.5736550e-02   5.2202658e-01   1.3211387e-02   1.4810592e-02   1.4536422e-02   1.6215259e-02   9.9352054e-01   6.0000000e+00
   2.0000000e+01   6.6381206e+02   7.8213847e-01   1.5776170e+02   2.6000000e+02   1.4800000e+02   7.4046441e+00   5.4151142e+01   5.6687321e+00   1.3720115e+00   6.2184520e+00   1.7541798e+00   3.6742618e-02   8.0169997e-01   1.4559165e-02   1.6717058e-02   1.8484049e-02   2.0904272e-02   9.9180953e-01   3.0000000e+00
   6.0000000e+00   8.1272000e+02   6.9020501e-01   1.5800000e+02   3.0900000e+02   3.9500000e+02   7.0116388e+00   5.6862409e+01   6.4448809e+00   1.3720058e+00   6.3577829e+00   1.9878235e+00   4.0115964e-02   9.2980689e-01   1.5370835e-02   1.8044751e-02   2.2028564e-02   2.5164553e-02   9.9047311e-01   2.7000000e+01
   1.0000000e+01   6.8988698e+02   8.3117258e-01   1.5492789e+02   3.7200000e+02   1.8600000e+02   6.7690268e+00   4.0976269e+01   6.3728589e+00   1.3696436e+00   6.3293307e+00   1.6478450e+00   2.8908883e-02   6.1037352e-01   1.5040340e-02   1.7070181e-02   1.7980493e-02   2.0195308e-02   9.9139271e-01   4.0000000e+00
   2.4000000e+01   5.9381600e+02   8.8604239e-01   1.5600000e+02   3.1700000e+02   1.8800000e+02   9.4234469e+00   7.6035364e+01   6.3141493e+00   1.3696074e+00   6.3844441e+00   1.5457583e+00   4.5833664e-02   9.3720286e-01   1.2773479e-02   1.4352133e-02   1.4344015e-02   1.6012511e-02   9.9389030e-01   9.0000000e+00
   1.5000000e+01   5.5507890e+02   9.2950722e-01   1.7823872e+02   3.6700000e+02   3.2000000e+02   7.1053923e+00   1.1342932e+02   6.2739934e+00   1.3670012e+00   6.3869651e+00   1.4706730e+00   5.4804259e-02   1.0932285e+00   1.0152809e-02   1.1328273e-02   1.0883681e-02   1.2097348e-02   9.9617232e-01   1.2000000e+01
   1.3000000e+01   5.9906233e+02   8.4013119e-01   1.7083224e+02   2.8300000e+02   4.0100000e+02   7.0972503e+00   7.2846207e+01   6.1769049e+00   1.3660411e+00   5.8829202e+00   1.6259855e+00   3.1189283e-02   6.5307914e-01   9.0845544e-03   1.0287656e-02   1.0743418e-02   1.2052353e-02   9.9684039e-01   1.9000000e+01
   2.4000000e+01   6.4935209e+02   7.7443530e-01   1.5422410e+02   8.5000000e+01   2.9800000e+02   8.8927333e+00   8.4224040e+01   5.8856159e+00   1.3623019e+00   6.4108587e+00   1.7590907e+00   5.7427247e-02   1.2489864e+00   1.4571080e-02   1.6711227e-02   1.8694054e-02   2.1094228e-02   9.9169709e-01   1.4000000e+01
   2.2000000e+01   6.1761610e+02   8.0483098e-01   1.7623893e+02   2.5400000e+02   2.2700000e+02   1.0172011e+01   9.0364471e+01   5.5686831e+00   1.3617358e+00   5.8952254e+00   1.6919526e+00   5.2293965e-02   1.1154590e+00   1.2286255e-02   1.3997841e-02   1.5156344e-02   1.7058515e-02   9.9413909e-01   8.0000000e+00
   9.0000000e+00   6.5761217e+02   7.9145400e-01   1.5995996e+02   3.8200000e+02   3.0000000e+02   7.2107962e+00   5.5359594e+01   6.1322338e+00   1.3614940e+00   6.1452592e+00   1.7202440e+00   4.3230151e-02   9.2910913e-01   1.6601434e-02   1.8969541e-02   2.0808698e-02   2.3452585e-02   9.8928874e-01   1.3000000e+01
   3.2000000e+01   6.7376823e+02   7.5197318e-01   1.6744333e+02   4.0200000e+02   2.7100000e+02   8.5203410e+00   4.1714350e+01   5.4915098e+00   1.3548773e+00   5.5845807e+00   1.8017628e+00   4.5163274e-02   9.9084934e-01   2.3077390e-02   2.6538049e-02   3.0394531e-02   3.4329227e-02   9.7906603e-01   9.0000000e+00
   2.0000000e+00   6.9491347e+02   7.1094276e-01   9.4767157e+01   7.3000000e+01   3.3900000e+02   6.7205793e+00   9.4245882e+01   6.1153608e+00   1.3516448e+00   6.0224933e+00   1.9012005e+00   6.9181990e-02   1.5536501e+00   1.5660702e-02   1.8189006e-02   2.1823952e-02   2.4762574e-02   9.9000658e-01   5.0000000e+00
   1.8000000e+01   5.9381600e+02   8.5270922e-01   1.6500000e+02   2.0800000e+02   2.9800000e+02   6.4089396e+00   2.1436328e+01   6.3051848e+00   1.3509225e+00   6.0201999e+00   1.5842710e+00   1.8724482e-02   3.8550833e-01   1.8285232e-02   2.0603014e-02   2.1289229e-02   2.3793534e-02   9.8722787e-01   8.0000000e+00
   5.0000000e+00   5.2395525e+02   9.5162284e-01   1.7623397e+02   3.5600000e+02   1.5700000e+02   7.0369305e+00   6.5022575e+01   6.0399816e+00   1.3506279e+00   5.9761156e+00   1.4192891e+00   2.8889606e-02   5.6342385e-01   9.1600314e-03   1.0167666e-02   9.6041211e-03   1.0634641e-02   9.9684733e-01   3.0000000e+00
   1.9000000e+01   7.2037559e+02   7.2979734e-01   1.6295294e+02   2.5400000e+02   3.4800000e+02   6.5666259e+00   3.3577437e+01   6.4791965e+00   1.3490679e+00   5.9315717e+00   1.8485514e+00   2.5341177e-02   5.6225666e-01   1.6015438e-02   1.8508994e-02   2.1729693e-02   2.4608162e-02   9.8965188e-01   3.0000000e+00
   1.3000000e+01   7.1890400e+02   8.0533975e-01   1.6700000e+02   3.9100000e+02   3.5200000e+02   6.8455358e+00   3.6657797e+01   5.6595718e+00   1.3471314e+00   5.8026848e+00   1.6727492e+00   2.7455488e-02   5.7959657e-01   1.5707150e-02   1.7841568e-02   1.9379408e-02   2.1747635e-02   9.9032043e-01   1.7000000e+01
   1.1000000e+01   5.0000000e+02   9.8854980e-01   1.7000000e+02   2.6700000e+02   3.0000000e+02   7.4290058e+00   4.0721509e+01   5.9310904e+00   1.3440592e+00   5.9038870e+00   1.3596272e+00   7.4260103e-02   1.4159999e+00   3.7175992e-02   4.1050100e-02   3.7595052e-02   4.1488441e-02   9.5071363e-01   5.0000000e+00
   1.0000000e+01   7.5319035e+02   7.2115783e-01   1.5290361e+02   3.0500000e+02   3.3000000e+02   7.1154190e+00   4.1034775e+01   5.9732021e+00   1.3436677e+00   5.9162944e+00   1.8632089e+00   3.4664525e-02   7.7118652e-01   1.7901087e-02   2.0718425e-02   2.4511055e-02   2.7766479e-02   9.8706082e-01   9.0000000e+00
   1.1000000e+01   5.6388114e+02   8.7569658e-01   1.6795724e+02   3.7500000e+02   3.4700000e+02   6.7730523e+00   4.8326474e+01   6.1391058e+00   1.3422229e+00   5.9173496e+00   1.5327489e+00   3.1321747e-02   6.3206013e-01   1.3413694e-02   1.5031071e-02   1.5236046e-02   1.6959143e-02   9.9305741e-01   7.0000000e+00
   4.0000000e+00   4.6927507e+02   1.0065099e+00   1.6598251e+02   2.0000000e+02   7.9000000e+01   6.7735600e+00   3.6714505e+01   5.5104974e+00   1.3411232e+00   5.7946743e+00   1.3324490e+00   2.1533748e-02   4.0592228e-01   1.1874367e-02   1.3076606e-02   1.1804129e-02   1.3005439e-02   9.9472628e-01   1.0000000e+00
   7.0000000e+00   5.6254400e+02   9.1226827e-01   1.6300000e+02   3.9600000e+02   1.8200000e+02   7.0483825e+00   4.0567850e+01   5.5888684e+00   1.3402372e+00   5.5278917e+00   1.4691262e+00   3.0452011e-02   6.0175966e-01   1.5434562e-02   1.7191775e-02   1.6859002e-02   1.8687086e-02   9.9090862e-01   4.0000000e+00
   1.8000000e+01   7.2382975e+02   7.3336296e-01   1.6084249e+02   2.2700000e+02   2.8500000e+02   7.1394407e+00   1.0276715e+02   5.9689526e+00   1.3397701e+00   5.8360331e+00   1.8268855e+00   6.7516155e-02   1.4841292e+00   1.3847819e-02   1.5956792e-02   1.8658805e-02   2.1082579e-02   9.9220619e-01   6.0000000e+00
   7.0000000e+00   6.4719640e+02   8.3926383e-01   1.6029303e+02   3.2300000e+02   2.0200000e+02   7.0459228e+00   4.0228389e+01   6.0830473e+00   1.3374618e+00   5.4303034e+00   1.5936131e+00   2.5861747e-02   5.3058375e-01   1.3358784e-02   1.5038531e-02   1.5800467e-02   1.7608459e-02   9.9300734e-01   7.0000000e+00
   1.6000000e+01   6.5417341e+02   7.9699877e-01   1.5406992e+02   3.8700000e+02   2.6400000e+02   7.3684171e+00   8.6610065e+01   6.3697930e+00   1.3333434e+00   6.0075254e+00   1.6729554e+00   6.5854047e-02   1.3817668e+00   1.5795187e-02   1.7914548e-02   1.9643374e-02   2.2007044e-02   9.9005432e-01   3.0000000e+00
   1.5000000e+01   6.5636000e+02   7.0562583e-01   1.7500000e+02   1.5900000e+02   1.6800000e+02   7.1053762e+00   9.2399696e+01   5.5691540e+00   1.3326898e+00   6.2512056e+00   1.8886636e+00   5.8008729e-02   1.2933838e+00   1.3212183e-02   1.5296286e-02   1.8540675e-02   2.0975326e-02   9.9274386e-01   5.0000000e+00
   5.0000000e+00   6.2856619e+02   8.2352383e-01   1.7288878e+02   1.2300000e+02   3.0100000e+02   8.0757636e+00   1.4519959e+02   6.3053738e+00   1.3319059e+00   6.1846592e+00   1.6173253e+00   9.4770984e-02   1.9549731e+00   1.3495531e-02   1.5225250e-02   1.6256077e-02   1.8153047e-02   9.9277930e-01   6.0000000e+00
   6.0000000e+00   6.3941976e+02   8.3463982e-01   1.6354171e+02   2.2300000e+02   1.8200000e+02   6.7627176e+00   4.0927062e+01   5.9818070e+00   1.3252177e+00   6.1102695e+00   1.5877719e+00   2.0450625e-02   4.1724276e-01   1.0247950e-02   1.1527318e-02   1.2193086e-02   1.3587272e-02   9.9580976e-01   1.3000000e+01
   1.5000000e+01   6.2508800e+02   7.6373319e-01   1.7600000e+02   9.7000000e+01   3.7000000e+02   7.0968939e+00   5.1469812e+01   5.9369318e+00   1.3241496e+00   5.7125907e+00   1.7337856e+00   4.4371426e-02   9.4509773e-01   1.7852731e-02   2.0352073e-02   2.3187192e-02   2.6016979e-02   9.8704697e-01   1.6000000e+01
   1.0000000e+01   6.8445118e+02   8.0314057e-01   1.5510171e+02   1.8500000e+02   1.8200000e+02   7.0669895e+00   7.2729133e+01   6.4464456e+00   1.3233077e+00   6.4100486e+00   1.6476664e+00   4.7470051e-02   9.8505294e-01   1.3450418e-02   1.5200509e-02   1.6602193e-02   1.8536114e-02   9.9271188e-01   3.0000000e+00
   6.0000000e+00   7.5512836e+02   6.9203354e-01   1.5984164e+02   1.9200000e+02   4.2000000e+02   7.3786427e+00   6.9218910e+01   5.9595101e+00   1.3075130e+00   6.3119241e+00   1.8893781e+00   4.6266100e-02   1.0218513e+00   1.3828367e-02   1.5961493e-02   1.9749951e-02   2.2259671e-02   9.9181712e-01   2.8000000e+01
   1.7000000e+01   7.5789562e+02   6.6432725e-01   1.6075315e+02   4.4000000e+02   2.7900000e+02   6.9410905e+00   3.3853249e+01   5.8802265e+00   1.3051588e+00   5.9560787e+00   1.9646323e+00   3.6070066e-02   8.1290100e-01   2.2065734e-02   2.5661660e-02   3.2852742e-02   3.7149419e-02   9.7910441e-01   1.0000000e+01
   1.8000000e+01   6.2455196e+02   8.2054575e-01   1.6401714e+02   2.3300000e+02   3.7800000e+02   6.6465391e+00   5.3311470e+01   6.1134685e+00   1.3038706e+00   6.1003947e+00   1.5890285e+00   3.1435496e-02   6.3659616e-01   1.1891468e-02   1.3356732e-02   1.4377989e-02   1.5985944e-02   9.9421496e-01   1.3000000e+01
   1.3000000e+01   6.9087036e+02   6.5678975e-01   1.6789645e+02   9.3000000e+01   3.2300000e+02   7.2056093e+00   4.2643512e+01   5.5509029e+00   1.3029096e+00   5.4147078e+00   1.9837545e+00   7.0214152e-02   1.5857524e+00   3.4391007e-02   3.9925979e-02   5.1631473e-02   5.8332194e-02   9.5050551e-01   1.5000000e+01
   2.0000000e+00   6.9615955e+02   7.6304797e-01   9.4727310e+01   2.4800000e+02   3.5800000e+02   7.1412821e+00   6.7031668e+01   6.2406530e+00   1.3009771e+00   5.5907094e+00   1.7049742e+00   4.4488589e-02   9.3130620e-01   1.3499261e-02   1.5309162e-02   1.7505896e-02   1.9548691e-02   9.9238412e-01   7.0000000e+00
