   2.0344858e+00  -2.5264000e+01
   2.0339179e+00  -2.4264000e+01
   2.0333441e+00  -2.3264000e+01
   2.0327644e+00  -2.2264000e+01
   2.0321789e+00  -2.1264000e+01
   2.0315874e+00  -2.0264000e+01
   2.0309900e+00  -1.9264000e+01
   2.0303866e+00  -1.8264000e+01
   2.0297773e+00  -1.7264000e+01
   2.0291620e+00  -1.6264000e+01
   2.0285406e+00  -1.5264000e+01
   2.0279131e+00  -1.4264000e+01
   2.0272796e+00  -1.3264000e+01
   2.0266400e+00  -1.2264000e+01
   2.0259943e+00  -1.1264000e+01
   2.0253424e+00  -1.0264000e+01
   2.0246843e+00  -9.2640000e+00
   2.0240200e+00  -8.2640000e+00
   2.0233495e+00  -7.2640000e+00
   2.0226727e+00  -6.2640000e+00
   2.0219897e+00  -5.2640000e+00
   2.0213004e+00  -4.2640000e+00
   2.0206047e+00  -3.2640000e+00
   2.0199027e+00  -2.2640000e+00
   2.0191944e+00  -1.2640000e+00
   2.0184796e+00  -2.6400000e-01
   2.0177584e+00   7.3600000e-01
   2.0170308e+00   1.7360000e+00
   2.0162968e+00   2.7360000e+00
   2.0155562e+00   3.7360000e+00
   2.0148091e+00   4.7360000e+00
   2.0140555e+00   5.7360000e+00
   2.0132954e+00   6.7360000e+00
   2.0125287e+00   7.7360000e+00
   2.0117553e+00   8.7360000e+00
   2.0109754e+00   9.7360000e+00
   2.0101888e+00   1.0736000e+01
   2.0093955e+00   1.1736000e+01
   2.0085956e+00   1.2736000e+01
   2.0077889e+00   1.3736000e+01
   2.0069755e+00   1.4736000e+01
   2.0061553e+00   1.5736000e+01
   2.0053283e+00   1.6736000e+01
   2.0044946e+00   1.7736000e+01
   2.0036540e+00   1.8736000e+01
   2.0028066e+00   1.9736000e+01
   2.0019523e+00   2.0736000e+01
   2.0010911e+00   2.1736000e+01
   2.0002230e+00   2.2736000e+01
   1.9993479e+00   2.3736000e+01
   1.9984660e+00   2.4736000e+01
   1.9975770e+00   2.5736000e+01
   1.9966810e+00   2.6736000e+01
   1.9957780e+00   2.7736000e+01
   1.9948680e+00   2.8736000e+01
   1.9939509e+00   2.9736000e+01
   1.9930268e+00   3.0736000e+01
   1.9920955e+00   3.1736000e+01
   1.9911571e+00   3.2736000e+01
   1.9902116e+00   3.3736000e+01
   1.9892589e+00   3.4736000e+01
   1.9882991e+00   3.5736000e+01
   1.9873320e+00   3.6736000e+01
   1.9863577e+00   3.7736000e+01
   1.9853762e+00   3.8736000e+01
   1.9843874e+00   3.9736000e+01
   1.9833913e+00   4.0736000e+01
   1.9823880e+00   4.1736000e+01
   1.9813773e+00   4.2736000e+01
   1.9803593e+00   4.3736000e+01
   1.9793339e+00   4.4736000e+01
   1.9783012e+00   4.5736000e+01
   1.9772610e+00   4.6736000e+01
   1.9762135e+00   4.7736000e+01
   1.9751586e+00   4.8736000e+01
   1.9740962e+00   4.9736000e+01
   1.9730263e+00   5.0736000e+01
   1.9719490e+00   5.1736000e+01
   1.9708641e+00   5.2736000e+01
   1.9697718e+00   5.3736000e+01
   1.9686719e+00   5.4736000e+01
   1.9675645e+00   5.5736000e+01
   1.9664495e+00   5.6736000e+01
   1.9653270e+00   5.7736000e+01
   1.9641969e+00   5.8736000e+01
   1.9630591e+00   5.9736000e+01
   1.9619137e+00   6.0736000e+01
   1.9607607e+00   6.1736000e+01
   1.9596001e+00   6.2736000e+01
   1.9584318e+00   6.3736000e+01
   1.9572557e+00   6.4736000e+01
   1.9560720e+00   6.5736000e+01
   1.9548806e+00   6.6736000e+01
   1.9536815e+00   6.7736000e+01
   1.9524746e+00   6.8736000e+01
   1.9512600e+00   6.9736000e+01
   1.9500376e+00   7.0736000e+01
   1.9488074e+00   7.1736000e+01
   1.9475695e+00   7.2736000e+01
   1.9463237e+00   7.3736000e+01
   1.9450702e+00   7.4736000e+01
   1.9438088e+00   7.5736000e+01
   1.9425395e+00   7.6736000e+01
   1.9412624e+00   7.7736000e+01
   1.9399775e+00   7.8736000e+01
   1.9386847e+00   7.9736000e+01
   1.9373840e+00   8.0736000e+01
   1.9360754e+00   8.1736000e+01
   1.9347589e+00   8.2736000e+01
   1.9334345e+00   8.3736000e+01
   1.9321022e+00   8.4736000e+01
   1.9307620e+00   8.5736000e+01
   1.9294138e+00   8.6736000e+01
   1.9280577e+00   8.7736000e+01
   1.9266936e+00   8.8736000e+01
   1.9253215e+00   8.9736000e+01
   1.9239415e+00   9.0736000e+01
   1.9225535e+00   9.1736000e+01
   1.9211575e+00   9.2736000e+01
   1.9197536e+00   9.3736000e+01
   1.9183416e+00   9.4736000e+01
   1.9169216e+00   9.5736000e+01
   1.9154936e+00   9.6736000e+01
   1.9140576e+00   9.7736000e+01
   1.9126136e+00   9.8736000e+01
   1.9111616e+00   9.9736000e+01
   1.9097015e+00   1.0073600e+02
   1.9082334e+00   1.0173600e+02
   1.9067572e+00   1.0273600e+02
   1.9052730e+00   1.0373600e+02
   1.9037808e+00   1.0473600e+02
   1.9022805e+00   1.0573600e+02
   1.9007722e+00   1.0673600e+02
   1.8992558e+00   1.0773600e+02
   1.8977313e+00   1.0873600e+02
   1.8961988e+00   1.0973600e+02
   1.8946583e+00   1.1073600e+02
   1.8931096e+00   1.1173600e+02
   1.8915530e+00   1.1273600e+02
   1.8899882e+00   1.1373600e+02
   1.8884154e+00   1.1473600e+02
   1.8868345e+00   1.1573600e+02
   1.8852456e+00   1.1673600e+02
   1.8836487e+00   1.1773600e+02
   1.8820436e+00   1.1873600e+02
   1.8804305e+00   1.1973600e+02
   1.8788094e+00   1.2073600e+02
   1.8771802e+00   1.2173600e+02
   1.8755430e+00   1.2273600e+02
   1.8738977e+00   1.2373600e+02
   1.8722444e+00   1.2473600e+02
   1.8705831e+00   1.2573600e+02
   1.8689137e+00   1.2673600e+02
   1.8672363e+00   1.2773600e+02
   1.8655509e+00   1.2873600e+02
   1.8638575e+00   1.2973600e+02
   1.8621561e+00   1.3073600e+02
   1.8604467e+00   1.3173600e+02
   1.8587292e+00   1.3273600e+02
   1.8570038e+00   1.3373600e+02
   1.8552705e+00   1.3473600e+02
   1.8535291e+00   1.3573600e+02
   1.8517798e+00   1.3673600e+02
   1.8500226e+00   1.3773600e+02
   1.8482574e+00   1.3873600e+02
   1.8464842e+00   1.3973600e+02
   1.8447032e+00   1.4073600e+02
   1.8429142e+00   1.4173600e+02
   1.8411174e+00   1.4273600e+02
   1.8393126e+00   1.4373600e+02
   1.8375000e+00   1.4473600e+02
   1.8356795e+00   1.4573600e+02
   1.8338511e+00   1.4673600e+02
   1.8320150e+00   1.4773600e+02
   1.8301709e+00   1.4873600e+02
   1.8283191e+00   1.4973600e+02
   1.8264595e+00   1.5073600e+02
   1.8245921e+00   1.5173600e+02
   1.8227170e+00   1.5273600e+02
   1.8208341e+00   1.5373600e+02
   1.8189434e+00   1.5473600e+02
   1.8170450e+00   1.5573600e+02
   1.8151390e+00   1.5673600e+02
   1.8132252e+00   1.5773600e+02
   1.8113038e+00   1.5873600e+02
   1.8093748e+00   1.5973600e+02
   1.8074381e+00   1.6073600e+02
   1.8054938e+00   1.6173600e+02
   1.8035419e+00   1.6273600e+02
   1.8015824e+00   1.6373600e+02
   1.7996154e+00   1.6473600e+02
   1.7976409e+00   1.6573600e+02
   1.7956589e+00   1.6673600e+02
   1.7936693e+00   1.6773600e+02
   1.7916724e+00   1.6873600e+02
   1.7896679e+00   1.6973600e+02
   1.7876561e+00   1.7073600e+02
   1.7856369e+00   1.7173600e+02
   1.7836102e+00   1.7273600e+02
   1.7815763e+00   1.7373600e+02
   1.7795350e+00   1.7473600e+02
   1.7774865e+00   1.7573600e+02
   1.7754306e+00   1.7673600e+02
   1.7733675e+00   1.7773600e+02
   1.7712973e+00   1.7873600e+02
   1.7692198e+00   1.7973600e+02
   1.7671351e+00   1.8073600e+02
   1.7650434e+00   1.8173600e+02
   1.7629445e+00   1.8273600e+02
   1.7608385e+00   1.8373600e+02
   1.7587255e+00   1.8473600e+02
   1.7566055e+00   1.8573600e+02
   1.7544785e+00   1.8673600e+02
   1.7523445e+00   1.8773600e+02
   1.7502036e+00   1.8873600e+02
   1.7480558e+00   1.8973600e+02
   1.7459012e+00   1.9073600e+02
   1.7437397e+00   1.9173600e+02
   1.7415714e+00   1.9273600e+02
   1.7393964e+00   1.9373600e+02
   1.7372146e+00   1.9473600e+02
   1.7350261e+00   1.9573600e+02
   1.7328310e+00   1.9673600e+02
   1.7306293e+00   1.9773600e+02
   1.7284209e+00   1.9873600e+02
   1.7262060e+00   1.9973600e+02
   1.7239846e+00   2.0073600e+02
   1.7217567e+00   2.0173600e+02
   1.7195223e+00   2.0273600e+02
   1.7172816e+00   2.0373600e+02
   1.7150344e+00   2.0473600e+02
   1.7127810e+00   2.0573600e+02
   1.7105212e+00   2.0673600e+02
   1.7082552e+00   2.0773600e+02
   1.7059830e+00   2.0873600e+02
   1.7037046e+00   2.0973600e+02
   1.7014200e+00   2.1073600e+02
   1.6991294e+00   2.1173600e+02
   1.6968327e+00   2.1273600e+02
   1.6945300e+00   2.1373600e+02
   1.6922214e+00   2.1473600e+02
   1.6899068e+00   2.1573600e+02
   1.6875863e+00   2.1673600e+02
   1.6852600e+00   2.1773600e+02
   1.6829279e+00   2.1873600e+02
   1.6805900e+00   2.1973600e+02
   1.6782465e+00   2.2073600e+02
   1.6758972e+00   2.2173600e+02
   1.6735424e+00   2.2273600e+02
   1.6711819e+00   2.2373600e+02
   1.6688160e+00   2.2473600e+02
   1.6664446e+00   2.2573600e+02
   1.6640677e+00   2.2673600e+02
   1.6616854e+00   2.2773600e+02
   1.6592978e+00   2.2873600e+02
   1.6569049e+00   2.2973600e+02
   1.6545068e+00   2.3073600e+02
   1.6521034e+00   2.3173600e+02
   1.6496949e+00   2.3273600e+02
   1.6472814e+00   2.3373600e+02
   1.6448627e+00   2.3473600e+02
   1.6424391e+00   2.3573600e+02
   1.6400105e+00   2.3673600e+02
   1.6375770e+00   2.3773600e+02
   1.6351387e+00   2.3873600e+02
   1.6326955e+00   2.3973600e+02
   1.6302477e+00   2.4073600e+02
   1.6277951e+00   2.4173600e+02
   1.6253379e+00   2.4273600e+02
   1.6228761e+00   2.4373600e+02
   1.6204097e+00   2.4473600e+02
   1.6179389e+00   2.4573600e+02
   1.6154636e+00   2.4673600e+02
   1.6129840e+00   2.4773600e+02
   1.6105000e+00   2.4873600e+02
   1.6080118e+00   2.4973600e+02
   1.6055194e+00   2.5073600e+02
   1.6030227e+00   2.5173600e+02
   1.6005220e+00   2.5273600e+02
   1.5980173e+00   2.5373600e+02
   1.5955085e+00   2.5473600e+02
   1.5929958e+00   2.5573600e+02
   1.5904792e+00   2.5673600e+02
   1.5879588e+00   2.5773600e+02
   1.5854347e+00   2.5873600e+02
   1.5829068e+00   2.5973600e+02
   1.5803752e+00   2.6073600e+02
   1.5778401e+00   2.6173600e+02
   1.5753014e+00   2.6273600e+02
   1.5727592e+00   2.6373600e+02
   1.5702136e+00   2.6473600e+02
   1.5676647e+00   2.6573600e+02
   1.5651124e+00   2.6673600e+02
   1.5625569e+00   2.6773600e+02
   1.5599982e+00   2.6873600e+02
   1.5574363e+00   2.6973600e+02
   1.5548714e+00   2.7073600e+02
   1.5523034e+00   2.7173600e+02
   1.5497326e+00   2.7273600e+02
   1.5471588e+00   2.7373600e+02
   1.5445822e+00   2.7473600e+02
   1.5420028e+00   2.7573600e+02
   1.5394207e+00   2.7673600e+02
   1.5368359e+00   2.7773600e+02
   1.5342485e+00   2.7873600e+02
   1.5316586e+00   2.7973600e+02
   1.5290663e+00   2.8073600e+02
   1.5264715e+00   2.8173600e+02
   1.5238744e+00   2.8273600e+02
   1.5212750e+00   2.8373600e+02
   1.5186734e+00   2.8473600e+02
   1.5160696e+00   2.8573600e+02
   1.5134636e+00   2.8673600e+02
   1.5108557e+00   2.8773600e+02
   1.5082458e+00   2.8873600e+02
   1.5056339e+00   2.8973600e+02
   1.5030202e+00   2.9073600e+02
   1.5004047e+00   2.9173600e+02
   1.4977875e+00   2.9273600e+02
   1.4951686e+00   2.9373600e+02
   1.4925481e+00   2.9473600e+02
   1.4899261e+00   2.9573600e+02
   1.4873025e+00   2.9673600e+02
   1.4846776e+00   2.9773600e+02
   1.4820513e+00   2.9873600e+02
   1.4794237e+00   2.9973600e+02
   1.4767948e+00   3.0073600e+02
   1.4741648e+00   3.0173600e+02
   1.4715337e+00   3.0273600e+02
   1.4689016e+00   3.0373600e+02
   1.4662684e+00   3.0473600e+02
   1.4636344e+00   3.0573600e+02
   1.4609995e+00   3.0673600e+02
   1.4583638e+00   3.0773600e+02
   1.4557274e+00   3.0873600e+02
   1.4530903e+00   3.0973600e+02
   1.4504526e+00   3.1073600e+02
   1.4478143e+00   3.1173600e+02
   1.4451756e+00   3.1273600e+02
   1.4425365e+00   3.1373600e+02
   1.4398970e+00   3.1473600e+02
   1.4372572e+00   3.1573600e+02
   1.4346172e+00   3.1673600e+02
   1.4319770e+00   3.1773600e+02
   1.4293368e+00   3.1873600e+02
   1.4266965e+00   3.1973600e+02
   1.4240562e+00   3.2073600e+02
   1.4214160e+00   3.2173600e+02
   1.4187759e+00   3.2273600e+02
   1.4161361e+00   3.2373600e+02
   1.4134965e+00   3.2473600e+02
   1.4108572e+00   3.2573600e+02
   1.4082184e+00   3.2673600e+02
   1.4055800e+00   3.2773600e+02
   1.4029421e+00   3.2873600e+02
   1.4003048e+00   3.2973600e+02
   1.3976681e+00   3.3073600e+02
   1.3950322e+00   3.3173600e+02
   1.3923970e+00   3.3273600e+02
   1.3897626e+00   3.3373600e+02
   1.3871291e+00   3.3473600e+02
   1.3844966e+00   3.3573600e+02
   1.3818651e+00   3.3673600e+02
   1.3792346e+00   3.3773600e+02
   1.3766053e+00   3.3873600e+02
   1.3739771e+00   3.3973600e+02
   1.3713502e+00   3.4073600e+02
   1.3687246e+00   3.4173600e+02
   1.3661004e+00   3.4273600e+02
   1.3634776e+00   3.4373600e+02
   1.3608563e+00   3.4473600e+02
   1.3582365e+00   3.4573600e+02
   1.3556183e+00   3.4673600e+02
   1.3530018e+00   3.4773600e+02
   1.3503870e+00   3.4873600e+02
   1.3477740e+00   3.4973600e+02
   1.3451629e+00   3.5073600e+02
   1.3425536e+00   3.5173600e+02
   1.3399462e+00   3.5273600e+02
   1.3373409e+00   3.5373600e+02
   1.3347377e+00   3.5473600e+02
   1.3321366e+00   3.5573600e+02
   1.3295376e+00   3.5673600e+02
   1.3269409e+00   3.5773600e+02
   1.3243465e+00   3.5873600e+02
   1.3217544e+00   3.5973600e+02
   1.3191647e+00   3.6073600e+02
   1.3165775e+00   3.6173600e+02
   1.3139928e+00   3.6273600e+02
   1.3114107e+00   3.6373600e+02
   1.3088312e+00   3.6473600e+02
   1.3062544e+00   3.6573600e+02
   1.3036803e+00   3.6673600e+02
   1.3011090e+00   3.6773600e+02
   1.2985406e+00   3.6873600e+02
   1.2959750e+00   3.6973600e+02
   1.2934124e+00   3.7073600e+02
   1.2908528e+00   3.7173600e+02
   1.2882962e+00   3.7273600e+02
   1.2857427e+00   3.7373600e+02
   1.2831924e+00   3.7473600e+02
   1.2806453e+00   3.7573600e+02
   1.2781015e+00   3.7673600e+02
   1.2755609e+00   3.7773600e+02
   1.2730237e+00   3.7873600e+02
   1.2704900e+00   3.7973600e+02
   1.2679596e+00   3.8073600e+02
   1.2654328e+00   3.8173600e+02
   1.2629096e+00   3.8273600e+02
   1.2603899e+00   3.8373600e+02
   1.2578740e+00   3.8473600e+02
   1.2553617e+00   3.8573600e+02
   1.2528531e+00   3.8673600e+02
   1.2503484e+00   3.8773600e+02
   1.2478475e+00   3.8873600e+02
   1.2453505e+00   3.8973600e+02
   1.2428574e+00   3.9073600e+02
   1.2403684e+00   3.9173600e+02
   1.2378833e+00   3.9273600e+02
   1.2354023e+00   3.9373600e+02
   1.2329255e+00   3.9473600e+02
   1.2304528e+00   3.9573600e+02
   1.2279843e+00   3.9673600e+02
   1.2255201e+00   3.9773600e+02
   1.2230602e+00   3.9873600e+02
   1.2206046e+00   3.9973600e+02
   1.2181534e+00   4.0073600e+02
   1.2157066e+00   4.0173600e+02
   1.2132643e+00   4.0273600e+02
   1.2108265e+00   4.0373600e+02
   1.2083932e+00   4.0473600e+02
   1.2059646e+00   4.0573600e+02
   1.2035406e+00   4.0673600e+02
   1.2011212e+00   4.0773600e+02
   1.1987066e+00   4.0873600e+02
   1.1962967e+00   4.0973600e+02
   1.1938916e+00   4.1073600e+02
   1.1914913e+00   4.1173600e+02
   1.1890959e+00   4.1273600e+02
   1.1867054e+00   4.1373600e+02
   1.1843198e+00   4.1473600e+02
   1.1819392e+00   4.1573600e+02
   1.1795637e+00   4.1673600e+02
   1.1771931e+00   4.1773600e+02
   1.1748277e+00   4.1873600e+02
   1.1724674e+00   4.1973600e+02
   1.1701123e+00   4.2073600e+02
   1.1677623e+00   4.2173600e+02
   1.1654176e+00   4.2273600e+02
   1.1630781e+00   4.2373600e+02
   1.1607440e+00   4.2473600e+02
   1.1584151e+00   4.2573600e+02
   1.1560917e+00   4.2673600e+02
   1.1537736e+00   4.2773600e+02
   1.1514609e+00   4.2873600e+02
   1.1491537e+00   4.2973600e+02
   1.1468520e+00   4.3073600e+02
   1.1445558e+00   4.3173600e+02
   1.1422651e+00   4.3273600e+02
   1.1399801e+00   4.3373600e+02
   1.1377006e+00   4.3473600e+02
   1.1354268e+00   4.3573600e+02
   1.1331586e+00   4.3673600e+02
   1.1308961e+00   4.3773600e+02
   1.1286394e+00   4.3873600e+02
   1.1263883e+00   4.3973600e+02
   1.1241431e+00   4.4073600e+02
   1.1219037e+00   4.4173600e+02
   1.1196701e+00   4.4273600e+02
   1.1174423e+00   4.4373600e+02
   1.1152205e+00   4.4473600e+02
   1.1130045e+00   4.4573600e+02
   1.1107945e+00   4.4673600e+02
   1.1085904e+00   4.4773600e+02
   1.1063923e+00   4.4873600e+02
   1.1042002e+00   4.4973600e+02
   1.1020141e+00   4.5073600e+02
   1.0998340e+00   4.5173600e+02
   1.0976601e+00   4.5273600e+02
   1.0954922e+00   4.5373600e+02
   1.0933304e+00   4.5473600e+02
   1.0911748e+00   4.5573600e+02
   1.0890253e+00   4.5673600e+02
   1.0868820e+00   4.5773600e+02
   1.0847448e+00   4.5873600e+02
   1.0826139e+00   4.5973600e+02
   1.0804892e+00   4.6073600e+02
   1.0783708e+00   4.6173600e+02
   1.0762586e+00   4.6273600e+02
   1.0741528e+00   4.6373600e+02
   1.0720532e+00   4.6473600e+02
   1.0699599e+00   4.6573600e+02
   1.0678730e+00   4.6673600e+02
   1.0657924e+00   4.6773600e+02
   1.0637182e+00   4.6873600e+02
   1.0616504e+00   4.6973600e+02
   1.0595890e+00   4.7073600e+02
   1.0575340e+00   4.7173600e+02
   1.0554854e+00   4.7273600e+02
   1.0534433e+00   4.7373600e+02
   1.0514076e+00   4.7473600e+02
   1.0493784e+00   4.7573600e+02
   1.0473556e+00   4.7673600e+02
   1.0453394e+00   4.7773600e+02
   1.0433297e+00   4.7873600e+02
   1.0413265e+00   4.7973600e+02
   1.0393298e+00   4.8073600e+02
   1.0373397e+00   4.8173600e+02
   1.0353561e+00   4.8273600e+02
   1.0333791e+00   4.8373600e+02
   1.0314086e+00   4.8473600e+02
   1.0294447e+00   4.8573600e+02
   1.0274875e+00   4.8673600e+02
   1.0255368e+00   4.8773600e+02
   1.0235927e+00   4.8873600e+02
   1.0216553e+00   4.8973600e+02
   1.0197244e+00   4.9073600e+02
   1.0178002e+00   4.9173600e+02
   1.0158827e+00   4.9273600e+02
   1.0139718e+00   4.9373600e+02
   1.0120675e+00   4.9473600e+02
   1.0101699e+00   4.9573600e+02
   1.0082790e+00   4.9673600e+02
   1.0063947e+00   4.9773600e+02
   1.0045171e+00   4.9873600e+02
   1.0026462e+00   4.9973600e+02
   1.0007820e+00   5.0073600e+02
   9.9892444e-01   5.0173600e+02
   9.9707360e-01   5.0273600e+02
   9.9522945e-01   5.0373600e+02
   9.9339200e-01   5.0473600e+02
   9.9156125e-01   5.0573600e+02
   9.8973721e-01   5.0673600e+02
   9.8791988e-01   5.0773600e+02
   9.8610925e-01   5.0873600e+02
   9.8430533e-01   5.0973600e+02
   9.8250813e-01   5.1073600e+02
   9.8071764e-01   5.1173600e+02
   9.7893386e-01   5.1273600e+02
   9.7715680e-01   5.1373600e+02
   9.7538645e-01   5.1473600e+02
   9.7362281e-01   5.1573600e+02
   9.7186589e-01   5.1673600e+02
   9.7011568e-01   5.1773600e+02
   9.6837219e-01   5.1873600e+02
   9.6663540e-01   5.1973600e+02
   9.6490533e-01   5.2073600e+02
   9.6318196e-01   5.2173600e+02
   9.6146529e-01   5.2273600e+02
   9.5975533e-01   5.2373600e+02
   9.5805207e-01   5.2473600e+02
   9.5635551e-01   5.2573600e+02
   9.5466564e-01   5.2673600e+02
   9.5298246e-01   5.2773600e+02
   9.5130596e-01   5.2873600e+02
   9.4963615e-01   5.2973600e+02
   9.4797302e-01   5.3073600e+02
   9.4631656e-01   5.3173600e+02
   9.4466677e-01   5.3273600e+02
   9.4302364e-01   5.3373600e+02
   9.4138717e-01   5.3473600e+02
   9.3975736e-01   5.3573600e+02
   9.3813419e-01   5.3673600e+02
   9.3651766e-01   5.3773600e+02
   9.3490777e-01   5.3873600e+02
   9.3330450e-01   5.3973600e+02
   9.3170786e-01   5.4073600e+02
   9.3011783e-01   5.4173600e+02
   9.2853441e-01   5.4273600e+02
   9.2695759e-01   5.4373600e+02
   9.2538736e-01   5.4473600e+02
   9.2382371e-01   5.4573600e+02
   9.2226664e-01   5.4673600e+02
   9.2071614e-01   5.4773600e+02
   9.1917220e-01   5.4873600e+02
   9.1763481e-01   5.4973600e+02
   9.1610396e-01   5.5073600e+02
   9.1457964e-01   5.5173600e+02
   9.1306185e-01   5.5273600e+02
   9.1155057e-01   5.5373600e+02
   9.1004579e-01   5.5473600e+02
   9.0854751e-01   5.5573600e+02
   9.0705570e-01   5.5673600e+02
   9.0557038e-01   5.5773600e+02
   9.0409151e-01   5.5873600e+02
   9.0261910e-01   5.5973600e+02
   9.0115312e-01   5.6073600e+02
   8.9969358e-01   5.6173600e+02
   8.9824045e-01   5.6273600e+02
   8.9679373e-01   5.6373600e+02
   8.9535341e-01   5.6473600e+02
   8.9391946e-01   5.6573600e+02
   8.9249189e-01   5.6673600e+02
   8.9107068e-01   5.6773600e+02
   8.8965581e-01   5.6873600e+02
   8.8824728e-01   5.6973600e+02
   8.8684507e-01   5.7073600e+02
   8.8544916e-01   5.7173600e+02
   8.8405956e-01   5.7273600e+02
   8.8267623e-01   5.7373600e+02
   8.8129917e-01   5.7473600e+02
   8.7992837e-01   5.7573600e+02
   8.7856380e-01   5.7673600e+02
   8.7720547e-01   5.7773600e+02
   8.7585335e-01   5.7873600e+02
   8.7450742e-01   5.7973600e+02
   8.7316768e-01   5.8073600e+02
   8.7183412e-01   5.8173600e+02
   8.7050671e-01   5.8273600e+02
   8.6918544e-01   5.8373600e+02
   8.6787029e-01   5.8473600e+02
   8.6656126e-01   5.8573600e+02
   8.6525833e-01   5.8673600e+02
   8.6396147e-01   5.8773600e+02
   8.6267068e-01   5.8873600e+02
   8.6138595e-01   5.8973600e+02
   8.6010724e-01   5.9073600e+02
   8.5883456e-01   5.9173600e+02
   8.5756788e-01   5.9273600e+02
   8.5630719e-01   5.9373600e+02
   8.5505246e-01   5.9473600e+02
   8.5380370e-01   5.9573600e+02
   8.5256087e-01   5.9673600e+02
   8.5132396e-01   5.9773600e+02
   8.5009296e-01   5.9873600e+02
   8.4886786e-01   5.9973600e+02
   8.4764862e-01   6.0073600e+02
   8.4643524e-01   6.0173600e+02
   8.4522769e-01   6.0273600e+02
   8.4402597e-01   6.0373600e+02
   8.4283006e-01   6.0473600e+02
   8.4163993e-01   6.0573600e+02
   8.4045557e-01   6.0673600e+02
   8.3927697e-01   6.0773600e+02
   8.3810410e-01   6.0873600e+02
   8.3693695e-01   6.0973600e+02
   8.3577550e-01   6.1073600e+02
   8.3461973e-01   6.1173600e+02
   8.3346963e-01   6.1273600e+02
   8.3232518e-01   6.1373600e+02
   8.3118635e-01   6.1473600e+02
   8.3005313e-01   6.1573600e+02
   8.2892551e-01   6.1673600e+02
   8.2780346e-01   6.1773600e+02
   8.2668697e-01   6.1873600e+02
   8.2557602e-01   6.1973600e+02
   8.2447059e-01   6.2073600e+02
   8.2337066e-01   6.2173600e+02
   8.2227621e-01   6.2273600e+02
   8.2118723e-01   6.2373600e+02
   8.2010369e-01   6.2473600e+02
   8.1902558e-01   6.2573600e+02
   8.1795288e-01   6.2673600e+02
   8.1688556e-01   6.2773600e+02
   8.1582362e-01   6.2873600e+02
   8.1476703e-01   6.2973600e+02
   8.1371577e-01   6.3073600e+02
   8.1266983e-01   6.3173600e+02
   8.1162918e-01   6.3273600e+02
   8.1059381e-01   6.3373600e+02
   8.0956369e-01   6.3473600e+02
   8.0853882e-01   6.3573600e+02
   8.0751916e-01   6.3673600e+02
   8.0650469e-01   6.3773600e+02
   8.0549541e-01   6.3873600e+02
   8.0449129e-01   6.3973600e+02
   8.0349231e-01   6.4073600e+02
   8.0249845e-01   6.4173600e+02
   8.0150970e-01   6.4273600e+02
   8.0052602e-01   6.4373600e+02
   7.9954741e-01   6.4473600e+02
   7.9857385e-01   6.4573600e+02
   7.9760530e-01   6.4673600e+02
   7.9664176e-01   6.4773600e+02
   7.9568321e-01   6.4873600e+02
   7.9472962e-01   6.4973600e+02
   7.9378098e-01   6.5073600e+02
   7.9283726e-01   6.5173600e+02
   7.9189845e-01   6.5273600e+02
   7.9096453e-01   6.5373600e+02
   7.9003547e-01   6.5473600e+02
   7.8911126e-01   6.5573600e+02
   7.8819188e-01   6.5673600e+02
   7.8727730e-01   6.5773600e+02
   7.8636751e-01   6.5873600e+02
   7.8546249e-01   6.5973600e+02
   7.8456222e-01   6.6073600e+02
   7.8366668e-01   6.6173600e+02
   7.8277584e-01   6.6273600e+02
   7.8188970e-01   6.6373600e+02
   7.8100822e-01   6.6473600e+02
   7.8013139e-01   6.6573600e+02
   7.7925919e-01   6.6673600e+02
   7.7839160e-01   6.6773600e+02
   7.7752859e-01   6.6873600e+02
   7.7667016e-01   6.6973600e+02
   7.7581628e-01   6.7073600e+02
   7.7496692e-01   6.7173600e+02
   7.7412208e-01   6.7273600e+02
   7.7328173e-01   6.7373600e+02
   7.7244584e-01   6.7473600e+02
   7.7161441e-01   6.7573600e+02
   7.7078741e-01   6.7673600e+02
   7.6996481e-01   6.7773600e+02
   7.6914661e-01   6.7873600e+02
   7.6833278e-01   6.7973600e+02
   7.6752330e-01   6.8073600e+02
   7.6671815e-01   6.8173600e+02
   7.6591731e-01   6.8273600e+02
   7.6512077e-01   6.8373600e+02
   7.6432849e-01   6.8473600e+02
   7.6354047e-01   6.8573600e+02
   7.6275668e-01   6.8673600e+02
   7.6197711e-01   6.8773600e+02
   7.6120173e-01   6.8873600e+02
   7.6043052e-01   6.8973600e+02
   7.5966346e-01   6.9073600e+02
   7.5890054e-01   6.9173600e+02
   7.5814173e-01   6.9273600e+02
   7.5738702e-01   6.9373600e+02
   7.5663638e-01   6.9473600e+02
   7.5588980e-01   6.9573600e+02
   7.5514725e-01   6.9673600e+02
   7.5440872e-01   6.9773600e+02
   7.5367419e-01   6.9873600e+02
   7.5294363e-01   6.9973600e+02
   7.5221704e-01   7.0073600e+02
   7.5149438e-01   7.0173600e+02
   7.5077564e-01   7.0273600e+02
   7.5006080e-01   7.0373600e+02
   7.4934985e-01   7.0473600e+02
   7.4864275e-01   7.0573600e+02
   7.4793949e-01   7.0673600e+02
   7.4724006e-01   7.0773600e+02
   7.4654443e-01   7.0873600e+02
   7.4585259e-01   7.0973600e+02
   7.4516451e-01   7.1073600e+02
   7.4448018e-01   7.1173600e+02
   7.4379957e-01   7.1273600e+02
   7.4312267e-01   7.1373600e+02
   7.4244947e-01   7.1473600e+02
   7.4177993e-01   7.1573600e+02
   7.4111404e-01   7.1673600e+02
   7.4045178e-01   7.1773600e+02
   7.3979314e-01   7.1873600e+02
   7.3913809e-01   7.1973600e+02
   7.3848662e-01   7.2073600e+02
   7.3783870e-01   7.2173600e+02
   7.3719432e-01   7.2273600e+02
   7.3655346e-01   7.2373600e+02
   7.3591610e-01   7.2473600e+02
   7.3528222e-01   7.2573600e+02
   7.3465181e-01   7.2673600e+02
   7.3402484e-01   7.2773600e+02
   7.3340129e-01   7.2873600e+02
   7.3278116e-01   7.2973600e+02
   7.3216441e-01   7.3073600e+02
   7.3155104e-01   7.3173600e+02
   7.3094101e-01   7.3273600e+02
   7.3033432e-01   7.3373600e+02
   7.2973095e-01   7.3473600e+02
   7.2913088e-01   7.3573600e+02
   7.2853408e-01   7.3673600e+02
   7.2794055e-01   7.3773600e+02
   7.2735026e-01   7.3873600e+02
   7.2676319e-01   7.3973600e+02
   7.2617933e-01   7.4073600e+02
   7.2559866e-01   7.4173600e+02
   7.2502117e-01   7.4273600e+02
   7.2444682e-01   7.4373600e+02
   7.2387562e-01   7.4473600e+02
   7.2330753e-01   7.4573600e+02
   7.2274254e-01   7.4673600e+02
   7.2218063e-01   7.4773600e+02
   7.2162179e-01   7.4873600e+02
   7.2106599e-01   7.4973600e+02
   7.2051323e-01   7.5073600e+02
   7.1996348e-01   7.5173600e+02
   7.1941672e-01   7.5273600e+02
   7.1887294e-01   7.5373600e+02
   7.1833212e-01   7.5473600e+02
   7.1779424e-01   7.5573600e+02
   7.1725929e-01   7.5673600e+02
   7.1672725e-01   7.5773600e+02
   7.1619810e-01   7.5873600e+02
   7.1567182e-01   7.5973600e+02
   7.1514840e-01   7.6073600e+02
   7.1462782e-01   7.6173600e+02
   7.1411007e-01   7.6273600e+02
   7.1359512e-01   7.6373600e+02
   7.1308296e-01   7.6473600e+02
   7.1257357e-01   7.6573600e+02
   7.1206694e-01   7.6673600e+02
   7.1156304e-01   7.6773600e+02
   7.1106187e-01   7.6873600e+02
   7.1056341e-01   7.6973600e+02
   7.1006764e-01   7.7073600e+02
   7.0957453e-01   7.7173600e+02
   7.0908409e-01   7.7273600e+02
   7.0859628e-01   7.7373600e+02
   7.0811110e-01   7.7473600e+02
   7.0762853e-01   7.7573600e+02
   7.0714855e-01   7.7673600e+02
   7.0667114e-01   7.7773600e+02
   7.0619629e-01   7.7873600e+02
   7.0572399e-01   7.7973600e+02
   7.0525421e-01   7.8073600e+02
   7.0478694e-01   7.8173600e+02
   7.0432217e-01   7.8273600e+02
   7.0385987e-01   7.8373600e+02
   7.0340004e-01   7.8473600e+02
   7.0294266e-01   7.8573600e+02
   7.0248771e-01   7.8673600e+02
   7.0203518e-01   7.8773600e+02
   7.0158504e-01   7.8873600e+02
   7.0113729e-01   7.8973600e+02
   7.0069191e-01   7.9073600e+02
   7.0024889e-01   7.9173600e+02
   6.9980820e-01   7.9273600e+02
   6.9936984e-01   7.9373600e+02
   6.9893379e-01   7.9473600e+02
   6.9850002e-01   7.9573600e+02
   6.9806854e-01   7.9673600e+02
   6.9763932e-01   7.9773600e+02
   6.9721235e-01   7.9873600e+02
   6.9678760e-01   7.9973600e+02
   6.9636508e-01   8.0073600e+02
   6.9594476e-01   8.0173600e+02
   6.9552663e-01   8.0273600e+02
   6.9511067e-01   8.0373600e+02
   6.9469686e-01   8.0473600e+02
   6.9428521e-01   8.0573600e+02
   6.9387568e-01   8.0673600e+02
   6.9346826e-01   8.0773600e+02
   6.9306295e-01   8.0873600e+02
   6.9265972e-01   8.0973600e+02
   6.9225856e-01   8.1073600e+02
   6.9185946e-01   8.1173600e+02
   6.9146240e-01   8.1273600e+02
   6.9106736e-01   8.1373600e+02
   6.9067435e-01   8.1473600e+02
   6.9028333e-01   8.1573600e+02
   6.8989429e-01   8.1673600e+02
   6.8950723e-01   8.1773600e+02
   6.8912213e-01   8.1873600e+02
   6.8873897e-01   8.1973600e+02
   6.8835774e-01   8.2073600e+02
   6.8797842e-01   8.2173600e+02
   6.8760101e-01   8.2273600e+02
   6.8722548e-01   8.2373600e+02
   6.8685183e-01   8.2473600e+02
   6.8648004e-01   8.2573600e+02
   6.8611010e-01   8.2673600e+02
   6.8574199e-01   8.2773600e+02
   6.8537570e-01   8.2873600e+02
   6.8501122e-01   8.2973600e+02
   6.8464854e-01   8.3073600e+02
   6.8428763e-01   8.3173600e+02
   6.8392849e-01   8.3273600e+02
   6.8357110e-01   8.3373600e+02
   6.8321546e-01   8.3473600e+02
   6.8286154e-01   8.3573600e+02
   6.8250934e-01   8.3673600e+02
   6.8215884e-01   8.3773600e+02
   6.8181002e-01   8.3873600e+02
   6.8146288e-01   8.3973600e+02
   6.8111741e-01   8.4073600e+02
   6.8077358e-01   8.4173600e+02
   6.8043140e-01   8.4273600e+02
   6.8009083e-01   8.4373600e+02
   6.7975188e-01   8.4473600e+02
   6.7941453e-01   8.4573600e+02
   6.7907877e-01   8.4673600e+02
   6.7874458e-01   8.4773600e+02
   6.7841195e-01   8.4873600e+02
   6.7808087e-01   8.4973600e+02
   6.7775132e-01   8.5073600e+02
   6.7742331e-01   8.5173600e+02
   6.7709680e-01   8.5273600e+02
   6.7677180e-01   8.5373600e+02
   6.7644828e-01   8.5473600e+02
   6.7612624e-01   8.5573600e+02
   6.7580567e-01   8.5673600e+02
   6.7548654e-01   8.5773600e+02
   6.7516886e-01   8.5873600e+02
   6.7485260e-01   8.5973600e+02
   6.7453777e-01   8.6073600e+02
   6.7422433e-01   8.6173600e+02
   6.7391229e-01   8.6273600e+02
   6.7360163e-01   8.6373600e+02
   6.7329234e-01   8.6473600e+02
   6.7298441e-01   8.6573600e+02
   6.7267782e-01   8.6673600e+02
   6.7237257e-01   8.6773600e+02
   6.7206865e-01   8.6873600e+02
   6.7176603e-01   8.6973600e+02
   6.7146472e-01   8.7073600e+02
   6.7116469e-01   8.7173600e+02
   6.7086594e-01   8.7273600e+02
   6.7056846e-01   8.7373600e+02
   6.7027224e-01   8.7473600e+02
   6.6997726e-01   8.7573600e+02
   6.6968352e-01   8.7673600e+02
   6.6939099e-01   8.7773600e+02
   6.6909968e-01   8.7873600e+02
   6.6880957e-01   8.7973600e+02
   6.6852065e-01   8.8073600e+02
   6.6823291e-01   8.8173600e+02
   6.6794633e-01   8.8273600e+02
   6.6766092e-01   8.8373600e+02
   6.6737665e-01   8.8473600e+02
   6.6709351e-01   8.8573600e+02
   6.6681150e-01   8.8673600e+02
   6.6653061e-01   8.8773600e+02
   6.6625082e-01   8.8873600e+02
   6.6597212e-01   8.8973600e+02
   6.6569451e-01   8.9073600e+02
   6.6541797e-01   8.9173600e+02
   6.6514250e-01   8.9273600e+02
   6.6486807e-01   8.9373600e+02
   6.6459469e-01   8.9473600e+02
   6.6432234e-01   8.9573600e+02
   6.6405101e-01   8.9673600e+02
   6.6378069e-01   8.9773600e+02
   6.6351138e-01   8.9873600e+02
   6.6324306e-01   8.9973600e+02
   6.6297571e-01   9.0073600e+02
   6.6270934e-01   9.0173600e+02
   6.6244393e-01   9.0273600e+02
   6.6217948e-01   9.0373600e+02
   6.6191596e-01   9.0473600e+02
   6.6165338e-01   9.0573600e+02
   6.6139172e-01   9.0673600e+02
   6.6113097e-01   9.0773600e+02
   6.6087113e-01   9.0873600e+02
   6.6061217e-01   9.0973600e+02
   6.6035411e-01   9.1073600e+02
   6.6009691e-01   9.1173600e+02
   6.5984059e-01   9.1273600e+02
   6.5958511e-01   9.1373600e+02
   6.5933049e-01   9.1473600e+02
   6.5907670e-01   9.1573600e+02
   6.5882374e-01   9.1673600e+02
   6.5857159e-01   9.1773600e+02
   6.5832026e-01   9.1873600e+02
   6.5806972e-01   9.1973600e+02
   6.5781998e-01   9.2073600e+02
   6.5757101e-01   9.2173600e+02
   6.5732282e-01   9.2273600e+02
   6.5707539e-01   9.2373600e+02
   6.5682872e-01   9.2473600e+02
   6.5658279e-01   9.2573600e+02
   6.5633760e-01   9.2673600e+02
   6.5609313e-01   9.2773600e+02
   6.5584939e-01   9.2873600e+02
   6.5560635e-01   9.2973600e+02
   6.5536401e-01   9.3073600e+02
   6.5512237e-01   9.3173600e+02
   6.5488141e-01   9.3273600e+02
   6.5464113e-01   9.3373600e+02
   6.5440151e-01   9.3473600e+02
   6.5416255e-01   9.3573600e+02
   6.5392424e-01   9.3673600e+02
   6.5368657e-01   9.3773600e+02
   6.5344953e-01   9.3873600e+02
   6.5321311e-01   9.3973600e+02
   6.5297731e-01   9.4073600e+02
   6.5274212e-01   9.4173600e+02
   6.5250753e-01   9.4273600e+02
   6.5227352e-01   9.4373600e+02
   6.5204010e-01   9.4473600e+02
   6.5180726e-01   9.4573600e+02
   6.5157497e-01   9.4673600e+02
   6.5134325e-01   9.4773600e+02
   6.5111208e-01   9.4873600e+02
   6.5088144e-01   9.4973600e+02
   6.5065134e-01   9.5073600e+02
   6.5042177e-01   9.5173600e+02
   6.5019271e-01   9.5273600e+02
   6.4996416e-01   9.5373600e+02
   6.4973612e-01   9.5473600e+02
   6.4950857e-01   9.5573600e+02
   6.4928150e-01   9.5673600e+02
   6.4905491e-01   9.5773600e+02
   6.4882879e-01   9.5873600e+02
   6.4860314e-01   9.5973600e+02
   6.4837794e-01   9.6073600e+02
   6.4815318e-01   9.6173600e+02
   6.4792887e-01   9.6273600e+02
   6.4770499e-01   9.6373600e+02
   6.4748153e-01   9.6473600e+02
   6.4725849e-01   9.6573600e+02
   6.4703586e-01   9.6673600e+02
   6.4681363e-01   9.6773600e+02
   6.4659179e-01   9.6873600e+02
   6.4637034e-01   9.6973600e+02
   6.4614927e-01   9.7073600e+02
   6.4592858e-01   9.7173600e+02
   6.4570825e-01   9.7273600e+02
   6.4548827e-01   9.7373600e+02
   6.4526865e-01   9.7473600e+02
   6.4504937e-01   9.7573600e+02
   6.4483042e-01   9.7673600e+02
   6.4461181e-01   9.7773600e+02
   6.4439351e-01   9.7873600e+02
   6.4417553e-01   9.7973600e+02
   6.4395786e-01   9.8073600e+02
   6.4374049e-01   9.8173600e+02
   6.4352341e-01   9.8273600e+02
   6.4330662e-01   9.8373600e+02
   6.4309011e-01   9.8473600e+02
   6.4287387e-01   9.8573600e+02
   6.4265790e-01   9.8673600e+02
   6.4244218e-01   9.8773600e+02
   6.4222672e-01   9.8873600e+02
   6.4201150e-01   9.8973600e+02
   6.4179652e-01   9.9073600e+02
   6.4158178e-01   9.9173600e+02
   6.4136725e-01   9.9273600e+02
   6.4115295e-01   9.9373600e+02
   6.4093886e-01   9.9473600e+02
   6.4072497e-01   9.9573600e+02
   6.4051128e-01   9.9673600e+02
   6.4029778e-01   9.9773600e+02
   6.4008447e-01   9.9873600e+02
   6.3987134e-01   9.9973600e+02
   6.3965837e-01   1.0007360e+03
   6.3944558e-01   1.0017360e+03
   6.3923294e-01   1.0027360e+03
   6.3902046e-01   1.0037360e+03
   6.3880812e-01   1.0047360e+03
   6.3859592e-01   1.0057360e+03
   6.3838386e-01   1.0067360e+03
   6.3817192e-01   1.0077360e+03
   6.3796011e-01   1.0087360e+03
   6.3774841e-01   1.0097360e+03
   6.3753681e-01   1.0107360e+03
   6.3732532e-01   1.0117360e+03
   6.3711393e-01   1.0127360e+03
   6.3690263e-01   1.0137360e+03
   6.3669141e-01   1.0147360e+03
   6.3648027e-01   1.0157360e+03
   6.3626919e-01   1.0167360e+03
   6.3605819e-01   1.0177360e+03
   6.3584724e-01   1.0187360e+03
   6.3563635e-01   1.0197360e+03
   6.3542551e-01   1.0207360e+03
   6.3521471e-01   1.0217360e+03
   6.3500394e-01   1.0227360e+03
   6.3479320e-01   1.0237360e+03
   6.3458249e-01   1.0247360e+03
   6.3437179e-01   1.0257360e+03
   6.3416111e-01   1.0267360e+03
   6.3395043e-01   1.0277360e+03
   6.3373975e-01   1.0287360e+03
   6.3352907e-01   1.0297360e+03
   6.3331837e-01   1.0307360e+03
   6.3310766e-01   1.0317360e+03
   6.3289693e-01   1.0327360e+03
   6.3268616e-01   1.0337360e+03
   6.3247537e-01   1.0347360e+03
   6.3226453e-01   1.0357360e+03
   6.3205365e-01   1.0367360e+03
   6.3184272e-01   1.0377360e+03
   6.3163173e-01   1.0387360e+03
   6.3142068e-01   1.0397360e+03
   6.3120956e-01   1.0407360e+03
   6.3099837e-01   1.0417360e+03
   6.3078709e-01   1.0427360e+03
   6.3057574e-01   1.0437360e+03
   6.3036429e-01   1.0447360e+03
   6.3015275e-01   1.0457360e+03
