1.93104630981469	-481.38424
1.93023902422143	-480.88424
1.92943026065248	-480.38424
1.92861995368673	-479.88424
1.92780829865166	-479.38424
1.92699523016113	-478.88424
1.92618068758111	-478.38424
1.92536466697051	-477.88424
1.92454736899309	-477.38424
1.92372846680033	-476.88424
1.9229082228046	-476.38424
1.92208657145482	-475.88424
1.92126338553093	-475.38424
1.92043879433914	-474.88424
1.91961286582979	-474.38424
1.91878553434333	-473.88424
1.91795660567459	-473.38424
1.91712641012667	-472.88424
1.91629474803482	-472.38424
1.91546168751474	-471.88424
1.91462722975695	-471.38424
1.91379137596793	-470.88424
1.91295406602284	-470.38424
1.91211529530406	-469.88424
1.91127513222102	-469.38424
1.91043377398576	-468.88424
1.90959083007092	-468.38424
1.90874649765441	-467.88424
1.90790077805619	-467.38424
1.90705354390144	-466.88424
1.90620498640775	-466.38424
1.90535511328217	-465.88424
1.90450379079968	-465.38424
1.90365108789596	-464.88424
1.90279700598896	-464.38424
1.90194147876959	-463.88424
1.90108457534864	-463.38424
1.90022629719352	-462.88424
1.8993666457881	-462.38424
1.89850568365021	-461.88424
1.89764322228924	-461.38424
1.89677945312033	-460.88424
1.89591431667567	-460.38424
1.89504781452152	-459.88424
1.89417988012406	-459.38424
1.89331051495924	-458.88424
1.89243991778189	-458.38424
1.8915678321182	-457.88424
1.89069444948019	-457.38424
1.88981977146493	-456.88424
1.88894360977995	-456.38424
1.88806615597152	-455.88424
1.88718735096143	-455.38424
1.88630725718205	-454.88424
1.88542561790805	-454.38424
1.88454269317005	-453.88424
1.88365855328543	-453.38424
1.88277300220477	-452.88424
1.88188604162341	-452.38424
1.88099780253284	-451.88424
1.88010822618293	-451.38424
1.87921724563173	-450.88424
1.87832492311556	-450.38424
1.87743126878066	-449.88424
1.87653634496512	-449.38424
1.87564015352442	-448.88424
1.87474250658804	-448.38424
1.87384365615258	-447.88424
1.87294341432793	-447.38424
1.87204178299727	-446.88424
1.87113889348672	-446.38424
1.87023474774965	-445.88424
1.86932921830705	-445.38424
1.86842243657037	-444.88424
1.86751427507151	-444.38424
1.86660479591079	-443.88424
1.86569413981791	-443.38424
1.86478204056961	-442.88424
1.86386869908189	-442.38424
1.86295404791489	-441.88424
1.86203809864868	-441.38424
1.86112084382413	-440.88424
1.86020235509891	-440.38424
1.85928243538753	-439.88424
1.85836148527936	-439.38424
1.85743903868208	-438.88424
1.85651543650693	-438.38424
1.85559041182974	-437.88424
1.85466422593031	-437.38424
1.85373676158841	-436.88424
1.8528080705232	-436.38424
1.85187803555937	-435.88424
1.85094678859379	-435.38424
1.85001413225238	-434.88424
1.8490803279909	-434.38424
1.84814531856685	-433.88424
1.84720897670632	-433.38424
1.84627142362306	-432.88424
1.84533267236485	-432.38424
1.84439252540104	-431.88424
1.84345131467435	-431.38424
1.84250871295906	-430.88424
1.84156498191349	-430.38424
1.84061986458857	-429.88424
1.83967369316992	-429.38424
1.83872614032419	-428.88424
1.8377773972407	-428.38424
1.83682754835864	-427.88424
1.83587638445647	-427.38424
1.83492397855715	-426.88424
1.83397033314354	-426.38424
1.83301565113061	-425.88424
1.83205953424111	-425.38424
1.83110238587532	-424.88424
1.83014393731343	-424.38424
1.82918426190117	-423.88424
1.8282234331482	-423.38424
1.82726144150583	-422.88424
1.82629823080867	-422.38424
1.82533380368915	-421.88424
1.82436816279652	-421.38424
1.82340144045732	-420.88424
1.82243343854308	-420.38424
1.82146430200723	-419.88424
1.82049402088998	-419.38424
1.81952253941092	-418.88424
1.81854978902921	-418.38424
1.81757604469309	-417.88424
1.81660103692166	-417.38424
1.81562489803621	-416.88424
1.8146475725375	-416.38424
1.81366906325714	-415.88424
1.81268950265751	-415.38424
1.81170869243882	-414.88424
1.81072676497801	-414.38424
1.80974373667208	-413.88424
1.80875952519466	-413.38424
1.80777427660477	-412.88424
1.80678786425362	-412.38424
1.80580021935436	-411.88424
1.80481147434071	-411.38424
1.80382170390033	-410.88424
1.80283070962466	-410.38424
1.80183869586078	-409.88424
1.80084546417997	-409.38424
1.79985114705492	-408.88424
1.7988557474322	-408.38424
1.79785934030095	-407.88424
1.79686172719582	-407.38424
1.79586304061497	-406.88424
1.79486315410451	-406.38424
1.79386227233785	-405.88424
1.79286032625996	-405.38424
1.79185731892679	-404.88424
1.79085318114434	-404.38424
1.789847931092	-403.88424
1.78884170140267	-403.38424
1.78783435056279	-402.88424
1.78682595400526	-402.38424
1.7858165148792	-401.88424
1.78480590701033	-401.38424
1.7837942629452	-400.88424
1.78278171519026	-400.38424
1.7817680083213	-399.88424
1.78075327488963	-399.38424
1.77973751813712	-398.88424
1.77872066865604	-398.38424
1.77770287501567	-397.88424
1.77668399514133	-397.38424
1.77566410500091	-396.88424
1.77464300593144	-396.38424
1.77362110521327	-395.88424
1.77259813136953	-395.38424
1.77157416055962	-394.88424
1.77054912323804	-394.38424
1.76952309565949	-393.88424
1.76849621031391	-393.38424
1.76746813942601	-392.88424
1.76643908849118	-392.38424
1.76540918998818	-391.88424
1.76437824520843	-391.38424
1.76334625754134	-390.88424
1.76231337675002	-390.38424
1.76127938681175	-389.88424
1.76024443755157	-389.38424
1.75920858814386	-388.88424
1.75817178641398	-388.38424
1.75713396260039	-387.88424
1.75609532240378	-387.38424
1.75505553833164	-386.88424
1.7540148715645	-386.38424
1.75297332557607	-385.88424
1.75193071984573	-385.38424
1.75088724203592	-384.88424
1.74984276696022	-384.38424
1.74879750047864	-383.88424
1.74775124395981	-383.38424
1.74670405602188	-382.88424
1.74565583027779	-382.38424
1.74460688259208	-381.88424
1.74355683082181	-381.38424
1.74250613808406	-380.88424
1.74145427492132	-380.38424
1.74040157581805	-379.88424
1.73934811827957	-379.38424
1.73829362987553	-378.88424
1.73723831658758	-378.38424
1.73618205373873	-377.88424
1.7351249734638	-377.38424
1.73406695116798	-376.88424
1.73300811895923	-376.38424
1.73194835232592	-375.88424
1.73088778334796	-375.38424
1.72982634168785	-374.88424
1.72876410519064	-374.38424
1.72770094951344	-373.88424
1.72663687856023	-373.38424
1.72557207819287	-372.88424
1.72450637022371	-372.38424
1.72343975859894	-371.88424
1.72237250326772	-371.38424
1.72130427775174	-370.88424
1.72023521388675	-370.38424
1.71916546429035	-369.88424
1.71809475624892	-369.38424
1.71702334938154	-368.88424
1.71595106632677	-368.38424
1.7148779644052	-367.88424
1.7138041220416	-367.38424
1.71272941551563	-366.88424
1.71165395508924	-366.38424
1.71057771308327	-365.88424
1.7095007249798	-365.38424
1.70842288875216	-364.88424
1.70734426138891	-364.38424
1.70626492159507	-363.88424
1.70518479869245	-363.38424
1.70410389668658	-362.88424
1.70302242179436	-362.38424
1.70194004847109	-361.88424
1.70085683333229	-361.38424
1.6997730050062	-360.88424
1.69868834298897	-360.38424
1.69760292621903	-359.88424
1.69651683375182	-359.38424
1.69543012191971	-358.88424
1.69434246551605	-358.38424
1.69325427290765	-357.88424
1.69216521908973	-357.38424
1.69107556229968	-356.88424
1.6899851796433	-356.38424
1.68889407529926	-355.88424
1.68780238032438	-355.38424
1.68670976995829	-354.88424
1.68561665246578	-354.38424
1.68452283004065	-353.88424
1.68342823165477	-353.38424
1.68233306343983	-352.88424
1.68123720291135	-352.38424
1.6801406543427	-351.88424
1.67904342201909	-351.38424
1.6779455613472	-350.88424
1.67684702539321	-350.38424
1.67574781847694	-349.88424
1.67464807130162	-349.38424
1.67354758626708	-348.88424
1.67244656945065	-348.38424
1.67134482331206	-347.88424
1.67024242771347	-347.38424
1.66913951319736	-346.88424
1.66803588231585	-346.38424
1.66693174110191	-345.88424
1.66582689217065	-345.38424
1.6647214155582	-344.88424
1.6636154918724	-344.38424
1.66250882328933	-343.88424
1.66140171618622	-343.38424
1.66029379731342	-342.88424
1.65918552425773	-342.38424
1.65807657402461	-341.88424
1.656967026887	-341.38424
1.65585693711358	-340.88424
1.65474630902407	-340.38424
1.65363502143588	-339.88424
1.65252328021873	-339.38424
1.65141101384346	-338.88424
1.65029810130111	-338.38424
1.64918467242519	-337.88424
1.64807073159441	-337.38424
1.646956359229	-336.88424
1.64584135856556	-336.38424
1.644725859282	-335.88424
1.64360978969872	-335.38424
1.64249318139054	-334.88424
1.64137608784089	-334.38424
1.64025863841649	-333.88424
1.63914058767743	-333.38424
1.63802194023943	-332.88424
1.63690295026552	-332.38424
1.63578329640637	-331.88424
1.63466338510272	-331.38424
1.63354289524991	-330.88424
1.63242187976901	-330.38424
1.6313004194409	-329.88424
1.630178643247	-329.38424
1.62905630675847	-328.88424
1.62793346264219	-328.38424
1.62681026819926	-327.88424
1.62568657520126	-327.38424
1.62456226397036	-326.88424
1.62343774038145	-326.38424
1.6223128559506	-325.88424
1.62118736700117	-325.38424
1.62006155525384	-324.88424
1.61893527229597	-324.38424
1.61780852268908	-323.88424
1.61668151138449	-323.38424
1.61555391875856	-322.88424
1.61442607356339	-322.38424
1.61329785664665	-321.88424
1.61216919601355	-321.38424
1.61104009627485	-320.88424
1.60991076220315	-320.38424
1.60878099819391	-319.88424
1.60765076225884	-319.38424
1.60652027565273	-318.88424
1.60538940321179	-318.38424
1.60425816588538	-317.88424
1.6031265985897	-317.38424
1.60199462923575	-316.88424
1.6008622625044	-316.38424
1.59972970287374	-315.88424
1.59859667829901	-315.38424
1.59746347002105	-314.88424
1.59632988296027	-314.38424
1.59519592183402	-313.88424
1.59406171400716	-313.38424
1.59292721840312	-312.88424
1.59179240839147	-312.38424
1.59065724301321	-311.88424
1.58952192641958	-311.38424
1.58838606452821	-310.88424
1.5872501831308	-310.38424
1.5861138881537	-309.88424
1.58497726139493	-309.38424
1.58384042972801	-308.88424
1.58270339775862	-308.38424
1.58156604813613	-307.88424
1.58042850756477	-307.38424
1.5792905816858	-306.88424
1.57815255136543	-306.38424
1.57701426693062	-305.88424
1.57587568852164	-305.38424
1.57473686534861	-304.88424
1.57359783494398	-304.38424
1.57245856917932	-303.88424
1.57131907267067	-303.38424
1.57017938325022	-302.88424
1.56903951649892	-302.38424
1.56789946631286	-301.88424
1.56675908299255	-301.38424
1.56561869082277	-300.88424
1.5644779749694	-300.38424
1.5633371385643	-299.88424
1.56219610894111	-299.38424
1.56105489076277	-298.88424
1.55991344536306	-298.38424
1.5587720189795	-297.88424
1.5576302975193	-297.38424
1.55648840639313	-296.88424
1.55534642773637	-296.38424
1.55420428881884	-295.88424
1.55306199433644	-295.38424
1.55191954898958	-294.88424
1.55077691479745	-294.38424
1.54963425943582	-293.88424
1.54849154488943	-293.38424
1.54734850085561	-292.88424
1.54620552715055	-292.38424
1.54506243092436	-291.88424
1.54391913933023	-291.38424
1.54277577012913	-290.88424
1.54163233480314	-290.38424
1.54048879589844	-289.88424
1.53934515816029	-289.38424
1.53820150397421	-288.88424
1.5370578021814	-288.38424
1.53591389639234	-287.88424
1.53477002999511	-287.38424
1.53362604694925	-286.88424
1.53248203501094	-286.38424
1.53133795741352	-285.88424
1.53019386013465	-285.38424
1.52904966545803	-284.88424
1.5279055382273	-284.38424
1.52676128655452	-283.88424
1.52561699295226	-283.38424
1.52447278076726	-282.88424
1.52332853608619	-282.38424
1.52218418591163	-281.88424
1.52103981281035	-281.38424
1.51989553984683	-280.88424
1.51875117558906	-280.38424
1.51760692075995	-279.88424
1.51646266190082	-279.38424
1.51531832596968	-278.88424
1.51417411350378	-278.38424
1.51302983340334	-277.88424
1.51188568608001	-277.38424
1.51074148056839	-276.88424
1.50959741715319	-276.38424
1.50845330500425	-275.88424
1.50730922683435	-275.38424
1.50616522691238	-274.88424
1.5050213098121	-274.38424
1.50387744083527	-273.88424
1.50273366400152	-273.38424
1.50158994478519	-272.88424
1.50044624907131	-272.38424
1.49930262045811	-271.88424
1.49815918061585	-271.38424
1.49701577816725	-270.88424
1.49587245699452	-270.38424
1.49472926053163	-269.88424
1.49358619336482	-269.38424
1.49244314363539	-268.88424
1.49130042693169	-268.38424
1.49015754268436	-267.88424
1.48901500065598	-267.38424
1.48787241685117	-266.88424
1.48673006824965	-266.38424
1.48558780332946	-265.88424
1.48444578280989	-265.38424
1.48330381740471	-264.88424
1.48216194959468	-264.38424
1.48102034014149	-263.88424
1.47987883745626	-263.38424
1.47873752422009	-262.88424
1.47759636771957	-262.38424
1.47645536912796	-261.88424
1.4753145366188	-261.38424
1.47417402727223	-260.88424
1.4730335371035	-260.38424
1.47189326409193	-259.88424
1.47075321283041	-259.38424
1.46961338791141	-258.88424
1.46847383054296	-258.38424
1.4673343938323	-257.88424
1.46619511905699	-257.38424
1.46505608896809	-256.88424
1.46391730815568	-256.38424
1.4627788173919	-255.88424
1.46164047062179	-255.38424
1.46050230868822	-254.88424
1.45936452848721	-254.38424
1.45822702031747	-253.88424
1.457089632345	-253.38424
1.45595260376822	-252.88424
1.45481570452904	-252.38424
1.45367909562801	-251.88424
1.45254289527248	-251.38424
1.45140680247501	-250.88424
1.45027104897188	-250.38424
1.44913552570132	-249.88424
1.44800042876178	-249.38424
1.44686557102141	-248.88424
1.44573095704138	-248.38424
1.44459659138171	-247.88424
1.44346255685594	-247.38424
1.44232889264665	-246.88424
1.44119560305674	-246.38424
1.4400624669776	-245.88424
1.43892971445549	-245.38424
1.43779723725209	-244.88424
1.43666523063899	-244.38424
1.43553343000217	-243.88424
1.4344021087136	-243.38424
1.43327100231503	-242.88424
1.43214027190375	-242.38424
1.43100987748338	-241.88424
1.42987990161406	-241.38424
1.42875023672117	-240.88424
1.42762088733779	-240.38424
1.4264919696761	-239.88424
1.4253634880067	-239.38424
1.42423533508837	-238.88424
1.42310743714946	-238.38424
1.42198006663663	-237.88424
1.42085307121752	-237.38424
1.41972645514494	-236.88424
1.41860026819262	-236.38424
1.41747435827266	-235.88424
1.41634902999677	-235.38424
1.41522398741527	-234.88424
1.41409931333135	-234.38424
1.4129752335259	-233.88424
1.411851452561	-233.38424
1.41072805323293	-232.88424
1.40960518248398	-232.38424
1.4084827019986	-231.88424
1.40736064815888	-231.38424
1.40623910348623	-230.88424
1.4051179938901	-230.38424
1.40399729194641	-229.88424
1.40287714352227	-229.38424
1.40175741133603	-228.88424
1.40063813122204	-228.38424
1.39951930737666	-227.88424
1.39840094399272	-227.38424
1.39728301415221	-226.88424
1.39616566264164	-226.38424
1.39504875321539	-225.88424
1.39393235200185	-225.38424
1.39281640139998	-224.88424
1.39170104547272	-224.38424
1.39058607037367	-223.88424
1.3894715893157	-223.38424
1.38835779343907	-222.88424
1.38724431284183	-222.38424
1.38613152554644	-221.88424
1.38501906200828	-221.38424
1.38390729987495	-220.88424
1.38279594823963	-220.38424
1.38168514953586	-219.88424
1.38057495611343	-219.38424
1.37946521554442	-218.88424
1.37835608849431	-218.38424
1.37724753032879	-217.88424
1.37613948601781	-217.38424
1.37503201863056	-216.88424
1.3739251027414	-216.38424
1.37281866419067	-215.88424
1.37171286358278	-215.38424
1.370607655745	-214.88424
1.36950301558338	-214.38424
1.36839894717405	-213.88424
1.36729548332481	-213.38424
1.36619257054076	-212.88424
1.3650901920374	-212.38424
1.36398858630162	-211.88424
1.36288749404132	-211.38424
1.36178699753327	-210.88424
1.36068702260223	-210.38424
1.35958775784199	-209.88424
1.35848902255677	-209.38424
1.35739100513791	-208.88424
1.35629352507094	-208.38424
1.35519677054393	-207.88424
1.35410056122416	-207.38424
1.35300490112797	-206.88424
1.35190997813717	-206.38424
1.35081579596627	-205.88424
1.34972217464753	-205.38424
1.34862922359003	-204.88424
1.34753684118381	-204.38424
1.34644510956626	-203.88424
1.34535408667712	-203.38424
1.34426380028921	-202.88424
1.3431740199248	-202.38424
1.34208493255231	-201.88424
1.34099661997465	-201.38424
1.33990890305251	-200.88424
1.33882189031005	-200.38424
1.3377355854064	-199.88424
1.3366499919946	-199.38424
1.3355650875155	-198.88424
1.33448082390052	-198.38424
1.33339717877084	-197.88424
1.332314364078	-197.38424
1.33123225337683	-196.88424
1.33015079825277	-196.38424
1.32907008039125	-195.88424
1.32798999974712	-195.38424
1.32691066375216	-194.88424
1.32583217945773	-194.38424
1.3247543434316	-193.88424
1.32367718478511	-193.38424
1.32260068194366	-192.88424
1.32152512293107	-192.38424
1.32045017401383	-191.88424
1.31937596986072	-191.38424
1.3183025639186	-190.88424
1.31722983201923	-190.38424
1.316157983209	-189.88424
1.31508673772434	-189.38424
1.31401627976825	-188.88424
1.3129466372427	-188.38424
1.31187776478087	-187.88424
1.31080963665056	-187.38424
1.30974220783962	-186.88424
1.3086756860292	-186.38424
1.30760979278313	-185.88424
1.30654481330939	-185.38424
1.30548057122741	-184.88424
1.30441707001739	-184.38424
1.30335439101825	-183.88424
1.30229263906136	-183.38424
1.30123145900595	-182.88424
1.30017121269745	-182.38424
1.29911180216168	-181.88424
1.29805307517005	-181.38424
1.296995190802	-180.88424
1.29593817547731	-180.38424
1.29488190866018	-179.88424
1.29382654035868	-179.38424
1.29277192735772	-178.88424
1.29171819643729	-178.38424
1.29066525035039	-177.88424
1.28961309247782	-177.38424
1.28856182635431	-176.88424
1.28751143271594	-176.38424
1.2864617594698	-175.88424
1.28541298757485	-175.38424
1.28436509799821	-174.88424
1.28331803837365	-174.38424
1.28227178985364	-173.88424
1.28122643341708	-173.38424
1.28018191645406	-172.88424
1.27913831965407	-172.38424
1.27809554681917	-171.88424
1.27705360124045	-171.38424
1.27601258522279	-170.88424
1.27497232523933	-170.38424
1.27393309983419	-169.88424
1.27289461548874	-169.38424
1.27185707302292	-168.88424
1.27082047539608	-168.38424
1.26978464957563	-167.88424
1.26874977470293	-167.38424
1.26771577620402	-166.88424
1.26668263637516	-166.38424
1.26565045649183	-165.88424
1.26461923946595	-165.38424
1.263588735399	-164.88424
1.26255927767783	-164.38424
1.2615307142798	-163.88424
1.2605029505282	-163.38424
1.25947616452846	-162.88424
1.25845035914438	-162.38424
1.25742545984489	-161.88424
1.25640146951558	-161.38424
1.25537837127789	-160.88424
1.25435618792282	-160.38424
1.25333492231223	-159.88424
1.25231465462216	-159.38424
1.25129531035033	-158.88424
1.25027679569371	-158.38424
1.24925938414177	-157.88424
1.24824273075187	-157.38424
1.24722718588512	-156.88424
1.24621255950136	-156.38424
1.24519879635124	-155.88424
1.24418597647983	-155.38424
1.2431742758434	-154.88424
1.24216342794361	-154.38424
1.24115353161478	-153.88424
1.24014458961378	-153.38424
1.23913660468931	-152.88424
1.23812959794894	-152.38424
1.23712353530981	-151.88424
1.23611843794406	-151.38424
1.23511440377945	-150.88424
1.23411134012101	-150.38424
1.23310915464631	-149.88424
1.23210796314066	-149.38424
1.23110782727227	-148.88424
1.23010869037836	-148.38424
1.22911044260154	-147.88424
1.22811327597626	-147.38424
1.22711700396501	-146.88424
1.22612174125036	-146.38424
1.22512756716391	-145.88424
1.22413429571374	-145.38424
1.22314211794094	-144.88424
1.22215086529881	-144.38424
1.22116071119001	-143.88424
1.22017139348713	-143.38424
1.21918317933024	-142.88424
1.2181960710074	-142.38424
1.21720980698288	-141.88424
1.2162247471596	-141.38424
1.2152405368014	-140.88424
1.21425744197772	-140.38424
1.2132752950625	-139.88424
1.2122942683864	-139.38424
1.21131419452841	-138.88424
1.21033516887764	-138.38424
1.20935717763983	-137.88424
1.20838023927878	-137.38424
1.20740434014009	-136.88424
1.20642940605707	-136.38424
1.20545553190294	-135.88424
1.20448271989638	-135.38424
1.20351095666159	-134.88424
1.2025402601424	-134.38424
1.2015705405488	-133.88424
1.20060189223862	-133.38424
1.19963439390728	-132.88424
1.19866780296887	-132.38424
1.1977023664923	-131.88424
1.19673801011031	-131.38424
1.19577456809976	-130.88424
1.19481228711723	-130.38424
1.19385109282185	-129.88424
1.19289089619785	-129.38424
1.19193179067652	-128.88424
1.19097377835857	-128.38424
1.19001677048559	-127.88424
1.18906087461071	-127.38424
1.18810606387228	-126.88424
1.18715235484368	-126.38424
1.18619967331089	-125.88424
1.18524800725207	-125.38424
1.18429753956262	-124.88424
1.18334809160934	-124.38424
1.18239967959711	-123.88424
1.1814524579586	-123.38424
1.1805062763208	-122.88424
1.17956113673778	-122.38424
1.17861719350617	-121.88424
1.17767429633835	-121.38424
1.17673235772823	-120.88424
1.17579163492997	-120.38424
1.17485204027078	-119.88424
1.17391357569817	-119.38424
1.17297600196538	-118.88424
1.17203972751208	-118.38424
1.17110451300007	-117.88424
1.1701703604	-117.38424
1.16923734761008	-116.88424
1.16830540060994	-116.38424
1.16737459724234	-115.88424
1.16644486350854	-115.38424
1.1655163656095	-114.88424
1.1645888526473	-114.38424
1.16366250326875	-113.88424
1.16273723096365	-113.38424
1.16181311340696	-112.88424
1.16089007666656	-112.38424
1.15996821047676	-111.88424
1.15904742866619	-111.38424
1.15812780879664	-110.88424
1.15720927698165	-110.38424
1.15629192255083	-109.88424
1.15537557227877	-109.38424
1.1544604901698	-108.88424
1.15354641586784	-108.38424
1.15263352569072	-107.88424
1.15172180970036	-107.38424
1.15081120548439	-106.88424
1.14990170329355	-106.38424
1.1489933804023	-105.88424
1.14808617421948	-105.38424
1.14718007518632	-104.88424
1.14627517152403	-104.38424
1.14537137832464	-103.88424
1.14446869732431	-103.38424
1.14356721644296	-102.88424
1.14266686177376	-102.38424
1.14176762413614	-101.88424
1.14086950523289	-101.38424
1.13997259258322	-100.88424
1.1390768875979	-100.38424
1.13818223079371	-99.884242
1.13728878467687	-99.384242
1.13639647543235	-98.884242
1.13550529431559	-98.384242
1.13461524297093	-97.884242
1.13372649340304	-97.384242
1.13283871629723	-96.884242
1.13195216861734	-96.384242
1.13106675674237	-95.884242
1.13018256709469	-95.384242
1.12929952596771	-94.884242
1.12841763474024	-94.384242
1.12753688522009	-93.884242
1.12665736343271	-93.384242
1.12577891136198	-92.884242
1.12490169917614	-92.384242
1.12402555957442	-91.884242
1.12315065312598	-91.384242
1.12227690623674	-90.884242
1.12140439505001	-90.384242
1.12053297119495	-89.884242
1.11966270187289	-89.384242
1.11879375586168	-88.884242
1.11792581752847	-88.384242
1.11705904666383	-87.884242
1.11619351922817	-87.384242
1.11532924502492	-86.884242
1.11446605865412	-86.384242
1.11360404473132	-85.884242
1.11274320449312	-85.384242
1.11188353916831	-84.884242
1.11102504997783	-84.384242
1.11016781266658	-83.884242
1.10931167935324	-83.384242
1.10845672579017	-82.884242
1.10760295316706	-82.384242
1.10675044505096	-81.884242
1.10589903775638	-81.384242
1.10504882273884	-80.884242
1.10419986757935	-80.384242
1.10335194263953	-79.884242
1.10250536192252	-79.384242
1.1016599776304	-78.884242
1.1008156271709	-78.384242
1.09997262384924	-77.884242
1.09913065681728	-77.384242
1.09828996471207	-76.884242
1.09745054836476	-76.384242
1.09661217180523	-75.884242
1.09577507304513	-75.384242
1.09493909764334	-74.884242
1.09410440187581	-74.384242
1.09327082460363	-73.884242
1.09243845486394	-73.384242
1.09160729350837	-72.884242
1.09077740865164	-72.384242
1.0899485793628	-71.884242
1.08912095468358	-71.384242
1.08829461606621	-70.884242
1.08746949036412	-70.384242
1.08664549812141	-69.884242
1.08582271424167	-69.384242
1.08500114598185	-68.884242
1.08418071412648	-68.384242
1.08336149963228	-67.884242
1.08254349718511	-67.384242
1.08172671376215	-66.884242
1.08091114415936	-66.384242
1.08009672154793	-65.884242
1.07928351455005	-65.384242
1.07847152986518	-64.884242
1.07766076822335	-64.384242
1.07685115112709	-63.884242
1.07604283222794	-63.384242
1.07523558607838	-62.884242
1.0744295661678	-62.384242
1.07362484665745	-61.884242
1.07282128127753	-61.384242
1.0720189389134	-60.884242
1.07121775225749	-60.384242
1.07041779025179	-59.884242
1.06961906394933	-59.384242
1.06882149041711	-58.884242
1.06802514883263	-58.384242
1.06722996164681	-57.884242
1.06643608595467	-57.384242
1.06564329287846	-56.884242
1.06485180767456	-56.384242
1.06406148455698	-55.884242
1.06327239734261	-55.384242
1.062484395844	-54.884242
1.06169778233491	-54.384242
1.06091225593926	-53.884242
1.06012797241177	-53.384242
1.05934492348223	-52.884242
1.05856304118576	-52.384242
1.05778232615796	-51.884242
1.05700285195483	-51.384242
1.05622469612016	-50.884242
1.05544763223307	-50.384242
1.05467181083532	-49.884242
1.05389715962872	-49.384242
1.05312367920945	-48.884242
1.05235144293676	-48.384242
1.05158052781009	-47.884242
1.05081070853563	-47.384242
1.05004213859053	-46.884242
1.04927466579896	-46.384242
1.04850851592784	-45.884242
1.04774361312053	-45.384242
1.04697981267333	-44.884242
1.04621726031908	-44.384242
1.0454559598063	-43.884242
1.04469575992138	-43.384242
1.04393681275573	-42.884242
1.04317911544469	-42.384242
1.04242267148633	-41.884242
1.04166733030521	-41.384242
1.04091324330452	-40.884242
1.04016033547524	-40.384242
1.03940868246422	-39.884242
1.03865813433158	-39.384242
1.03790884179536	-38.884242
1.03716080507096	-38.384242
1.03641402173863	-37.884242
1.0356683478051	-37.384242
1.03492385594881	-36.884242
1.03418062119858	-36.384242
1.0334386437402	-35.884242
1.03269777725341	-35.384242
1.03195816632808	-34.884242
1.03121974152597	-34.384242
1.03048250089717	-33.884242
1.02974651894514	-33.384242
1.02901172179881	-32.884242
1.02827818378727	-32.384242
1.02754575930987	-31.884242
1.02681459445683	-31.384242
1.02608454383274	-30.884242
1.02535575329939	-30.384242
1.02462814943596	-29.884242
1.02390187950781	-29.384242
1.0231766515357	-28.884242
1.02245268607194	-28.384242
1.02172990827981	-27.884242
1.02100839162352	-27.384242
1.02028799152679	-26.884242
1.01956878136556	-26.384242
1.01885083284186	-25.884242
1.01813407320514	-25.384242
1.01741857673629	-24.884242
1.01670419802091	-24.384242
1.01599100886591	-23.884242
1.01527901173493	-23.384242
1.01456827589594	-22.884242
1.01385865982153	-22.384242
1.01315030635335	-21.884242
1.0124431442183	-21.384242
1.01173717351724	-20.884242
1.0110323935598	-20.384242
1.01032887726867	-19.884242
1.00962640957708	-19.384242
1.00892520498066	-18.884242
1.00822519234364	-18.384242
1.00752651446371	-17.884242
1.006828885841	-17.384242
1.0061324493695	-16.884242
1.0054372761142	-16.384242
1.00474322407209	-15.884242
1.00405029308447	-15.384242
1.00335876784088	-14.884242
1.00266829276835	-14.384242
1.001979010091	-13.884242
1.00129091983156	-13.384242
1.00060402200764	-12.884242
0.999918316631774	-12.384242
0.999233803657181	-11.884242
0.998550553769229	-11.384242
0.997868354940112	-10.884242
0.997187419085298	-10.384242
0.996507675569495	-9.8842418
0.995829053765029	-9.3842418
0.995151765137923	-8.8842418
0.994475527524577	-8.3842418
0.99380048255063	-7.8842418
0.993126699362094	-7.3842418
0.992454038210315	-6.8842418
0.9917825685559	-6.3842418
0.991112221049855	-5.8842418
0.990443134602867	-5.3842418
0.989775170244404	-4.8842418
0.989108467244814	-4.3842418
0.988442885535595	-3.8842418
0.987778494531937	-3.3842418
0.987115294919463	-2.8842418
0.986453216408961	-2.3842418
0.985792398350666	-1.8842418
0.985132701176125	-1.3842418
0.984474264017865	-0.88424184
0.98381687741989	-0.38424184
0.983160681564939	0.11575816
0.982505745143099	0.61575816
0.981851927813987	1.1157582
0.98119930069294	1.6157582
0.980547793712403	2.1157582
0.979897475334481	2.6157582
0.979248345288348	3.1157582
0.978600404793962	3.6157582
0.977953583883217	4.1157582
0.97730794912037	4.6157582
0.976663435205293	5.1157582
0.976020176652402	5.6157582
0.975378036968076	6.1157582
0.974737083988339	6.6157582
0.974097249567814	7.1157582
0.973458601387044	7.6157582
0.97282113913411	8.1157582
0.972184862493166	8.6157582
0.971549634068242	9.1157582
0.970915660314483	9.6157582
0.970282734476092	10.115758
0.969651130066	10.615758
0.96902057310857	11.115758
0.968391200135205	11.615758
0.967763010802321	12.115758
0.967135935443501	12.615758
0.966509976117406	13.115758
0.965885199581895	13.615758
0.96526167230241	14.115758
0.9646391909953	14.615758
0.964017891449822	15.115758
0.963397637546481	15.615758
0.962778631400695	16.115758
0.962160805953646	16.615758
0.961544091773598	17.115758
0.960928491261747	17.615758
0.960314136746926	18.115758
0.959700757340405	18.615758
0.959088692049109	19.115758
0.958477667430538	19.615758
0.957867755032777	20.115758
0.957259086455774	20.615758
0.956651526439455	21.115758
0.956045074659367	21.615758
0.955439799537122	22.115758
0.954835631931305	22.615758
0.954232571506799	23.115758
0.953630617924973	23.615758
0.953029904878156	24.115758
0.952430232450455	24.615758
0.951831731033945	25.115758
0.951234403409153	25.615758
0.950638112113278	26.115758
0.950043058890428	26.615758
0.949449041196086	27.115758
0.948856195589832	27.615758
0.948264453224428	28.115758
0.947673813727097	28.615758
0.947084341432518	29.115758
0.946495971112401	29.615758
0.945908766957206	30.115758
0.945322599365862	30.615758
0.944737661462513	31.115758
0.944153759341368	31.615758
0.943571021409883	32.115758
0.942989314719564	32.615758
0.942408839288505	33.115758
0.941829394215462	33.615758
0.941251047205678	34.115758
0.940673925763893	34.615758
0.940097769435124	35.115758
0.939522841603732	35.615758
0.938948941997811	36.115758
0.938376201842155	36.615758
0.937804552667425	37.115758
0.937233998188823	37.615758
0.936664537972919	38.115758
0.936096230672216	38.615758
0.935528953199235	39.115758
0.934962895165958	39.615758
0.934397861633918	40.115758
0.933833852246384	40.615758
0.933271060407127	41.115758
0.932709296208658	41.615758
0.932148680713439	42.115758
0.931589087384453	42.615758
0.931030646141489	43.115758
0.930473288878023	43.615758
0.929917019743067	44.115758
0.929361833504962	44.615758
0.928807729583126	45.115758
0.928254774713472	45.615758
0.92770283850671	46.115758
0.927152045287441	46.615758
0.926602269683733	47.115758
0.926053640722094	47.615758
0.925505961222384	48.115758
0.924959489337054	48.615758
0.924414095042715	49.115758
0.923869715770059	49.615758
0.923326480052824	50.115758
0.922784253168167	50.615758
0.92224323033227	51.115758
0.921703153331294	51.615758
0.921164150399206	52.115758
0.920626287807314	52.615758
0.920089431129125	53.115758
0.919553713488722	53.615758
0.919019000578317	54.115758
0.91848535862921	54.615758
0.917952787013025	55.115758
0.917421285099121	55.615758
0.916890852254597	56.115758
0.916361548911939	56.615758
0.915833185624459	57.115758
0.915306017076483	57.615758
0.914779720942416	58.115758
0.91425461813559	58.615758
0.913730580489642	59.115758
0.913207540900373	59.615758
0.912685559435447	60.115758
0.912164647010219	60.615758
0.911644791338583	61.115758
0.911125931231531	61.615758
0.910608132424597	62.115758
0.910091454569143	62.615758
0.909575770325861	63.115758
0.909061145331376	63.615758
0.908547512741174	64.115758
0.908034998189236	64.615758
0.907523474701431	65.115758
0.907013067722154	65.615758
0.906503590581557	66.115758
0.905995222329634	66.615758
0.905487848738429	67.115758
0.904981522737504	67.615758
0.904476243552809	68.115758
0.903971957166315	68.615758
0.903468775735781	69.115758
0.90296651995378	69.615758
0.902465367568397	70.115758
0.901965205410001	70.615758
0.90146614502061	71.115758
0.900968007817713	71.615758
0.900470970812026	72.115758
0.899974914865808	72.615758
0.899479839370901	73.115758
0.898985868269129	73.615758
0.898492869559471	74.115758
0.898000849224624	74.615758
0.897509930927729	75.115758
0.897019924126622	75.615758
0.89653095239217	76.115758
0.896043080326821	76.615758
0.895556176293336	77.115758
0.895070246438346	77.615758
0.894585348561027	78.115758
0.894101423490448	78.615758
0.893618521962605	79.115758
0.893136657023152	79.615758
0.892655755764401	80.115758
0.892175824493719	80.615758
0.89169697871552	81.115758
0.891219036325283	81.615758
0.890742119790915	82.115758
0.890266228296126	82.615758
0.889791361023383	83.115758
0.889317452186181	83.615758
0.888844443339078	84.115758
0.888372579060731	84.615758
0.88790154843266	85.115758
0.887431660610607	85.615758
0.886962669905043	86.115758
0.886494633185049	86.615758
0.886027614466625	87.115758
0.885561548201791	87.615758
0.885096555597402	88.115758
0.884632456597091	88.615758
0.884169372400859	89.115758
0.883707237580274	89.615758
0.883246108419903	90.115758
0.88278593460126	90.615758
0.882326643366855	91.115758
0.881868484332483	91.615758
0.881411206277985	92.115758
0.880954937367298	92.615758
0.880499491319404	93.115758
0.880045166225506	93.615758
0.879591791188718	94.115758
0.879139293480095	94.615758
0.878687857406434	95.115758
0.878237297104977	95.615758
0.877787740297648	96.115758
0.877339114105665	96.615758
0.876891433487774	97.115758
0.876444746020322	97.615758
0.875998994654666	98.115758
0.875554170662536	98.615758
0.87511034520897	99.115758
0.874667453465556	99.615758
0.874225430726921	100.11576
0.87378445999317	100.61576
0.873344412478955	101.11576
0.872905239726856	101.61576
0.872467052496786	102.11576
0.872029786068753	102.61576
0.871593511547721	103.11576
0.871158100619751	103.61576
0.870723671764797	104.11576
0.870290168642351	104.61576
0.86985758219997	105.11576
0.86942591990019	105.61576
0.868995172642124	106.11576
0.868565411474169	106.61576
0.868136563644996	107.11576
0.867708628310031	107.61576
0.867281613044918	108.11576
0.866855453656354	108.61576
0.866430322683698	109.11576
0.866006109295119	109.61576
0.865582749387865	110.11576
0.865160297033306	110.61576
0.864738814645057	111.11576
0.864318238050654	111.61576
0.863898575002626	112.11576
0.86347975292519	112.61576
0.86306190598348	113.11576
0.862644952856914	113.61576
0.862228910008568	114.11576
0.861813767940877	114.61576
0.861399471521116	115.11576
0.860986191495058	115.61576
0.860573755455343	116.11576
0.860162216829523	116.61576
0.859751574763979	117.11576
0.859341828404737	117.61576
0.858932976897473	118.11576
0.858525028271947	118.61576
0.858117910063285	119.11576
0.857711800792556	119.61576
0.857306466426724	120.11576
0.856902085414807	120.61576
0.856498531518739	121.11576
0.856095982804773	121.61576
0.855694205899265	122.11576
0.85529337879621	122.61576
0.854893375502718	123.11576
0.854494257743516	123.61576
0.854096024660119	124.11576
0.853698675393743	124.61576
0.853302199931624	125.11576
0.852906615701606	125.61576
0.852511903516654	126.11576
0.852117956272634	126.61576
0.851725003987176	127.11576
0.851332868075851	127.61576
0.850941609984131	128.11576
0.850551228851196	128.61576
0.850161714503141	129.11576
0.849773022562939	129.61576
0.849385195707096	130.11576
0.848998242386784	130.61576
0.848612099710352	131.11576
0.848226881496033	131.61576
0.847842534192489	132.11576
0.847458994999513	132.61576
0.847076263146377	133.11576
0.846694452129169	133.61576
0.846313446749312	134.11576
0.84593330805086	134.61576
0.845554025628064	135.11576
0.845175546368322	135.61576
0.8447979312234	136.11576
0.84442116973139	136.61576
0.844045260973032	137.11576
0.843670161667221	137.61576
0.843295903738284	138.11576
0.842922453655958	138.61576
0.842549852863328	139.11576
0.842178100441646	139.61576
0.841807205197998	140.11576
0.84143709507563	140.61576
0.841067840427432	141.11576
0.840699430609644	141.61576
0.84033175178648	142.11576
0.839964977442132	142.61576
0.839598993806731	143.11576
0.839233851523198	143.61576
0.838869549674205	144.11576
0.838505974816649	144.61576
0.83814329989073	145.11576
0.837781401599781	145.61576
0.837420350168357	146.11576
0.837060073694908	146.61576
0.836700632407626	147.11576
0.836341974354651	147.61576
0.835984149750797	148.11576
0.835627096718344	148.61576
0.835270875364898	149.11576
0.834915433927842	149.61576
0.83456082243393	150.11576
0.834206979127595	150.61576
0.833853963996062	151.11576
0.833501776125307	151.61576
0.833150303237443	152.11576
0.832799706504232	152.61576
0.83244982314118	153.11576
0.832100763599379	153.61576
0.831752466336828	154.11576
0.831404991130725	154.61576
0.831058337068917	155.11576
0.830712382162232	155.61576
0.83036730720568	156.11576
0.83002299024085	156.61576
0.829679430447292	157.11576
0.829336576897892	157.61576
0.828994589420163	158.11576
0.828653356593639	158.61576
0.828312937926721	159.11576
0.827973211914724	159.61576
0.827634298364283	160.11576
0.827296196366676	160.61576
0.826958834387657	161.11576
0.826622232430994	161.61576
0.826286428974803	162.11576
0.825951323758751	162.61576
0.825617015318991	163.11576
0.825283453139935	163.61576
0.824950636405295	164.11576
0.824618673771653	164.61576
0.824287394834118	165.11576
0.823956918742602	165.61576
0.823627124776994	166.11576
0.823298131968055	166.61576
0.822969868968976	167.11576
0.822642345532045	167.61576
0.822315560843752	168.11576
0.821989622969898	168.61576
0.821664362342493	169.11576
0.821339778238678	169.61576
0.821016038262511	170.11576
0.820692973158209	170.61576
0.820370750324006	171.11576
0.820049200711855	171.61576
0.819728323600631	172.11576
0.819408286080452	172.61576
0.819088919413974	173.11576
0.818770331026029	173.61576
0.81845241190591	174.11576
0.818135269333419	174.61576
0.817818853816091	175.11576
0.817503153716579	175.61576
0.817188179030676	176.11576
0.816873918095374	176.61576
0.816560380934007	177.11576
0.816247555858147	177.61576
0.815935501216606	178.11576
0.815624108656875	178.61576
0.815313484810603	179.11576
0.815003521470568	179.61576
0.814694266049951	180.11576
0.814385776752847	180.61576
0.814077993633317	181.11576
0.813770926836082	181.61576
0.813464564561555	182.11576
0.81315890597058	182.61576
0.812853902348852	183.11576
0.812549600818091	183.61576
0.812246059380557	184.11576
0.81194321830121	184.61576
0.811641029035239	185.11576
0.811339586206767	185.61576
0.811038852326911	186.11576
0.810738756797055	186.61576
0.810439357535219	187.11576
0.810140712342749	187.61576
0.809842655629595	188.11576
0.809545398765639	188.61576
0.809248787405965	189.11576
0.808952857001581	189.61576
0.808657629070349	190.11576
0.808363080412958	190.61576
0.808069174166111	191.11576
0.807775956798903	191.61576
0.807483427484596	192.11576
0.807191632490086	192.61576
0.806900476763606	193.11576
0.806609948330564	193.61576
0.806320151680285	194.11576
0.806030992005851	194.61576
0.805742562387718	195.11576
0.805454756865416	195.61576
0.805167632843051	196.11576
0.804881189500195	196.61576
0.804595367937143	197.11576
0.804310225472818	197.61576
0.80402580793997	198.11576
0.803741963185815	198.61576
0.803458841706934	199.11576
0.80317633810089	199.61576
0.802894498131512	200.11576
0.80261334380063	200.61576
0.802332793607986	201.11576
0.80205291606002	201.61576
0.801773756679081	202.11576
0.80149510642034	202.61576
0.801217230475343	203.11576
0.800939954717232	203.61576
0.800663347564156	204.11576
0.800387350560559	204.61576
0.800112020602295	205.11576
0.799837287765461	205.61576
0.799563220396817	206.11576
0.799289806143035	206.61576
0.799017055726013	207.11576
0.79874489929986	207.61576
0.798473405139615	208.11576
0.798202560855559	208.61576
0.797932319824034	209.11576
0.797662681329276	209.61576
0.797393690371636	210.11576
0.797125346122052	210.61576
0.796857602113183	211.11576
0.796590503233255	211.61576
0.796324003092692	212.11576
0.796058146505229	212.61576
0.795792932646316	213.11576
0.795528315242635	213.61576
0.795264338996759	214.11576
0.795000900637843	214.61576
0.794738204309124	215.11576
0.794475999059206	215.61576
0.794214477154043	216.11576
0.793953547214213	216.61576
0.793693253721636	217.11576
0.793433538955504	217.61576
0.793174413948748	218.11576
0.792915968149314	218.61576
0.792658053735816	219.11576
0.792400726882747	219.61576
0.792144076818083	220.11576
0.791888000957684	220.61576
0.791632510392051	221.11576
0.791377592598072	221.61576
0.79112330350226	222.11576
0.790869642297292	222.61576
0.790616494988888	223.11576
0.790364030637873	223.61576
0.790112090608752	224.11576
0.789860763560937	224.61576
0.789610015951536	225.11576
0.789359879758415	225.61576
0.789110309630109	226.11576
0.788861316758472	226.61576
0.788612932990749	227.11576
0.788365068669122	227.61576
0.788117868265403	228.11576
0.787871173958226	228.61576
0.78762505332535	229.11576
0.787379594228226	229.61576
0.787134639123482	230.11576
0.786890299734072	230.61576
0.786646519122004	231.11576
0.786403284593295	231.61576
0.786160619407302	232.11576
0.785918554940309	232.61576
0.785677046355973	233.11576
0.785436148957957	233.61576
0.785195750000826	234.11576
0.78495594873748	234.61576
0.78471670047662	235.11576
0.784478004518011	235.61576
0.784239860162247	236.11576
0.784002254649153	236.61576
0.783765211396913	237.11576
0.783528805074349	237.61576
0.783292847992484	238.11576
0.783057482655267	238.61576
0.782822664658521	239.11576
0.78258843688024	239.61576
0.782354699339114	240.11576
0.782121550549337	240.61576
0.781888946249002	241.11576
0.781656885748346	241.61576
0.781425356219091	242.11576
0.781194369098777	242.61576
0.780963911547248	243.11576
0.78073399501757	243.61576
0.78050461882429	244.11576
0.780275813338323	244.61576
0.78004744816991	245.11576
0.779819707649523	245.61576
0.779592504638022	246.11576
0.779365783161735	246.61576
0.779139640947091	247.11576
0.778913966737197	247.61576
0.778688882556796	248.11576
0.778464265053841	248.61576
0.778240223927435	249.11576
0.778016715509638	249.61576
0.777793671778945	250.11576
0.777571159449544	250.61576
0.777349208383372	251.11576
0.777127787294009	251.61576
0.77690682824701	252.11576
0.776686397876683	252.61576
0.776466483232304	253.11576
0.776247126253106	253.61576
0.776028198374378	254.11576
0.775809881649193	254.61576
0.775592023021725	255.11576
0.775374689005988	255.61576
0.775157811842314	256.11576
0.774941500433799	256.61576
0.774725644569855	257.11576
0.774510353048153	257.61576
0.774295515767439	258.11576
0.774081186775529	258.61576
0.773867377747134	259.11576
0.773654063310934	259.61576
0.773441212935643	260.11576
0.773228910384979	260.61576
0.773017058241095	261.11576
0.772805722775623	261.61576
0.77259487856662	262.11576
0.772384495276087	262.61576
0.772174656351135	263.11576
0.771965264672693	263.61576
0.771756374005424	264.11576
0.771547983683854	264.61576
0.77134003874513	265.11576
0.771132592877058	265.61576
0.770925645417013	266.11576
0.770719183271984	266.61576
0.770513176446399	267.11576
0.770307653658102	267.61576
0.770102626679732	268.11576
0.769898082401948	268.61576
0.769693990979156	269.11576
0.769490380987083	269.61576
0.769287264222462	270.11576
0.76908458602334	270.61576
0.768882387321231	271.11576
0.768680679930596	271.61576
0.768479409271109	272.11576
0.768278574771335	272.61576
0.768078271119301	273.11576
0.767878402372536	273.61576
0.767679009282327	274.11576
0.767480049899192	274.61576
0.767281577428581	275.11576
0.767083524961379	275.61576
0.766885958161905	276.11576
0.76668886386022	276.61576
0.766492200265067	277.11576
0.766296061561949	277.61576
0.766100298712133	278.11576
0.765904964823074	278.61576
0.765710194928688	279.11576
0.76551575818019	279.61576
0.765321789609043	280.11576
0.765128342054067	280.61576
0.764935307869341	281.11576
0.764742658193731	281.61576
0.764550515064725	282.11576
0.764358796140595	282.61576
0.764167541642687	283.11576
0.763976710185118	283.61576
0.763786329339672	284.11576
0.763596329680835	284.61576
0.76340683271359	285.11576
0.763217756460589	285.61576
0.763029087766605	286.11576
0.762840838684663	286.61576
0.762653089742293	287.11576
0.762465706076431	287.61576
0.762278780798641	288.11576
0.762092313277491	288.61576
0.761906209413393	289.11576
0.761720602545688	289.61576
0.761535358237818	290.11576
0.761350569331557	290.61576
0.761166235200512	291.11576
0.760982262023227	291.61576
0.76079872982724	292.11576
0.760615597762962	292.61576
0.76043293079116	293.11576
0.760250650152025	293.61576
0.760068780625358	294.11576
0.759887309007295	294.61576
0.759706327571885	295.11576
0.759525650090154	295.61576
0.759345514295942	296.11576
0.759165681432339	296.61576
0.75898624372317	297.11576
0.758807293178109	297.61576
0.758628696705526	298.11576
0.75845053359714	298.61576
0.75827281593398	299.11576
0.758095398253727	299.61576
0.757918464743915	300.11576
0.757741909774004	300.61576
0.757565758231484	301.11576
0.757389944458784	301.61576
0.757214612463076	302.11576
0.757039669541721	302.61576
0.756865062822611	303.11576
0.75669089649239	303.61576
0.756517117655798	304.11576
0.75634371305185	304.61576
0.756170694886146	305.11576
0.755998062635364	305.61576
0.755825855227603	306.11576
0.755654032635375	306.61576
0.755482594338105	307.11576
0.755311527062662	307.61576
0.755140803697841	308.11576
0.754970541746	308.61576
0.754800622669822	309.11576
0.754631072528529	309.61576
0.754461942796303	310.11576
0.754293141700546	310.61576
0.754124720750171	311.11576
0.753956718581052	311.61576
0.753789043578964	312.11576
0.753621786275833	312.61576
0.753454855162699	313.11576
0.75328834067001	313.61576
0.753122242208459	314.11576
0.752956377663292	314.61576
0.752791018891192	315.11576
0.752625932102116	315.61576
0.752461220345867	316.11576
0.752296960875696	316.61576
0.752132984817105	317.11576
0.751969408296424	317.61576
0.751806153128261	318.11576
0.751643309239563	318.61576
0.751480785747335	319.11576
0.75131862094427	319.61576
0.751156865835705	320.11576
0.750995378207679	320.61576
0.750834337911293	321.11576
0.750673615629416	321.61576
0.750513210940082	322.11576
0.750353200542674	322.61576
0.750193558156489	323.11576
0.750034219114669	323.61576
0.749875234309326	324.11576
0.749716654537457	324.61576
0.749558376692441	325.11576
0.7494004131936	325.61576
0.74924289160191	326.11576
0.749085632176081	326.61576
0.748928724073219	327.11576
0.748772166802197	327.61576
0.748615959872806	328.11576
0.748460102795746	328.61576
0.748304595082631	329.11576
0.748149385191018	329.61576
0.747994523736768	330.11576
0.747840010234148	330.61576
0.747685844198326	331.11576
0.747531974185216	331.61576
0.747378450719234	332.11576
0.747225273318177	332.61576
0.747072441500737	333.11576
0.746919903920799	333.61576
0.746767698136783	334.11576
0.746615849417972	334.61576
0.746464280739995	335.11576
0.746313068223012	335.61576
0.746162134884358	336.11576
0.746011594646923	336.61576
0.745861383379662	337.11576
0.745711425022097	337.61576
0.745561794778993	338.11576
0.745412555694853	338.61576
0.745263555405464	339.11576
0.745114932440916	339.61576
0.744966560363506	340.11576
0.744818551773951	340.61576
0.744670843790076	341.11576
0.744523460712247	341.61576
0.744376364502857	342.11576
0.744229605211618	342.61576
0.744083169470644	343.11576
0.743937019318894	343.61576
0.743791154363395	344.11576
0.743645611656328	344.61576
0.743500390732756	345.11576
0.743355504039555	345.61576
0.743210850550993	346.11576
0.743066567814549	346.61576
0.742922517502584	347.11576
0.742778837023509	347.61576
0.742635388191877	348.11576
0.742492308277351	348.61576
0.742349509382034	349.11576
0.742206978200079	349.61576
0.742064727266497	350.11576
0.741922793351577	350.61576
0.741781176000902	351.11576
0.741639837655569	351.61576
0.741498815016265	352.11576
0.741358020587563	352.61576
0.741217591018747	353.11576
0.741077425910276	353.61576
0.740937524881002	354.11576
0.740797950378875	354.61576
0.740658639152882	355.11576
0.740519603759337	355.61576
0.740380867778532	356.11576
0.740242406831809	356.61576
0.740104257389993	357.11576
0.739966369249872	357.61576
0.739828705239347	358.11576
0.739691401258306	358.61576
0.739554344471301	359.11576
0.739417610059269	359.61576
0.739281048642882	360.11576
0.739144832599391	360.61576
0.739008924764401	361.11576
0.738873238486906	361.61576
0.738737846688954	362.11576
0.738602725294078	362.61576
0.738467860988131	363.11576
0.738333289945768	363.61576
0.73819893869562	364.11576
0.738064892883994	364.61576
0.737931102655057	365.11576
0.737797604094461	365.61576
0.73766437329859	366.11576
0.737531347594128	366.61576
0.73739866173947	367.11576
0.737266193209333	367.61576
0.737134014382316	368.11576
0.737002052206413	368.61576
0.736870378970583	369.11576
0.736739007208457	369.61576
0.736607838088501	370.11576
0.73647692050279	370.61576
0.736346290294979	371.11576
0.736215874689395	371.61576
0.73608574570782	372.11576
0.735955866797789	372.61576
0.735826237606708	373.11576
0.735696893869581	373.61576
0.735567714009524	374.11576
0.735438867908384	374.61576
0.735310257112139	375.11576
0.735181858239106	375.61576
0.735053742958619	376.11576
0.734925861935445	376.61576
0.734798191858198	377.11576
0.73467080426513	377.61576
0.734543698744407	378.11576
0.734416754320651	378.61576
0.734290127122286	379.11576
0.734163660419615	379.61576
0.734037474368325	380.11576
0.733911519812049	380.61576
0.733785809380014	381.11576
0.733660342731566	381.61576
0.733535106554098	382.11576
0.733410113480162	382.61576
0.733285350197766	383.11576
0.733160816367887	383.61576
0.733036524626318	384.11576
0.73291246166208	384.61576
0.732788591556901	385.11576
0.732664998134076	385.61576
0.732541596942436	386.11576
0.732418471720979	386.61576
0.732295573600755	387.11576
0.732172866774594	387.61576
0.732050386426534	388.11576
0.731928132224562	388.61576
0.731806116814398	389.11576
0.731684326888905	389.61576
0.731562713773607	390.11576
0.731441338503628	390.61576
0.731320271400223	391.11576
0.731199344839077	391.61576
0.731078642162339	392.11576
0.73095812778237	392.61576
0.730837871916717	393.11576
0.730717851936808	393.61576
0.730598006362819	394.11576
0.730478383089601	394.61576
0.730358981794013	395.11576
0.7302398021536	395.61576
0.730120808732452	396.11576
0.730002071458641	396.61576
0.729883471752193	397.11576
0.729765127552591	397.61576
0.729647016427283	398.11576
0.729529029098156	398.61576
0.729411344268743	399.11576
0.729293795663049	399.61576
0.729176465964584	400.11576
0.729059389784855	400.61576
0.728942496933201	401.11576
0.728825809062956	401.61576
0.728709256128722	402.11576
0.728592955456115	402.61576
0.728476871846251	403.11576
0.728360922398399	403.61576
0.728245224255616	404.11576
0.728129742282426	404.61576
0.728014415465529	405.11576
0.727899317219565	405.61576
0.727784373593217	406.11576
0.727669644981515	406.61576
0.727555131076896	407.11576
0.72744078395083	407.61576
0.727326637979547	408.11576
0.727212623654435	408.61576
0.727098857515327	409.11576
0.726985291656715	409.61576
0.726871904212974	410.11576
0.726758668982851	410.61576
0.726645680685118	411.11576
0.726532822534869	411.61576
0.72642016327378	412.11576
0.726307750021588	412.61576
0.726195418775001	413.11576
0.726083367379849	413.61576
0.725971397551939	414.11576
0.725859672576921	414.61576
0.725748144777551	415.11576
0.725636779534509	415.61576
0.72552552933067	416.11576
0.72541452279375	416.61576
0.725303678064994	417.11576
0.725192981932569	417.61576
0.725082528564385	418.11576
0.724972189040732	418.61576
0.724862010348729	419.11576
0.724752060587267	419.61576
0.724642236967109	420.11576
0.724532641695923	420.61576
0.724423206210121	421.11576
0.72431388321571	421.61576
0.724204787722367	422.11576
0.724095804260914	422.61576
0.723987026668881	423.11576
0.72387839470044	423.61576
0.723769908127929	424.11576
0.723661660615232	424.61576
0.723553557966667	425.11576
0.723445566021867	425.61576
0.723337765415003	426.11576
0.723230108994999	426.61576
0.7231226563568	427.11576
0.723015300588517	427.61576
0.722908168982755	428.11576
0.722801146771262	428.61576
0.722694314360373	429.11576
0.722587637688049	429.61576
0.722481090593504	430.11576
0.72237469879428	430.61576
0.722268529519669	431.11576
0.722162421673001	431.61576
0.722056535835358	432.11576
0.721950757699414	432.61576
0.721845167370399	433.11576
0.721739671376871	433.61576
0.721634362716413	434.11576
0.72152922814913	434.61576
0.721424200251237	435.11576
0.721319358941328	435.61576
0.721214610941242	436.11576
0.721110082580273	436.61576
0.721005613598873	437.11576
0.720901363752774	437.61576
0.720797219360259	438.11576
0.720693200747392	438.61576
0.720589367053563	439.11576
0.72048567163959	439.61576
0.72038210133299	440.11576
0.720278681844328	440.61576
0.720175387041806	441.11576
0.72007222967574	441.61576
0.719969209536196	442.11576
0.719866326413694	442.61576
0.71976361338034	443.11576
0.719660957426801	443.61576
0.719558550593144	444.11576
0.719456200460916	444.61576
0.7193539733503	445.11576
0.719251928157224	445.61576
0.719149972365158	446.11576
0.719048185087038	446.61576
0.718946486836847	447.11576
0.718844956655283	447.61576
0.718743561183505	448.11576
0.718642254182731	448.61576
0.718541068569313	449.11576
0.718440063090757	449.61576
0.718339132579428	450.11576
0.718238335801065	450.61576
0.718137705547073	451.11576
0.718037162662677	451.61576
0.717936785865809	452.11576
0.71783645018684	452.61576
0.717736326066598	453.11576
0.717636242738622	453.61576
0.717536324666453	454.11576
0.717436492913903	454.61576
0.71733682598573	455.11576
0.717237232073727	455.61576
0.717137769740996	456.11576
0.717038425846999	456.61576
0.716939245921142	457.11576
0.71684010553781	457.61576
0.716741128732742	458.11576
0.716642269587813	458.61576
0.716543449545563	459.11576
0.716444825176871	459.61576
0.716346252535473	460.11576
0.71624782951279	460.61576
0.716149523222707	461.11576
0.71605130084881	461.61576
0.715953194860066	462.11576
0.715855205066061	462.61576
0.715757298703285	463.11576
0.715659540746395	463.61576
0.715561865876348	464.11576
0.715464293544056	464.61576
0.715366849429386	465.11576
0.715269474989545	465.61576
0.715172215492781	466.11576
0.715075070751909	466.61576
0.714977995212739	467.11576
0.714881034091577	467.61576
0.714784154799678	468.11576
0.714687421973878	468.61576
0.714590757712212	469.11576
0.714494207162046	469.61576
0.714397724876926	470.11576
0.714301401214382	470.61576
0.714205100257116	471.11576
0.714108912345854	471.61576
0.714012837297669	472.11576
0.713916874930036	472.61576
0.713820966980305	473.11576
0.713725139165692	473.61576
0.713629455756713	474.11576
0.713533839232663	474.61576
0.713438334552967	475.11576
0.713342896466531	475.61576
0.71324755697963	476.11576
0.713152251679114	476.61576
0.713057089708798	477.11576
0.712961993753544	477.61576
0.712867040739471	478.11576
0.712772108451982	478.61576
0.712677286717319	479.11576
0.712582530424676	479.61576
0.712487871450718	480.11576
0.712393322534144	480.61576
0.712298793734107	481.11576
0.712204406660684	481.61576
0.71211008430406	482.11576
0.71201578170866	482.61576
0.711921620334479	483.11576
0.711827523272624	483.61576
0.711733522271529	484.11576
0.711639585303775	484.61576
0.711545744085956	485.11576
0.711451921893729	485.61576
0.711358239888739	486.11576
0.711264576666401	486.61576
0.711171053289428	487.11576
0.711077548453296	487.61576
0.710984138475902	488.11576
0.710890791461515	488.61576
0.710797539000131	489.11576
0.710704336327277	489.61576
0.710611196225655	490.11576
0.710518150238128	490.61576
0.710425166550542	491.11576
0.710332263775659	491.61576
0.710239391416985	492.11576
0.710146599704089	492.61576
0.710053869786438	493.11576
0.709961233113185	493.61576
0.709868645071811	494.11576
0.709776118441427	494.61576
0.709683640210392	495.11576
0.709591254661271	495.61576
0.709498917248474	496.11576
0.709406640749482	496.61576
0.709314412156305	497.11576
0.709222307128638	497.61576
0.709130218288763	498.11576
0.709038145569881	498.61576
0.708946195978236	499.11576
0.708854293658631	499.61576
0.708762407134558	500.11576
0.708670599035908	500.61576
0.708578850757362	501.11576
0.708487149299046	501.61576
0.708395525850436	502.11576
0.708303961851608	502.61576
0.708212400151061	503.11576
0.708120928962197	503.61576
0.708029535243358	504.11576
0.707938156388626	504.61576
0.707846823542587	505.11576
0.707755567788606	505.61576
0.707664326613593	506.11576
0.707573162279872	506.61576
0.707482012336033	507.11576
0.707390938983678	507.61576
0.707299910950353	508.11576
0.707208928127007	508.61576
0.707117990404808	509.11576
0.707027128747011	509.61576
0.706936236954891	510.11576
0.706845421011848	510.61576
0.706754693637965	511.11576
0.706663966909899	511.61576
0.706573271763577	512.11576
0.706482664817948	512.61576
0.706392058244543	513.11576
0.706301495804962	513.61576
0.706211008328737	514.11576
0.706120520952831	514.61576
0.706030077392507	515.11576
0.705939664673827	515.61576
0.705849295559996	516.11576
0.705758969945341	516.61576
0.705668674858373	517.11576
0.705578423061073	517.61576
0.705488201583571	518.11576
0.705398023187034	518.61576
0.705307844115808	519.11576
0.70521773871982	519.61576
0.705127663230218	520.11576
0.705037586801623	520.61576
0.704947552965751	521.11576
0.70485754875826	521.61576
0.704767617636471	522.11576
0.704677685224923	522.61576
0.704587782135956	523.11576
0.704497877613321	523.61576
0.704408045738521	524.11576
0.704318212256299	524.61576
0.704228407721078	525.11576
0.704138632032384	525.61576
0.704048854507693	526.11576
0.70395914908074	526.61576
0.703869428791331	527.11576
0.703779780369813	527.61576
0.703690086392298	528.11576
0.703600464082518	528.61576
0.703510839453314	529.11576
0.703421273410895	529.61576
0.703331704879876	530.11576
0.703242120954234	530.61576
0.703152577717746	531.11576
0.70306304937166	531.61576
0.702973561516906	532.11576
0.702884057962241	532.61576
0.702794581882622	533.11576
0.702705133180242	533.61576
0.702615711757467	534.11576
0.702526317516841	534.61576
0.702436876867807	535.11576
0.702347493573933	535.61576
0.702258137200203	536.11576
0.70216873424305	536.61576
0.702079358070099	537.11576
0.701990038837836	537.61576
0.701900672848011	538.11576
0.701811363607196	538.61576
0.70172205055537	539.11576
0.701632750994445	539.61576
0.701543447487911	540.11576
0.701454157310793	540.61576
0.701364820059421	541.11576
0.701275581965334	541.61576
0.701186283824488	542.11576
0.701097011530628	542.61576
0.701007752151004	543.11576
0.700918488344373	543.61576
0.700829207220881	544.11576
0.700739981680076	544.61576
0.700650738662993	545.11576
0.700561478118248	545.61576
0.700472230010377	546.11576
0.700382977079205	546.61576
0.700293736426349	547.11576
0.700204477984819	547.61576
0.700115231664345	548.11576
0.70002596742564	548.61576
0.699936727983573	549.11576
0.699847427741508	549.61576
0.699758182072121	550.11576
0.699668918225527	550.61576
0.699579636151052	551.11576
0.699490365663117	551.61576
0.699401106670296	552.11576
0.69931175673811	552.61576
0.699222490678611	553.11576
0.699133176246375	553.61576
0.699043873026092	554.11576
0.698954538315144	554.61576
0.698865227489957	555.11576
0.69877585529077	555.61576
0.698686494022322	556.11576
0.698597143594097	556.61576
0.698507774199432	557.11576
0.698418415491215	557.61576
0.698328995174846	558.11576
0.698239585418994	558.61576
0.698150156470968	559.11576
0.698060725105774	559.61576
0.697971244786847	560.11576
0.697881804372424	560.61576
0.697792302081375	561.11576
0.697702809920272	561.61576
0.697613255811232	562.11576
0.697523711707051	562.61576
0.697434177518438	563.11576
0.697344610791203	563.61576
0.697254981947029	564.11576
0.697165362831652	564.61576
0.69707571103156	565.11576
0.696986068809392	565.61576
0.696896364301591	566.11576
0.696806698711395	566.61576
0.696716970738217	567.11576
0.696627209810782	567.61576
0.696537458124906	568.11576
0.696447601718881	568.61576
0.696357783855702	569.11576
0.696267975022482	569.61576
0.696178061376571	570.11576
0.696088186023002	570.61576
0.695998247977249	571.11576
0.695908276563497	571.61576
0.69581830105399	572.11576
0.69572826274642	572.61576
0.69563823303791	573.11576
0.695548156924969	573.61576
0.695458017907973	574.11576
0.695367916561888	574.61576
0.695277710155319	575.11576
0.695187541271315	575.61576
0.695097296499569	576.11576
0.695007017851421	576.61576
0.694916747286206	577.11576
0.694826400727582	577.61576
0.694736020147855	578.11576
0.694645605498784	578.61576
0.694555143916913	579.11576
0.694464690112513	579.61576
0.694374160138416	580.11576
0.69428359590226	580.61576
0.694192984541076	581.11576
0.694102380713299	581.61576
0.69401170057435	582.11576
0.693920985980498	582.61576
0.693830224069172	583.11576
0.693739398579922	583.61576
0.693648596544342	584.11576
0.693557689018744	584.61576
0.69346673400826	585.11576
0.693375815045166	585.61576
0.69328479052283	586.11576
0.693193747322078	586.61576
0.69310264029335	587.11576
0.693011485538341	587.61576
0.692920283008751	588.11576
0.692829045469855	588.61576
0.692737772873199	589.11576
0.692646410666768	589.61576
0.692555013330566	590.11576
0.692463609667646	590.61576
0.692372129100343	591.11576
0.692280558803736	591.61576
0.692189023650331	592.11576
0.692097369868293	592.61576
0.692005709479456	593.11576
0.691913972029672	593.61576
0.691822144693471	594.11576
0.691730323405594	594.61576
