  -8.0500000e+02   1.6532614e+00   2.3403079e+00
  -7.9500000e+02   1.5520843e+00   2.3233137e+00
  -7.8500000e+02   1.5997295e+00   2.3319698e+00
  -7.7500000e+02   1.6139489e+00   2.3213408e+00
  -7.6500000e+02   1.5296793e+00   2.1711894e+00
  -7.5500000e+02   1.5337758e+00   2.1079659e+00
  -7.4500000e+02   1.5553021e+00   2.1451455e+00
  -7.3500000e+02   1.5277022e+00   2.1767250e+00
  -7.2500000e+02   1.4316671e+00   2.1299613e+00
  -7.1500000e+02   1.4170069e+00   2.1128812e+00
  -7.0500000e+02   1.4827824e+00   2.0617400e+00
  -6.9500000e+02   1.4266472e+00   2.1253860e+00
  -6.8500000e+02   1.3907522e+00   2.0895280e+00
  -6.7500000e+02   1.3938526e+00   2.0614204e+00
  -6.6500000e+02   1.3914446e+00   2.0297370e+00
  -6.5500000e+02   1.4122050e+00   2.0574986e+00
  -6.4500000e+02   1.4118424e+00   2.0068780e+00
  -6.3500000e+02   1.3336901e+00   1.9463258e+00
  -6.2500000e+02   1.3377769e+00   1.8845414e+00
  -6.1500000e+02   1.3211058e+00   1.8661056e+00
  -6.0500000e+02   1.3530161e+00   1.9604097e+00
  -5.9500000e+02   1.3284838e+00   1.9494358e+00
  -5.8500000e+02   1.3568278e+00   1.9307127e+00
  -5.7500000e+02   1.2907882e+00   1.8060471e+00
  -5.6500000e+02   1.3518778e+00   1.9250528e+00
  -5.5500000e+02   1.3095770e+00   1.7612377e+00
  -5.4500000e+02   1.3071493e+00   1.8750346e+00
  -5.3500000e+02   1.3223868e+00   1.8442618e+00
  -5.2500000e+02   1.2825067e+00   1.7783642e+00
  -5.1500000e+02   1.2812503e+00   1.7467081e+00
  -5.0500000e+02   1.2698655e+00   1.7569834e+00
  -4.9500000e+02   1.2455619e+00   1.7254164e+00
  -4.8500000e+02   1.2670621e+00   1.7083664e+00
  -4.7500000e+02   1.2256468e+00   1.6555705e+00
  -4.6500000e+02   1.2456296e+00   1.6640727e+00
  -4.5500000e+02   1.2211679e+00   1.6215895e+00
  -4.4500000e+02   1.2410808e+00   1.6470680e+00
  -4.3500000e+02   1.2456971e+00   1.6502482e+00
  -4.2500000e+02   1.2168091e+00   1.6240162e+00
  -4.1500000e+02   1.2485612e+00   1.6132829e+00
  -4.0500000e+02   1.2364665e+00   1.5636621e+00
  -3.9500000e+02   1.2248852e+00   1.5431742e+00
  -3.8500000e+02   1.2315814e+00   1.5545589e+00
  -3.7500000e+02   1.2337563e+00   1.5729738e+00
  -3.6500000e+02   1.2071118e+00   1.5252444e+00
  -3.5500000e+02   1.2176925e+00   1.5542104e+00
  -3.4500000e+02   1.2340203e+00   1.5305683e+00
  -3.3500000e+02   1.2275997e+00   1.4955330e+00
  -3.2500000e+02   1.2081407e+00   1.4975174e+00
  -3.1500000e+02   1.2004290e+00   1.4872550e+00
  -3.0500000e+02   1.1921802e+00   1.4403881e+00
  -2.9500000e+02   1.1962134e+00   1.4569703e+00
  -2.8500000e+02   1.2156946e+00   1.4350175e+00
  -2.7500000e+02   1.1955101e+00   1.4249134e+00
  -2.6500000e+02   1.1897166e+00   1.4044788e+00
  -2.5500000e+02   1.1866954e+00   1.4018847e+00
  -2.4500000e+02   1.1959269e+00   1.3947659e+00
  -2.3500000e+02   1.1878435e+00   1.4014664e+00
  -2.2500000e+02   1.1868939e+00   1.4028503e+00
  -2.1500000e+02   1.1907199e+00   1.3676962e+00
  -2.0500000e+02   1.1809816e+00   1.3457159e+00
  -1.9500000e+02   1.1698926e+00   1.3556141e+00
  -1.8500000e+02   1.1686258e+00   1.3362411e+00
  -1.7500000e+02   1.1697516e+00   1.3277040e+00
  -1.6500000e+02   1.1776744e+00   1.3318513e+00
  -1.5500000e+02   1.1746526e+00   1.3074563e+00
  -1.4500000e+02   1.1540681e+00   1.2950176e+00
  -1.3500000e+02   1.1659501e+00   1.2972738e+00
  -1.2500000e+02   1.1639594e+00   1.2811741e+00
  -1.1500000e+02   1.1553166e+00   1.2901551e+00
  -1.0500000e+02   1.1595271e+00   1.2691932e+00
  -9.5000000e+01   1.1604394e+00   1.2677316e+00
  -8.5000000e+01   1.1607153e+00   1.2651127e+00
  -7.5000000e+01   1.1566137e+00   1.2535820e+00
  -6.5000000e+01   1.1617990e+00   1.2444407e+00
  -5.5000000e+01   1.1579762e+00   1.2263133e+00
  -4.5000000e+01   1.1682107e+00   1.2335283e+00
  -3.5000000e+01   1.1642532e+00   1.2182805e+00
  -2.5000000e+01   1.1612628e+00   1.2108621e+00
  -1.5000000e+01   1.1597634e+00   1.2131318e+00
  -5.0000000e+00   1.1660046e+00   1.2098675e+00
   5.0000000e+00   1.1597380e+00   1.2098454e+00
   1.5000000e+01   1.1639752e+00   1.1857403e+00
   2.5000000e+01   1.1613455e+00   1.1980271e+00
   3.5000000e+01   1.1710952e+00   1.1914955e+00
   4.5000000e+01   1.1667903e+00   1.1876752e+00
   5.5000000e+01   1.1795245e+00   1.1780668e+00
   6.5000000e+01   1.1786921e+00   1.1825471e+00
   7.5000000e+01   1.1726787e+00   1.1664543e+00
   8.5000000e+01   1.1875423e+00   1.1677149e+00
   9.5000000e+01   1.1893344e+00   1.1638928e+00
   1.0500000e+02   1.1889470e+00   1.1513236e+00
   1.1500000e+02   1.2021384e+00   1.1521661e+00
   1.2500000e+02   1.2035791e+00   1.1645606e+00
   1.3500000e+02   1.2047245e+00   1.1552035e+00
   1.4500000e+02   1.2089904e+00   1.1449282e+00
   1.5500000e+02   1.2008762e+00   1.1381917e+00
   1.6500000e+02   1.2054527e+00   1.1405485e+00
   1.7500000e+02   1.2265555e+00   1.1375374e+00
   1.8500000e+02   1.2193963e+00   1.1309926e+00
   1.9500000e+02   1.2337914e+00   1.1240848e+00
   2.0500000e+02   1.2497388e+00   1.1375009e+00
   2.1500000e+02   1.2456936e+00   1.1378122e+00
   2.2500000e+02   1.2496180e+00   1.1230655e+00
   2.3500000e+02   1.2509959e+00   1.1264234e+00
   2.4500000e+02   1.2545214e+00   1.1209194e+00
   2.5500000e+02   1.2588181e+00   1.1076747e+00
   2.6500000e+02   1.2766929e+00   1.1127120e+00
   2.7500000e+02   1.2853796e+00   1.1157856e+00
   2.8500000e+02   1.2942236e+00   1.1159132e+00
   2.9500000e+02   1.3013352e+00   1.1146793e+00
   3.0500000e+02   1.2975629e+00   1.1077337e+00
   3.1500000e+02   1.2950175e+00   1.1111905e+00
   3.2500000e+02   1.2998324e+00   1.0990139e+00
   3.3500000e+02   1.3122157e+00   1.1107020e+00
   3.4500000e+02   1.3548307e+00   1.1140693e+00
   3.5500000e+02   1.2988690e+00   1.1064297e+00
   3.6500000e+02   1.3460492e+00   1.1012593e+00
   3.7500000e+02   1.3460688e+00   1.1095483e+00
   3.8500000e+02   1.3455422e+00   1.0958381e+00
   3.9500000e+02   1.3906037e+00   1.1135524e+00
   4.0500000e+02   1.4449892e+00   1.1164531e+00
   4.1500000e+02   1.4874430e+00   1.1265504e+00
   4.2500000e+02   1.5130045e+00   1.1363264e+00
   4.3500000e+02   1.5045887e+00   1.1312524e+00
   4.4500000e+02   1.5300720e+00   1.1275203e+00
   4.5500000e+02   1.5367905e+00   1.1522413e+00
   4.6500000e+02   1.5660621e+00   1.1479821e+00
   4.7500000e+02   1.6283376e+00   1.1817946e+00
   4.8500000e+02   1.5959256e+00   1.1626342e+00
   4.9500000e+02   1.6036880e+00   1.1509911e+00
   5.0500000e+02   1.6638406e+00   1.1903837e+00
   5.1500000e+02   1.6471834e+00   1.2118099e+00
   5.2500000e+02   1.7006468e+00   1.1878269e+00
   5.3500000e+02   1.7347124e+00   1.2124231e+00
   5.4500000e+02   1.6525873e+00   1.2136224e+00
   5.5500000e+02   1.7560764e+00   1.2684918e+00
   5.6500000e+02   1.8410405e+00   1.2590915e+00
   5.7500000e+02   1.8578423e+00   1.2978153e+00
   5.8500000e+02   1.8481052e+00   1.3004507e+00
   5.9500000e+02   1.8277776e+00   1.3326043e+00
   6.0500000e+02   1.8878361e+00   1.3493575e+00
   6.1500000e+02   1.9640807e+00   1.3663947e+00
   6.2500000e+02   1.9409580e+00   1.3931943e+00
   6.3500000e+02   1.9660763e+00   1.3844741e+00
   6.4500000e+02   1.9610933e+00   1.3591224e+00
   6.5500000e+02   2.0322460e+00   1.3567517e+00
   6.6500000e+02   2.0165762e+00   1.3812173e+00
   6.7500000e+02   2.0927213e+00   1.4282007e+00
   6.8500000e+02   2.1347650e+00   1.4742051e+00
   6.9500000e+02   2.1549784e+00   1.4480954e+00
   7.0500000e+02   2.2978218e+00   1.7015842e+00
   7.1500000e+02   2.2750928e+00   1.5692074e+00
   7.2500000e+02   2.3483509e+00   1.7662840e+00
   7.3500000e+02   2.0976587e+00   1.3213726e+00
   7.4500000e+02   2.2977282e+00   1.5313415e+00
   7.5500000e+02   1.9000582e+00   1.3525035e+00
   7.7500000e+02   1.9878819e+00   1.4019952e+00
   7.8500000e+02   2.0641331e+00   1.4387157e+00
   7.9500000e+02   2.2198206e+00   1.5435107e+00
