   8.6862949e-01  -2.0000000e+02
   8.6887385e-01  -1.9950000e+02
   8.6911818e-01  -1.9900000e+02
   8.6936246e-01  -1.9850000e+02
   8.6960671e-01  -1.9800000e+02
   8.6985091e-01  -1.9750000e+02
   8.7009508e-01  -1.9700000e+02
   8.7033920e-01  -1.9650000e+02
   8.7058329e-01  -1.9600000e+02
   8.7082734e-01  -1.9550000e+02
   8.7107135e-01  -1.9500000e+02
   8.7131531e-01  -1.9450000e+02
   8.7155924e-01  -1.9400000e+02
   8.7180313e-01  -1.9350000e+02
   8.7204698e-01  -1.9300000e+02
   8.7229079e-01  -1.9250000e+02
   8.7253456e-01  -1.9200000e+02
   8.7277829e-01  -1.9150000e+02
   8.7302197e-01  -1.9100000e+02
   8.7326562e-01  -1.9050000e+02
   8.7350923e-01  -1.9000000e+02
   8.7375280e-01  -1.8950000e+02
   8.7399633e-01  -1.8900000e+02
   8.7423982e-01  -1.8850000e+02
   8.7448327e-01  -1.8800000e+02
   8.7472668e-01  -1.8750000e+02
   8.7497004e-01  -1.8700000e+02
   8.7521337e-01  -1.8650000e+02
   8.7545666e-01  -1.8600000e+02
   8.7569991e-01  -1.8550000e+02
   8.7594311e-01  -1.8500000e+02
   8.7618628e-01  -1.8450000e+02
   8.7642941e-01  -1.8400000e+02
   8.7667249e-01  -1.8350000e+02
   8.7691554e-01  -1.8300000e+02
   8.7715855e-01  -1.8250000e+02
   8.7740151e-01  -1.8200000e+02
   8.7764444e-01  -1.8150000e+02
   8.7788732e-01  -1.8100000e+02
   8.7813017e-01  -1.8050000e+02
   8.7837297e-01  -1.8000000e+02
   8.7861574e-01  -1.7950000e+02
   8.7885846e-01  -1.7900000e+02
   8.7910115e-01  -1.7850000e+02
   8.7934379e-01  -1.7800000e+02
   8.7958640e-01  -1.7750000e+02
   8.7982896e-01  -1.7700000e+02
   8.8007148e-01  -1.7650000e+02
   8.8031397e-01  -1.7600000e+02
   8.8055641e-01  -1.7550000e+02
   8.8079882e-01  -1.7500000e+02
   8.8104118e-01  -1.7450000e+02
   8.8128351e-01  -1.7400000e+02
   8.8152579e-01  -1.7350000e+02
   8.8176804e-01  -1.7300000e+02
   8.8201024e-01  -1.7250000e+02
   8.8225241e-01  -1.7200000e+02
   8.8249454e-01  -1.7150000e+02
   8.8273662e-01  -1.7100000e+02
   8.8297867e-01  -1.7050000e+02
   8.8322068e-01  -1.7000000e+02
   8.8346265e-01  -1.6950000e+02
   8.8370458e-01  -1.6900000e+02
   8.8394647e-01  -1.6850000e+02
   8.8418832e-01  -1.6800000e+02
   8.8443013e-01  -1.6750000e+02
   8.8467190e-01  -1.6700000e+02
   8.8491364e-01  -1.6650000e+02
   8.8515533e-01  -1.6600000e+02
   8.8539699e-01  -1.6550000e+02
   8.8563860e-01  -1.6500000e+02
   8.8588018e-01  -1.6450000e+02
   8.8612172e-01  -1.6400000e+02
   8.8636323e-01  -1.6350000e+02
   8.8660469e-01  -1.6300000e+02
   8.8684612e-01  -1.6250000e+02
   8.8708750e-01  -1.6200000e+02
   8.8732885e-01  -1.6150000e+02
   8.8757016e-01  -1.6100000e+02
   8.8781144e-01  -1.6050000e+02
   8.8805267e-01  -1.6000000e+02
   8.8829387e-01  -1.5950000e+02
   8.8853503e-01  -1.5900000e+02
   8.8877615e-01  -1.5850000e+02
   8.8901724e-01  -1.5800000e+02
   8.8925829e-01  -1.5750000e+02
   8.8949930e-01  -1.5700000e+02
   8.8974028e-01  -1.5650000e+02
   8.8998121e-01  -1.5600000e+02
   8.9022211e-01  -1.5550000e+02
   8.9046298e-01  -1.5500000e+02
   8.9070381e-01  -1.5450000e+02
   8.9094460e-01  -1.5400000e+02
   8.9118535e-01  -1.5350000e+02
   8.9142607e-01  -1.5300000e+02
   8.9166676e-01  -1.5250000e+02
   8.9190741e-01  -1.5200000e+02
   8.9214802e-01  -1.5150000e+02
   8.9238859e-01  -1.5100000e+02
   8.9262914e-01  -1.5050000e+02
   8.9286964e-01  -1.5000000e+02
   8.9311011e-01  -1.4950000e+02
   8.9335055e-01  -1.4900000e+02
   8.9359095e-01  -1.4850000e+02
   8.9383132e-01  -1.4800000e+02
   8.9407165e-01  -1.4750000e+02
   8.9431195e-01  -1.4700000e+02
   8.9455221e-01  -1.4650000e+02
   8.9479244e-01  -1.4600000e+02
   8.9503264e-01  -1.4550000e+02
   8.9527280e-01  -1.4500000e+02
   8.9551293e-01  -1.4450000e+02
   8.9575303e-01  -1.4400000e+02
   8.9599309e-01  -1.4350000e+02
   8.9623312e-01  -1.4300000e+02
   8.9647312e-01  -1.4250000e+02
   8.9671309e-01  -1.4200000e+02
   8.9695302e-01  -1.4150000e+02
   8.9719292e-01  -1.4100000e+02
   8.9743279e-01  -1.4050000e+02
   8.9767263e-01  -1.4000000e+02
   8.9791243e-01  -1.3950000e+02
   8.9815221e-01  -1.3900000e+02
   8.9839195e-01  -1.3850000e+02
   8.9863166e-01  -1.3800000e+02
   8.9887134e-01  -1.3750000e+02
   8.9911099e-01  -1.3700000e+02
   8.9935061e-01  -1.3650000e+02
   8.9959021e-01  -1.3600000e+02
   8.9982977e-01  -1.3550000e+02
   9.0006930e-01  -1.3500000e+02
   9.0030880e-01  -1.3450000e+02
   9.0054827e-01  -1.3400000e+02
   9.0078771e-01  -1.3350000e+02
   9.0102713e-01  -1.3300000e+02
   9.0126651e-01  -1.3250000e+02
   9.0150587e-01  -1.3200000e+02
   9.0174520e-01  -1.3150000e+02
   9.0198450e-01  -1.3100000e+02
   9.0222378e-01  -1.3050000e+02
   9.0246302e-01  -1.3000000e+02
   9.0270224e-01  -1.2950000e+02
   9.0294144e-01  -1.2900000e+02
   9.0318060e-01  -1.2850000e+02
   9.0341974e-01  -1.2800000e+02
   9.0365885e-01  -1.2750000e+02
   9.0389794e-01  -1.2700000e+02
   9.0413700e-01  -1.2650000e+02
   9.0437604e-01  -1.2600000e+02
   9.0461505e-01  -1.2550000e+02
   9.0485404e-01  -1.2500000e+02
   9.0509300e-01  -1.2450000e+02
   9.0533193e-01  -1.2400000e+02
   9.0557085e-01  -1.2350000e+02
   9.0580974e-01  -1.2300000e+02
   9.0604860e-01  -1.2250000e+02
   9.0628744e-01  -1.2200000e+02
   9.0652626e-01  -1.2150000e+02
   9.0676506e-01  -1.2100000e+02
   9.0700383e-01  -1.2050000e+02
   9.0724259e-01  -1.2000000e+02
   9.0748132e-01  -1.1950000e+02
   9.0772002e-01  -1.1900000e+02
   9.0795871e-01  -1.1850000e+02
   9.0819738e-01  -1.1800000e+02
   9.0843602e-01  -1.1750000e+02
   9.0867465e-01  -1.1700000e+02
   9.0891325e-01  -1.1650000e+02
   9.0915184e-01  -1.1600000e+02
   9.0939040e-01  -1.1550000e+02
   9.0962895e-01  -1.1500000e+02
   9.0986747e-01  -1.1450000e+02
   9.1010598e-01  -1.1400000e+02
   9.1034447e-01  -1.1350000e+02
   9.1058294e-01  -1.1300000e+02
   9.1082140e-01  -1.1250000e+02
   9.1105984e-01  -1.1200000e+02
   9.1129826e-01  -1.1150000e+02
   9.1153666e-01  -1.1100000e+02
   9.1177504e-01  -1.1050000e+02
   9.1201342e-01  -1.1000000e+02
   9.1225177e-01  -1.0950000e+02
   9.1249011e-01  -1.0900000e+02
   9.1272843e-01  -1.0850000e+02
   9.1296674e-01  -1.0800000e+02
   9.1320504e-01  -1.0750000e+02
   9.1344332e-01  -1.0700000e+02
   9.1368159e-01  -1.0650000e+02
   9.1391984e-01  -1.0600000e+02
   9.1415808e-01  -1.0550000e+02
   9.1439631e-01  -1.0500000e+02
   9.1463452e-01  -1.0450000e+02
   9.1487273e-01  -1.0400000e+02
   9.1511092e-01  -1.0350000e+02
   9.1534910e-01  -1.0300000e+02
   9.1558727e-01  -1.0250000e+02
   9.1582542e-01  -1.0200000e+02
   9.1606357e-01  -1.0150000e+02
   9.1630171e-01  -1.0100000e+02
   9.1653984e-01  -1.0050000e+02
   9.1677796e-01  -1.0000000e+02
   9.1701607e-01  -9.9500000e+01
   9.1725417e-01  -9.9000000e+01
   9.1749227e-01  -9.8500000e+01
   9.1773035e-01  -9.8000000e+01
   9.1796843e-01  -9.7500000e+01
   9.1820650e-01  -9.7000000e+01
   9.1844457e-01  -9.6500000e+01
   9.1868263e-01  -9.6000000e+01
   9.1892068e-01  -9.5500000e+01
   9.1915873e-01  -9.5000000e+01
   9.1939677e-01  -9.4500000e+01
   9.1963481e-01  -9.4000000e+01
   9.1987285e-01  -9.3500000e+01
   9.2011088e-01  -9.3000000e+01
   9.2034890e-01  -9.2500000e+01
   9.2058693e-01  -9.2000000e+01
   9.2082495e-01  -9.1500000e+01
   9.2106297e-01  -9.1000000e+01
   9.2130099e-01  -9.0500000e+01
   9.2153900e-01  -9.0000000e+01
   9.2177702e-01  -8.9500000e+01
   9.2201503e-01  -8.9000000e+01
   9.2225304e-01  -8.8500000e+01
   9.2249106e-01  -8.8000000e+01
   9.2272907e-01  -8.7500000e+01
   9.2296709e-01  -8.7000000e+01
   9.2320511e-01  -8.6500000e+01
   9.2344312e-01  -8.6000000e+01
   9.2368115e-01  -8.5500000e+01
   9.2391917e-01  -8.5000000e+01
   9.2415720e-01  -8.4500000e+01
   9.2439523e-01  -8.4000000e+01
   9.2463326e-01  -8.3500000e+01
   9.2487130e-01  -8.3000000e+01
   9.2510935e-01  -8.2500000e+01
   9.2534740e-01  -8.2000000e+01
   9.2558545e-01  -8.1500000e+01
   9.2582351e-01  -8.1000000e+01
   9.2606158e-01  -8.0500000e+01
   9.2629966e-01  -8.0000000e+01
   9.2653774e-01  -7.9500000e+01
   9.2677583e-01  -7.9000000e+01
   9.2701393e-01  -7.8500000e+01
   9.2725204e-01  -7.8000000e+01
   9.2749016e-01  -7.7500000e+01
   9.2772829e-01  -7.7000000e+01
   9.2796642e-01  -7.6500000e+01
   9.2820457e-01  -7.6000000e+01
   9.2844273e-01  -7.5500000e+01
   9.2868090e-01  -7.5000000e+01
   9.2891909e-01  -7.4500000e+01
   9.2915729e-01  -7.4000000e+01
   9.2939549e-01  -7.3500000e+01
   9.2963372e-01  -7.3000000e+01
   9.2987196e-01  -7.2500000e+01
   9.3011021e-01  -7.2000000e+01
   9.3034847e-01  -7.1500000e+01
   9.3058676e-01  -7.1000000e+01
   9.3082505e-01  -7.0500000e+01
   9.3106337e-01  -7.0000000e+01
   9.3130170e-01  -6.9500000e+01
   9.3154005e-01  -6.9000000e+01
   9.3177842e-01  -6.8500000e+01
   9.3201680e-01  -6.8000000e+01
   9.3225521e-01  -6.7500000e+01
   9.3249363e-01  -6.7000000e+01
   9.3273207e-01  -6.6500000e+01
   9.3297054e-01  -6.6000000e+01
   9.3320902e-01  -6.5500000e+01
   9.3344753e-01  -6.5000000e+01
   9.3368606e-01  -6.4500000e+01
   9.3392461e-01  -6.4000000e+01
   9.3416318e-01  -6.3500000e+01
   9.3440178e-01  -6.3000000e+01
   9.3464040e-01  -6.2500000e+01
   9.3487905e-01  -6.2000000e+01
   9.3511772e-01  -6.1500000e+01
   9.3535641e-01  -6.1000000e+01
   9.3559514e-01  -6.0500000e+01
   9.3583389e-01  -6.0000000e+01
   9.3607266e-01  -5.9500000e+01
   9.3631146e-01  -5.9000000e+01
   9.3655030e-01  -5.8500000e+01
   9.3678916e-01  -5.8000000e+01
   9.3702805e-01  -5.7500000e+01
   9.3726697e-01  -5.7000000e+01
   9.3750591e-01  -5.6500000e+01
   9.3774490e-01  -5.6000000e+01
   9.3798391e-01  -5.5500000e+01
   9.3822295e-01  -5.5000000e+01
   9.3846203e-01  -5.4500000e+01
   9.3870114e-01  -5.4000000e+01
   9.3894028e-01  -5.3500000e+01
   9.3917945e-01  -5.3000000e+01
   9.3941867e-01  -5.2500000e+01
   9.3965791e-01  -5.2000000e+01
   9.3989719e-01  -5.1500000e+01
   9.4013651e-01  -5.1000000e+01
   9.4037587e-01  -5.0500000e+01
   9.4061526e-01  -5.0000000e+01
   9.4085469e-01  -4.9500000e+01
   9.4109416e-01  -4.9000000e+01
   9.4133367e-01  -4.8500000e+01
   9.4157321e-01  -4.8000000e+01
   9.4181280e-01  -4.7500000e+01
   9.4205243e-01  -4.7000000e+01
   9.4229210e-01  -4.6500000e+01
   9.4253181e-01  -4.6000000e+01
   9.4277157e-01  -4.5500000e+01
   9.4301136e-01  -4.5000000e+01
   9.4325121e-01  -4.4500000e+01
   9.4349109e-01  -4.4000000e+01
   9.4373102e-01  -4.3500000e+01
   9.4397100e-01  -4.3000000e+01
   9.4421102e-01  -4.2500000e+01
   9.4445109e-01  -4.2000000e+01
   9.4469120e-01  -4.1500000e+01
   9.4493136e-01  -4.1000000e+01
   9.4517157e-01  -4.0500000e+01
   9.4541183e-01  -4.0000000e+01
   9.4565214e-01  -3.9500000e+01
   9.4589250e-01  -3.9000000e+01
   9.4613291e-01  -3.8500000e+01
   9.4637337e-01  -3.8000000e+01
   9.4661389e-01  -3.7500000e+01
   9.4685445e-01  -3.7000000e+01
   9.4709507e-01  -3.6500000e+01
   9.4733575e-01  -3.6000000e+01
   9.4757647e-01  -3.5500000e+01
   9.4781725e-01  -3.5000000e+01
   9.4805809e-01  -3.4500000e+01
   9.4829899e-01  -3.4000000e+01
   9.4853994e-01  -3.3500000e+01
   9.4878094e-01  -3.3000000e+01
   9.4902201e-01  -3.2500000e+01
   9.4926313e-01  -3.2000000e+01
   9.4950432e-01  -3.1500000e+01
   9.4974556e-01  -3.1000000e+01
   9.4998686e-01  -3.0500000e+01
   9.5022823e-01  -3.0000000e+01
   9.5046965e-01  -2.9500000e+01
   9.5071114e-01  -2.9000000e+01
   9.5095269e-01  -2.8500000e+01
   9.5119431e-01  -2.8000000e+01
   9.5143599e-01  -2.7500000e+01
   9.5167773e-01  -2.7000000e+01
   9.5191954e-01  -2.6500000e+01
   9.5216142e-01  -2.6000000e+01
   9.5240336e-01  -2.5500000e+01
   9.5264537e-01  -2.5000000e+01
   9.5288745e-01  -2.4500000e+01
   9.5312960e-01  -2.4000000e+01
   9.5337181e-01  -2.3500000e+01
   9.5361410e-01  -2.3000000e+01
   9.5385646e-01  -2.2500000e+01
   9.5409888e-01  -2.2000000e+01
   9.5434138e-01  -2.1500000e+01
   9.5458396e-01  -2.1000000e+01
   9.5482660e-01  -2.0500000e+01
   9.5506932e-01  -2.0000000e+01
   9.5531212e-01  -1.9500000e+01
   9.5555498e-01  -1.9000000e+01
   9.5579793e-01  -1.8500000e+01
   9.5604095e-01  -1.8000000e+01
   9.5628405e-01  -1.7500000e+01
   9.5652723e-01  -1.7000000e+01
   9.5677048e-01  -1.6500000e+01
   9.5701382e-01  -1.6000000e+01
   9.5725723e-01  -1.5500000e+01
   9.5750072e-01  -1.5000000e+01
   9.5774430e-01  -1.4500000e+01
   9.5798796e-01  -1.4000000e+01
   9.5823170e-01  -1.3500000e+01
   9.5847552e-01  -1.3000000e+01
   9.5871943e-01  -1.2500000e+01
   9.5896342e-01  -1.2000000e+01
   9.5920749e-01  -1.1500000e+01
   9.5945166e-01  -1.1000000e+01
   9.5969591e-01  -1.0500000e+01
   9.5994024e-01  -1.0000000e+01
   9.6018467e-01  -9.5000000e+00
   9.6042918e-01  -9.0000000e+00
   9.6067378e-01  -8.5000000e+00
   9.6091847e-01  -8.0000000e+00
   9.6116326e-01  -7.5000000e+00
   9.6140813e-01  -7.0000000e+00
   9.6165310e-01  -6.5000000e+00
   9.6189815e-01  -6.0000000e+00
   9.6214331e-01  -5.5000000e+00
   9.6238855e-01  -5.0000000e+00
   9.6263389e-01  -4.5000000e+00
   9.6287933e-01  -4.0000000e+00
   9.6312486e-01  -3.5000000e+00
   9.6337049e-01  -3.0000000e+00
   9.6361622e-01  -2.5000000e+00
   9.6386205e-01  -2.0000000e+00
   9.6410797e-01  -1.5000000e+00
   9.6435400e-01  -1.0000000e+00
   9.6460012e-01  -5.0000000e-01
   9.6484635e-01   0.0000000e+00
   9.6509267e-01   5.0000000e-01
   9.6533910e-01   1.0000000e+00
   9.6558564e-01   1.5000000e+00
   9.6583228e-01   2.0000000e+00
   9.6607902e-01   2.5000000e+00
   9.6632587e-01   3.0000000e+00
   9.6657282e-01   3.5000000e+00
   9.6681988e-01   4.0000000e+00
   9.6706705e-01   4.5000000e+00
   9.6731432e-01   5.0000000e+00
   9.6756171e-01   5.5000000e+00
   9.6780921e-01   6.0000000e+00
   9.6805681e-01   6.5000000e+00
   9.6830453e-01   7.0000000e+00
   9.6855236e-01   7.5000000e+00
   9.6880030e-01   8.0000000e+00
   9.6904835e-01   8.5000000e+00
   9.6929652e-01   9.0000000e+00
   9.6954480e-01   9.5000000e+00
   9.6979320e-01   1.0000000e+01
   9.7004172e-01   1.0500000e+01
   9.7029035e-01   1.1000000e+01
   9.7053910e-01   1.1500000e+01
   9.7078797e-01   1.2000000e+01
   9.7103696e-01   1.2500000e+01
   9.7128606e-01   1.3000000e+01
   9.7153529e-01   1.3500000e+01
   9.7178464e-01   1.4000000e+01
   9.7203411e-01   1.4500000e+01
   9.7228371e-01   1.5000000e+01
   9.7253343e-01   1.5500000e+01
   9.7278327e-01   1.6000000e+01
   9.7303324e-01   1.6500000e+01
   9.7328333e-01   1.7000000e+01
   9.7353355e-01   1.7500000e+01
   9.7378390e-01   1.8000000e+01
   9.7403437e-01   1.8500000e+01
   9.7428498e-01   1.9000000e+01
   9.7453571e-01   1.9500000e+01
   9.7478657e-01   2.0000000e+01
   9.7503757e-01   2.0500000e+01
   9.7528870e-01   2.1000000e+01
   9.7553996e-01   2.1500000e+01
   9.7579135e-01   2.2000000e+01
   9.7604288e-01   2.2500000e+01
   9.7629454e-01   2.3000000e+01
   9.7654634e-01   2.3500000e+01
   9.7679827e-01   2.4000000e+01
   9.7705034e-01   2.4500000e+01
   9.7730255e-01   2.5000000e+01
   9.7755490e-01   2.5500000e+01
   9.7780739e-01   2.6000000e+01
   9.7806002e-01   2.6500000e+01
   9.7831278e-01   2.7000000e+01
   9.7856569e-01   2.7500000e+01
   9.7881875e-01   2.8000000e+01
   9.7907194e-01   2.8500000e+01
   9.7932528e-01   2.9000000e+01
   9.7957877e-01   2.9500000e+01
   9.7983240e-01   3.0000000e+01
   9.8008617e-01   3.0500000e+01
   9.8034010e-01   3.1000000e+01
   9.8059417e-01   3.1500000e+01
   9.8084839e-01   3.2000000e+01
   9.8110276e-01   3.2500000e+01
   9.8135728e-01   3.3000000e+01
   9.8161195e-01   3.3500000e+01
   9.8186677e-01   3.4000000e+01
   9.8212175e-01   3.4500000e+01
   9.8237687e-01   3.5000000e+01
   9.8263216e-01   3.5500000e+01
   9.8288759e-01   3.6000000e+01
   9.8314319e-01   3.6500000e+01
   9.8339894e-01   3.7000000e+01
   9.8365484e-01   3.7500000e+01
   9.8391091e-01   3.8000000e+01
   9.8416713e-01   3.8500000e+01
   9.8442351e-01   3.9000000e+01
   9.8468005e-01   3.9500000e+01
   9.8493676e-01   4.0000000e+01
   9.8519362e-01   4.0500000e+01
   9.8545065e-01   4.1000000e+01
   9.8570784e-01   4.1500000e+01
   9.8596520e-01   4.2000000e+01
   9.8622272e-01   4.2500000e+01
   9.8648041e-01   4.3000000e+01
   9.8673826e-01   4.3500000e+01
   9.8699628e-01   4.4000000e+01
   9.8725447e-01   4.4500000e+01
   9.8751283e-01   4.5000000e+01
   9.8777136e-01   4.5500000e+01
   9.8803005e-01   4.6000000e+01
   9.8828892e-01   4.6500000e+01
   9.8854796e-01   4.7000000e+01
   9.8880718e-01   4.7500000e+01
   9.8906657e-01   4.8000000e+01
   9.8932613e-01   4.8500000e+01
   9.8958587e-01   4.9000000e+01
   9.8984578e-01   4.9500000e+01
   9.9010587e-01   5.0000000e+01
   9.9036614e-01   5.0500000e+01
   9.9062659e-01   5.1000000e+01
   9.9088722e-01   5.1500000e+01
   9.9114802e-01   5.2000000e+01
   9.9140901e-01   5.2500000e+01
   9.9167018e-01   5.3000000e+01
   9.9193153e-01   5.3500000e+01
   9.9219306e-01   5.4000000e+01
   9.9245478e-01   5.4500000e+01
   9.9271669e-01   5.5000000e+01
   9.9297878e-01   5.5500000e+01
   9.9324105e-01   5.6000000e+01
   9.9350352e-01   5.6500000e+01
   9.9376617e-01   5.7000000e+01
   9.9402901e-01   5.7500000e+01
   9.9429204e-01   5.8000000e+01
   9.9455526e-01   5.8500000e+01
   9.9481867e-01   5.9000000e+01
   9.9508227e-01   5.9500000e+01
   9.9534607e-01   6.0000000e+01
   9.9561006e-01   6.0500000e+01
   9.9587424e-01   6.1000000e+01
   9.9613862e-01   6.1500000e+01
   9.9640320e-01   6.2000000e+01
   9.9666797e-01   6.2500000e+01
   9.9693294e-01   6.3000000e+01
   9.9719811e-01   6.3500000e+01
   9.9746348e-01   6.4000000e+01
   9.9772905e-01   6.4500000e+01
   9.9799482e-01   6.5000000e+01
   9.9826079e-01   6.5500000e+01
   9.9852697e-01   6.6000000e+01
   9.9879334e-01   6.6500000e+01
   9.9905993e-01   6.7000000e+01
   9.9932671e-01   6.7500000e+01
   9.9959371e-01   6.8000000e+01
   9.9986090e-01   6.8500000e+01
   1.0001283e+00   6.9000000e+01
   1.0003959e+00   6.9500000e+01
   1.0006637e+00   7.0000000e+01
   1.0009318e+00   7.0500000e+01
   1.0012000e+00   7.1000000e+01
   1.0014685e+00   7.1500000e+01
   1.0017372e+00   7.2000000e+01
   1.0020060e+00   7.2500000e+01
   1.0022751e+00   7.3000000e+01
   1.0025444e+00   7.3500000e+01
   1.0028140e+00   7.4000000e+01
   1.0030837e+00   7.4500000e+01
   1.0033537e+00   7.5000000e+01
   1.0036238e+00   7.5500000e+01
   1.0038942e+00   7.6000000e+01
   1.0041649e+00   7.6500000e+01
   1.0044357e+00   7.7000000e+01
   1.0047067e+00   7.7500000e+01
   1.0049780e+00   7.8000000e+01
   1.0052495e+00   7.8500000e+01
   1.0055213e+00   7.9000000e+01
   1.0057932e+00   7.9500000e+01
   1.0060654e+00   8.0000000e+01
   1.0063378e+00   8.0500000e+01
   1.0066104e+00   8.1000000e+01
   1.0068833e+00   8.1500000e+01
   1.0071563e+00   8.2000000e+01
   1.0074297e+00   8.2500000e+01
   1.0077032e+00   8.3000000e+01
   1.0079770e+00   8.3500000e+01
   1.0082510e+00   8.4000000e+01
   1.0085252e+00   8.4500000e+01
   1.0087997e+00   8.5000000e+01
   1.0090744e+00   8.5500000e+01
   1.0093494e+00   8.6000000e+01
   1.0096245e+00   8.6500000e+01
   1.0098999e+00   8.7000000e+01
   1.0101756e+00   8.7500000e+01
   1.0104515e+00   8.8000000e+01
   1.0107276e+00   8.8500000e+01
   1.0110040e+00   8.9000000e+01
   1.0112806e+00   8.9500000e+01
   1.0115574e+00   9.0000000e+01
   1.0118345e+00   9.0500000e+01
   1.0121119e+00   9.1000000e+01
   1.0123895e+00   9.1500000e+01
   1.0126673e+00   9.2000000e+01
   1.0129454e+00   9.2500000e+01
   1.0132237e+00   9.3000000e+01
   1.0135022e+00   9.3500000e+01
   1.0137811e+00   9.4000000e+01
   1.0140601e+00   9.4500000e+01
   1.0143394e+00   9.5000000e+01
   1.0146190e+00   9.5500000e+01
   1.0148988e+00   9.6000000e+01
   1.0151789e+00   9.6500000e+01
   1.0154592e+00   9.7000000e+01
   1.0157398e+00   9.7500000e+01
   1.0160206e+00   9.8000000e+01
   1.0163017e+00   9.8500000e+01
   1.0165830e+00   9.9000000e+01
   1.0168646e+00   9.9500000e+01
   1.0171464e+00   1.0000000e+02
   1.0174286e+00   1.0050000e+02
   1.0177109e+00   1.0100000e+02
   1.0179936e+00   1.0150000e+02
   1.0182764e+00   1.0200000e+02
   1.0185596e+00   1.0250000e+02
   1.0188430e+00   1.0300000e+02
   1.0191267e+00   1.0350000e+02
   1.0194106e+00   1.0400000e+02
   1.0196948e+00   1.0450000e+02
   1.0199793e+00   1.0500000e+02
   1.0202641e+00   1.0550000e+02
   1.0205491e+00   1.0600000e+02
   1.0208343e+00   1.0650000e+02
   1.0211199e+00   1.0700000e+02
   1.0214057e+00   1.0750000e+02
   1.0216918e+00   1.0800000e+02
   1.0219781e+00   1.0850000e+02
   1.0222648e+00   1.0900000e+02
   1.0225517e+00   1.0950000e+02
   1.0228388e+00   1.1000000e+02
   1.0231263e+00   1.1050000e+02
   1.0234140e+00   1.1100000e+02
   1.0237020e+00   1.1150000e+02
   1.0239903e+00   1.1200000e+02
   1.0242788e+00   1.1250000e+02
   1.0245677e+00   1.1300000e+02
   1.0248568e+00   1.1350000e+02
   1.0251462e+00   1.1400000e+02
   1.0254359e+00   1.1450000e+02
   1.0257258e+00   1.1500000e+02
   1.0260160e+00   1.1550000e+02
   1.0263066e+00   1.1600000e+02
   1.0265974e+00   1.1650000e+02
   1.0268885e+00   1.1700000e+02
   1.0271798e+00   1.1750000e+02
   1.0274715e+00   1.1800000e+02
   1.0277634e+00   1.1850000e+02
   1.0280557e+00   1.1900000e+02
   1.0283482e+00   1.1950000e+02
   1.0286410e+00   1.2000000e+02
   1.0289341e+00   1.2050000e+02
   1.0292275e+00   1.2100000e+02
   1.0295212e+00   1.2150000e+02
   1.0298152e+00   1.2200000e+02
   1.0301095e+00   1.2250000e+02
   1.0304040e+00   1.2300000e+02
   1.0306989e+00   1.2350000e+02
   1.0309941e+00   1.2400000e+02
   1.0312895e+00   1.2450000e+02
   1.0315853e+00   1.2500000e+02
   1.0318813e+00   1.2550000e+02
   1.0321777e+00   1.2600000e+02
   1.0324743e+00   1.2650000e+02
   1.0327713e+00   1.2700000e+02
   1.0330685e+00   1.2750000e+02
   1.0333661e+00   1.2800000e+02
   1.0336639e+00   1.2850000e+02
   1.0339621e+00   1.2900000e+02
   1.0342606e+00   1.2950000e+02
   1.0345593e+00   1.3000000e+02
   1.0348584e+00   1.3050000e+02
   1.0351578e+00   1.3100000e+02
   1.0354575e+00   1.3150000e+02
   1.0357575e+00   1.3200000e+02
   1.0360578e+00   1.3250000e+02
   1.0363584e+00   1.3300000e+02
   1.0366593e+00   1.3350000e+02
   1.0369605e+00   1.3400000e+02
   1.0372621e+00   1.3450000e+02
   1.0375640e+00   1.3500000e+02
   1.0378661e+00   1.3550000e+02
   1.0381686e+00   1.3600000e+02
   1.0384714e+00   1.3650000e+02
   1.0387745e+00   1.3700000e+02
   1.0390780e+00   1.3750000e+02
   1.0393817e+00   1.3800000e+02
   1.0396858e+00   1.3850000e+02
   1.0399902e+00   1.3900000e+02
   1.0402949e+00   1.3950000e+02
   1.0405999e+00   1.4000000e+02
   1.0409053e+00   1.4050000e+02
   1.0412109e+00   1.4100000e+02
   1.0415169e+00   1.4150000e+02
   1.0418232e+00   1.4200000e+02
   1.0421299e+00   1.4250000e+02
   1.0424368e+00   1.4300000e+02
   1.0427441e+00   1.4350000e+02
   1.0430518e+00   1.4400000e+02
   1.0433597e+00   1.4450000e+02
   1.0436680e+00   1.4500000e+02
   1.0439766e+00   1.4550000e+02
   1.0442855e+00   1.4600000e+02
   1.0445947e+00   1.4650000e+02
   1.0449043e+00   1.4700000e+02
   1.0452142e+00   1.4750000e+02
   1.0455245e+00   1.4800000e+02
   1.0458351e+00   1.4850000e+02
   1.0461460e+00   1.4900000e+02
   1.0464572e+00   1.4950000e+02
   1.0467688e+00   1.5000000e+02
   1.0470807e+00   1.5050000e+02
   1.0473930e+00   1.5100000e+02
   1.0477056e+00   1.5150000e+02
   1.0480185e+00   1.5200000e+02
   1.0483318e+00   1.5250000e+02
   1.0486454e+00   1.5300000e+02
   1.0489593e+00   1.5350000e+02
   1.0492736e+00   1.5400000e+02
   1.0495883e+00   1.5450000e+02
   1.0499032e+00   1.5500000e+02
   1.0502185e+00   1.5550000e+02
   1.0505342e+00   1.5600000e+02
   1.0508502e+00   1.5650000e+02
   1.0511665e+00   1.5700000e+02
   1.0514832e+00   1.5750000e+02
   1.0518003e+00   1.5800000e+02
   1.0521177e+00   1.5850000e+02
   1.0524354e+00   1.5900000e+02
   1.0527535e+00   1.5950000e+02
   1.0530719e+00   1.6000000e+02
   1.0533907e+00   1.6050000e+02
   1.0537098e+00   1.6100000e+02
   1.0540293e+00   1.6150000e+02
   1.0543491e+00   1.6200000e+02
   1.0546693e+00   1.6250000e+02
   1.0549898e+00   1.6300000e+02
   1.0553107e+00   1.6350000e+02
   1.0556319e+00   1.6400000e+02
   1.0559535e+00   1.6450000e+02
   1.0562755e+00   1.6500000e+02
   1.0565978e+00   1.6550000e+02
   1.0569205e+00   1.6600000e+02
   1.0572435e+00   1.6650000e+02
   1.0575669e+00   1.6700000e+02
   1.0578906e+00   1.6750000e+02
   1.0582147e+00   1.6800000e+02
   1.0585391e+00   1.6850000e+02
   1.0588640e+00   1.6900000e+02
   1.0591891e+00   1.6950000e+02
   1.0595147e+00   1.7000000e+02
   1.0598406e+00   1.7050000e+02
   1.0601669e+00   1.7100000e+02
   1.0604935e+00   1.7150000e+02
   1.0608205e+00   1.7200000e+02
   1.0611478e+00   1.7250000e+02
   1.0614756e+00   1.7300000e+02
   1.0618037e+00   1.7350000e+02
   1.0621321e+00   1.7400000e+02
   1.0624610e+00   1.7450000e+02
   1.0627902e+00   1.7500000e+02
   1.0631197e+00   1.7550000e+02
   1.0634497e+00   1.7600000e+02
   1.0637800e+00   1.7650000e+02
   1.0641106e+00   1.7700000e+02
   1.0644417e+00   1.7750000e+02
   1.0647731e+00   1.7800000e+02
   1.0651049e+00   1.7850000e+02
   1.0654371e+00   1.7900000e+02
   1.0657696e+00   1.7950000e+02
   1.0661025e+00   1.8000000e+02
   1.0664358e+00   1.8050000e+02
   1.0667695e+00   1.8100000e+02
   1.0671035e+00   1.8150000e+02
   1.0674380e+00   1.8200000e+02
   1.0677728e+00   1.8250000e+02
   1.0681079e+00   1.8300000e+02
   1.0684435e+00   1.8350000e+02
   1.0687794e+00   1.8400000e+02
   1.0691157e+00   1.8450000e+02
   1.0694524e+00   1.8500000e+02
   1.0697895e+00   1.8550000e+02
   1.0701270e+00   1.8600000e+02
   1.0704648e+00   1.8650000e+02
   1.0708030e+00   1.8700000e+02
   1.0711416e+00   1.8750000e+02
   1.0714806e+00   1.8800000e+02
   1.0718200e+00   1.8850000e+02
   1.0721598e+00   1.8900000e+02
   1.0724999e+00   1.8950000e+02
   1.0728404e+00   1.9000000e+02
   1.0731814e+00   1.9050000e+02
   1.0735227e+00   1.9100000e+02
   1.0738644e+00   1.9150000e+02
   1.0742065e+00   1.9200000e+02
   1.0745489e+00   1.9250000e+02
   1.0748918e+00   1.9300000e+02
   1.0752350e+00   1.9350000e+02
   1.0755787e+00   1.9400000e+02
   1.0759227e+00   1.9450000e+02
   1.0762671e+00   1.9500000e+02
   1.0766120e+00   1.9550000e+02
   1.0769572e+00   1.9600000e+02
   1.0773028e+00   1.9650000e+02
   1.0776488e+00   1.9700000e+02
   1.0779952e+00   1.9750000e+02
   1.0783419e+00   1.9800000e+02
   1.0786891e+00   1.9850000e+02
   1.0790367e+00   1.9900000e+02
   1.0793847e+00   1.9950000e+02
   1.0797331e+00   2.0000000e+02
   1.0800818e+00   2.0050000e+02
   1.0804310e+00   2.0100000e+02
   1.0807806e+00   2.0150000e+02
   1.0811305e+00   2.0200000e+02
   1.0814809e+00   2.0250000e+02
   1.0818317e+00   2.0300000e+02
   1.0821828e+00   2.0350000e+02
   1.0825344e+00   2.0400000e+02
   1.0828863e+00   2.0450000e+02
   1.0832387e+00   2.0500000e+02
   1.0835915e+00   2.0550000e+02
   1.0839447e+00   2.0600000e+02
   1.0842982e+00   2.0650000e+02
   1.0846522e+00   2.0700000e+02
   1.0850066e+00   2.0750000e+02
   1.0853614e+00   2.0800000e+02
   1.0857166e+00   2.0850000e+02
   1.0860722e+00   2.0900000e+02
   1.0864282e+00   2.0950000e+02
   1.0867846e+00   2.1000000e+02
   1.0871414e+00   2.1050000e+02
   1.0874986e+00   2.1100000e+02
   1.0878563e+00   2.1150000e+02
   1.0882143e+00   2.1200000e+02
   1.0885728e+00   2.1250000e+02
   1.0889316e+00   2.1300000e+02
   1.0892909e+00   2.1350000e+02
   1.0896506e+00   2.1400000e+02
   1.0900107e+00   2.1450000e+02
   1.0903712e+00   2.1500000e+02
   1.0907321e+00   2.1550000e+02
   1.0910934e+00   2.1600000e+02
   1.0914552e+00   2.1650000e+02
   1.0918173e+00   2.1700000e+02
   1.0921799e+00   2.1750000e+02
   1.0925428e+00   2.1800000e+02
   1.0929062e+00   2.1850000e+02
   1.0932700e+00   2.1900000e+02
   1.0936342e+00   2.1950000e+02
   1.0939989e+00   2.2000000e+02
   1.0943639e+00   2.2050000e+02
   1.0947294e+00   2.2100000e+02
   1.0950953e+00   2.2150000e+02
   1.0954616e+00   2.2200000e+02
   1.0958283e+00   2.2250000e+02
   1.0961954e+00   2.2300000e+02
   1.0965629e+00   2.2350000e+02
   1.0969309e+00   2.2400000e+02
   1.0972993e+00   2.2450000e+02
   1.0976681e+00   2.2500000e+02
   1.0980373e+00   2.2550000e+02
   1.0984069e+00   2.2600000e+02
   1.0987770e+00   2.2650000e+02
   1.0991475e+00   2.2700000e+02
   1.0995184e+00   2.2750000e+02
   1.0998897e+00   2.2800000e+02
   1.1002614e+00   2.2850000e+02
   1.1006336e+00   2.2900000e+02
   1.1010062e+00   2.2950000e+02
   1.1013792e+00   2.3000000e+02
   1.1017526e+00   2.3050000e+02
   1.1021265e+00   2.3100000e+02
   1.1025007e+00   2.3150000e+02
   1.1028754e+00   2.3200000e+02
   1.1032505e+00   2.3250000e+02
   1.1036261e+00   2.3300000e+02
   1.1040020e+00   2.3350000e+02
   1.1043784e+00   2.3400000e+02
   1.1047552e+00   2.3450000e+02
   1.1051325e+00   2.3500000e+02
   1.1055101e+00   2.3550000e+02
   1.1058882e+00   2.3600000e+02
   1.1062667e+00   2.3650000e+02
   1.1066457e+00   2.3700000e+02
   1.1070250e+00   2.3750000e+02
   1.1074048e+00   2.3800000e+02
   1.1077851e+00   2.3850000e+02
   1.1081657e+00   2.3900000e+02
   1.1085468e+00   2.3950000e+02
   1.1089283e+00   2.4000000e+02
   1.1093102e+00   2.4050000e+02
   1.1096925e+00   2.4100000e+02
   1.1100753e+00   2.4150000e+02
   1.1104585e+00   2.4200000e+02
   1.1108422e+00   2.4250000e+02
   1.1112262e+00   2.4300000e+02
   1.1116107e+00   2.4350000e+02
   1.1119957e+00   2.4400000e+02
   1.1123810e+00   2.4450000e+02
   1.1127668e+00   2.4500000e+02
   1.1131530e+00   2.4550000e+02
   1.1135397e+00   2.4600000e+02
   1.1139267e+00   2.4650000e+02
   1.1143142e+00   2.4700000e+02
   1.1147022e+00   2.4750000e+02
   1.1150905e+00   2.4800000e+02
   1.1154793e+00   2.4850000e+02
   1.1158685e+00   2.4900000e+02
   1.1162582e+00   2.4950000e+02
   1.1166483e+00   2.5000000e+02
   1.1170388e+00   2.5050000e+02
   1.1174298e+00   2.5100000e+02
   1.1178211e+00   2.5150000e+02
   1.1182130e+00   2.5200000e+02
   1.1186052e+00   2.5250000e+02
   1.1189979e+00   2.5300000e+02
   1.1193910e+00   2.5350000e+02
   1.1197845e+00   2.5400000e+02
   1.1201785e+00   2.5450000e+02
   1.1205729e+00   2.5500000e+02
   1.1209678e+00   2.5550000e+02
   1.1213630e+00   2.5600000e+02
   1.1217587e+00   2.5650000e+02
   1.1221549e+00   2.5700000e+02
   1.1225514e+00   2.5750000e+02
   1.1229484e+00   2.5800000e+02
   1.1233459e+00   2.5850000e+02
   1.1237437e+00   2.5900000e+02
   1.1241420e+00   2.5950000e+02
   1.1245408e+00   2.6000000e+02
   1.1249400e+00   2.6050000e+02
   1.1253396e+00   2.6100000e+02
   1.1257396e+00   2.6150000e+02
   1.1261401e+00   2.6200000e+02
   1.1265410e+00   2.6250000e+02
   1.1269423e+00   2.6300000e+02
   1.1273441e+00   2.6350000e+02
   1.1277463e+00   2.6400000e+02
   1.1281489e+00   2.6450000e+02
   1.1285520e+00   2.6500000e+02
   1.1289555e+00   2.6550000e+02
   1.1293594e+00   2.6600000e+02
   1.1297638e+00   2.6650000e+02
   1.1301686e+00   2.6700000e+02
   1.1305739e+00   2.6750000e+02
   1.1309795e+00   2.6800000e+02
   1.1313856e+00   2.6850000e+02
   1.1317922e+00   2.6900000e+02
   1.1321992e+00   2.6950000e+02
   1.1326066e+00   2.7000000e+02
   1.1330144e+00   2.7050000e+02
   1.1334227e+00   2.7100000e+02
   1.1338314e+00   2.7150000e+02
   1.1342405e+00   2.7200000e+02
   1.1346501e+00   2.7250000e+02
   1.1350601e+00   2.7300000e+02
   1.1354706e+00   2.7350000e+02
   1.1358814e+00   2.7400000e+02
   1.1362928e+00   2.7450000e+02
   1.1367045e+00   2.7500000e+02
   1.1371167e+00   2.7550000e+02
   1.1375293e+00   2.7600000e+02
   1.1379423e+00   2.7650000e+02
   1.1383558e+00   2.7700000e+02
   1.1387697e+00   2.7750000e+02
   1.1391840e+00   2.7800000e+02
   1.1395988e+00   2.7850000e+02
   1.1400140e+00   2.7900000e+02
   1.1404297e+00   2.7950000e+02
   1.1408457e+00   2.8000000e+02
   1.1412622e+00   2.8050000e+02
   1.1416792e+00   2.8100000e+02
   1.1420965e+00   2.8150000e+02
   1.1425143e+00   2.8200000e+02
   1.1429325e+00   2.8250000e+02
   1.1433512e+00   2.8300000e+02
   1.1437703e+00   2.8350000e+02
   1.1441898e+00   2.8400000e+02
   1.1446098e+00   2.8450000e+02
   1.1450301e+00   2.8500000e+02
   1.1454509e+00   2.8550000e+02
   1.1458722e+00   2.8600000e+02
   1.1462939e+00   2.8650000e+02
   1.1467160e+00   2.8700000e+02
   1.1471385e+00   2.8750000e+02
   1.1475614e+00   2.8800000e+02
   1.1479848e+00   2.8850000e+02
   1.1484086e+00   2.8900000e+02
   1.1488329e+00   2.8950000e+02
   1.1492576e+00   2.9000000e+02
   1.1496827e+00   2.9050000e+02
   1.1501082e+00   2.9100000e+02
   1.1505341e+00   2.9150000e+02
   1.1509605e+00   2.9200000e+02
   1.1513873e+00   2.9250000e+02
   1.1518146e+00   2.9300000e+02
   1.1522422e+00   2.9350000e+02
   1.1526703e+00   2.9400000e+02
   1.1530988e+00   2.9450000e+02
   1.1535278e+00   2.9500000e+02
   1.1539571e+00   2.9550000e+02
   1.1543869e+00   2.9600000e+02
   1.1548171e+00   2.9650000e+02
   1.1552478e+00   2.9700000e+02
   1.1556788e+00   2.9750000e+02
   1.1561103e+00   2.9800000e+02
   1.1565422e+00   2.9850000e+02
   1.1569746e+00   2.9900000e+02
   1.1574073e+00   2.9950000e+02
   1.1578405e+00   3.0000000e+02
   1.1582741e+00   3.0050000e+02
   1.1587081e+00   3.0100000e+02
   1.1591425e+00   3.0150000e+02
   1.1595774e+00   3.0200000e+02
   1.1600127e+00   3.0250000e+02
   1.1604484e+00   3.0300000e+02
   1.1608845e+00   3.0350000e+02
   1.1613211e+00   3.0400000e+02
   1.1617580e+00   3.0450000e+02
   1.1621954e+00   3.0500000e+02
   1.1626332e+00   3.0550000e+02
   1.1630714e+00   3.0600000e+02
   1.1635100e+00   3.0650000e+02
   1.1639491e+00   3.0700000e+02
   1.1643885e+00   3.0750000e+02
   1.1648284e+00   3.0800000e+02
   1.1652687e+00   3.0850000e+02
   1.1657094e+00   3.0900000e+02
   1.1661505e+00   3.0950000e+02
   1.1665921e+00   3.1000000e+02
   1.1670340e+00   3.1050000e+02
   1.1674764e+00   3.1100000e+02
   1.1679192e+00   3.1150000e+02
   1.1683624e+00   3.1200000e+02
   1.1688060e+00   3.1250000e+02
   1.1692500e+00   3.1300000e+02
   1.1696944e+00   3.1350000e+02
   1.1701392e+00   3.1400000e+02
   1.1705844e+00   3.1450000e+02
   1.1710301e+00   3.1500000e+02
   1.1714761e+00   3.1550000e+02
   1.1719226e+00   3.1600000e+02
   1.1723695e+00   3.1650000e+02
   1.1728168e+00   3.1700000e+02
   1.1732644e+00   3.1750000e+02
   1.1737125e+00   3.1800000e+02
   1.1741610e+00   3.1850000e+02
   1.1746099e+00   3.1900000e+02
   1.1750592e+00   3.1950000e+02
   1.1755089e+00   3.2000000e+02
   1.1759590e+00   3.2050000e+02
   1.1764095e+00   3.2100000e+02
   1.1768604e+00   3.2150000e+02
   1.1773117e+00   3.2200000e+02
   1.1777635e+00   3.2250000e+02
   1.1782156e+00   3.2300000e+02
   1.1786681e+00   3.2350000e+02
   1.1791210e+00   3.2400000e+02
   1.1795743e+00   3.2450000e+02
   1.1800280e+00   3.2500000e+02
   1.1804821e+00   3.2550000e+02
   1.1809366e+00   3.2600000e+02
   1.1813914e+00   3.2650000e+02
   1.1818467e+00   3.2700000e+02
   1.1823024e+00   3.2750000e+02
   1.1827584e+00   3.2800000e+02
   1.1832149e+00   3.2850000e+02
   1.1836717e+00   3.2900000e+02
   1.1841290e+00   3.2950000e+02
   1.1845866e+00   3.3000000e+02
   1.1850446e+00   3.3050000e+02
   1.1855030e+00   3.3100000e+02
   1.1859618e+00   3.3150000e+02
   1.1864210e+00   3.3200000e+02
   1.1868806e+00   3.3250000e+02
   1.1873405e+00   3.3300000e+02
   1.1878008e+00   3.3350000e+02
   1.1882615e+00   3.3400000e+02
   1.1887226e+00   3.3450000e+02
   1.1891841e+00   3.3500000e+02
   1.1896460e+00   3.3550000e+02
   1.1901082e+00   3.3600000e+02
   1.1905708e+00   3.3650000e+02
   1.1910338e+00   3.3700000e+02
   1.1914972e+00   3.3750000e+02
   1.1919610e+00   3.3800000e+02
   1.1924251e+00   3.3850000e+02
   1.1928896e+00   3.3900000e+02
   1.1933545e+00   3.3950000e+02
   1.1938197e+00   3.4000000e+02
   1.1942853e+00   3.4050000e+02
   1.1947513e+00   3.4100000e+02
   1.1952177e+00   3.4150000e+02
   1.1956844e+00   3.4200000e+02
   1.1961515e+00   3.4250000e+02
   1.1966190e+00   3.4300000e+02
   1.1970868e+00   3.4350000e+02
   1.1975550e+00   3.4400000e+02
   1.1980236e+00   3.4450000e+02
   1.1984925e+00   3.4500000e+02
   1.1989618e+00   3.4550000e+02
   1.1994315e+00   3.4600000e+02
   1.1999015e+00   3.4650000e+02
   1.2003719e+00   3.4700000e+02
   1.2008426e+00   3.4750000e+02
   1.2013137e+00   3.4800000e+02
   1.2017852e+00   3.4850000e+02
   1.2022570e+00   3.4900000e+02
   1.2027292e+00   3.4950000e+02
   1.2032017e+00   3.5000000e+02
   1.2036746e+00   3.5050000e+02
   1.2041478e+00   3.5100000e+02
   1.2046214e+00   3.5150000e+02
   1.2050953e+00   3.5200000e+02
   1.2055696e+00   3.5250000e+02
   1.2060442e+00   3.5300000e+02
   1.2065192e+00   3.5350000e+02
   1.2069945e+00   3.5400000e+02
   1.2074702e+00   3.5450000e+02
   1.2079462e+00   3.5500000e+02
   1.2084225e+00   3.5550000e+02
   1.2088992e+00   3.5600000e+02
   1.2093762e+00   3.5650000e+02
   1.2098536e+00   3.5700000e+02
   1.2103313e+00   3.5750000e+02
   1.2108094e+00   3.5800000e+02
   1.2112877e+00   3.5850000e+02
   1.2117665e+00   3.5900000e+02
   1.2122455e+00   3.5950000e+02
   1.2127249e+00   3.6000000e+02
   1.2132046e+00   3.6050000e+02
   1.2136847e+00   3.6100000e+02
   1.2141650e+00   3.6150000e+02
   1.2146457e+00   3.6200000e+02
   1.2151268e+00   3.6250000e+02
   1.2156081e+00   3.6300000e+02
   1.2160898e+00   3.6350000e+02
   1.2165718e+00   3.6400000e+02
   1.2170541e+00   3.6450000e+02
   1.2175367e+00   3.6500000e+02
   1.2180197e+00   3.6550000e+02
   1.2185030e+00   3.6600000e+02
   1.2189866e+00   3.6650000e+02
   1.2194705e+00   3.6700000e+02
   1.2199547e+00   3.6750000e+02
   1.2204392e+00   3.6800000e+02
   1.2209241e+00   3.6850000e+02
   1.2214093e+00   3.6900000e+02
   1.2218947e+00   3.6950000e+02
   1.2223805e+00   3.7000000e+02
   1.2228666e+00   3.7050000e+02
   1.2233530e+00   3.7100000e+02
   1.2238396e+00   3.7150000e+02
   1.2243266e+00   3.7200000e+02
   1.2248139e+00   3.7250000e+02
   1.2253015e+00   3.7300000e+02
   1.2257894e+00   3.7350000e+02
   1.2262776e+00   3.7400000e+02
   1.2267661e+00   3.7450000e+02
   1.2272549e+00   3.7500000e+02
   1.2277439e+00   3.7550000e+02
   1.2282333e+00   3.7600000e+02
   1.2287229e+00   3.7650000e+02
   1.2292129e+00   3.7700000e+02
   1.2297031e+00   3.7750000e+02
   1.2301936e+00   3.7800000e+02
   1.2306844e+00   3.7850000e+02
   1.2311755e+00   3.7900000e+02
   1.2316668e+00   3.7950000e+02
   1.2321585e+00   3.8000000e+02
   1.2326504e+00   3.8050000e+02
   1.2331426e+00   3.8100000e+02
   1.2336350e+00   3.8150000e+02
   1.2341278e+00   3.8200000e+02
   1.2346208e+00   3.8250000e+02
   1.2351141e+00   3.8300000e+02
   1.2356076e+00   3.8350000e+02
   1.2361014e+00   3.8400000e+02
   1.2365955e+00   3.8450000e+02
   1.2370899e+00   3.8500000e+02
   1.2375845e+00   3.8550000e+02
   1.2380794e+00   3.8600000e+02
   1.2385745e+00   3.8650000e+02
   1.2390699e+00   3.8700000e+02
   1.2395655e+00   3.8750000e+02
   1.2400614e+00   3.8800000e+02
   1.2405576e+00   3.8850000e+02
   1.2410540e+00   3.8900000e+02
   1.2415507e+00   3.8950000e+02
   1.2420476e+00   3.9000000e+02
   1.2425447e+00   3.9050000e+02
   1.2430421e+00   3.9100000e+02
   1.2435398e+00   3.9150000e+02
   1.2440376e+00   3.9200000e+02
   1.2445358e+00   3.9250000e+02
   1.2450341e+00   3.9300000e+02
   1.2455327e+00   3.9350000e+02
   1.2460316e+00   3.9400000e+02
   1.2465306e+00   3.9450000e+02
   1.2470299e+00   3.9500000e+02
   1.2475295e+00   3.9550000e+02
   1.2480292e+00   3.9600000e+02
   1.2485292e+00   3.9650000e+02
   1.2490294e+00   3.9700000e+02
   1.2495298e+00   3.9750000e+02
   1.2500305e+00   3.9800000e+02
   1.2505314e+00   3.9850000e+02
   1.2510325e+00   3.9900000e+02
   1.2515338e+00   3.9950000e+02
   1.2520353e+00   4.0000000e+02