   1.1707357e+00   1.3477964e+00  -2.0000000e+02
   1.1706618e+00   1.3473322e+00  -1.9950000e+02
   1.1705880e+00   1.3468686e+00  -1.9900000e+02
   1.1705145e+00   1.3464056e+00  -1.9850000e+02
   1.1704411e+00   1.3459431e+00  -1.9800000e+02
   1.1703680e+00   1.3454811e+00  -1.9750000e+02
   1.1702951e+00   1.3450198e+00  -1.9700000e+02
   1.1702224e+00   1.3445590e+00  -1.9650000e+02
   1.1701499e+00   1.3440987e+00  -1.9600000e+02
   1.1700776e+00   1.3436391e+00  -1.9550000e+02
   1.1700056e+00   1.3431800e+00  -1.9500000e+02
   1.1699337e+00   1.3427214e+00  -1.9450000e+02
   1.1698621e+00   1.3422634e+00  -1.9400000e+02
   1.1697907e+00   1.3418060e+00  -1.9350000e+02
   1.1697195e+00   1.3413491e+00  -1.9300000e+02
   1.1696485e+00   1.3408928e+00  -1.9250000e+02
   1.1695777e+00   1.3404371e+00  -1.9200000e+02
   1.1695071e+00   1.3399819e+00  -1.9150000e+02
   1.1694367e+00   1.3395272e+00  -1.9100000e+02
   1.1693666e+00   1.3390732e+00  -1.9050000e+02
   1.1692966e+00   1.3386197e+00  -1.9000000e+02
   1.1692269e+00   1.3381667e+00  -1.8950000e+02
   1.1691574e+00   1.3377143e+00  -1.8900000e+02
   1.1690881e+00   1.3372625e+00  -1.8850000e+02
   1.1690190e+00   1.3368112e+00  -1.8800000e+02
   1.1689501e+00   1.3363604e+00  -1.8750000e+02
   1.1688815e+00   1.3359103e+00  -1.8700000e+02
   1.1688130e+00   1.3354606e+00  -1.8650000e+02
   1.1687448e+00   1.3350116e+00  -1.8600000e+02
   1.1686767e+00   1.3345631e+00  -1.8550000e+02
   1.1686089e+00   1.3341151e+00  -1.8500000e+02
   1.1685413e+00   1.3336677e+00  -1.8450000e+02
   1.1684739e+00   1.3332208e+00  -1.8400000e+02
   1.1684068e+00   1.3327745e+00  -1.8350000e+02
   1.1683398e+00   1.3323288e+00  -1.8300000e+02
   1.1682731e+00   1.3318836e+00  -1.8250000e+02
   1.1682065e+00   1.3314389e+00  -1.8200000e+02
   1.1681402e+00   1.3309949e+00  -1.8150000e+02
   1.1680741e+00   1.3305513e+00  -1.8100000e+02
   1.1680082e+00   1.3301083e+00  -1.8050000e+02
   1.1679426e+00   1.3296659e+00  -1.8000000e+02
   1.1678771e+00   1.3292240e+00  -1.7950000e+02
   1.1678119e+00   1.3287826e+00  -1.7900000e+02
   1.1677468e+00   1.3283418e+00  -1.7850000e+02
   1.1676820e+00   1.3279016e+00  -1.7800000e+02
   1.1676174e+00   1.3274619e+00  -1.7750000e+02
   1.1675530e+00   1.3270227e+00  -1.7700000e+02
   1.1674888e+00   1.3265841e+00  -1.7650000e+02
   1.1674249e+00   1.3261460e+00  -1.7600000e+02
   1.1673611e+00   1.3257085e+00  -1.7550000e+02
   1.1672976e+00   1.3252716e+00  -1.7500000e+02
   1.1672343e+00   1.3248351e+00  -1.7450000e+02
   1.1671712e+00   1.3243992e+00  -1.7400000e+02
   1.1671083e+00   1.3239639e+00  -1.7350000e+02
   1.1670457e+00   1.3235291e+00  -1.7300000e+02
   1.1669832e+00   1.3230949e+00  -1.7250000e+02
   1.1669210e+00   1.3226611e+00  -1.7200000e+02
   1.1668590e+00   1.3222280e+00  -1.7150000e+02
   1.1667972e+00   1.3217954e+00  -1.7100000e+02
   1.1667356e+00   1.3213633e+00  -1.7050000e+02
   1.1666742e+00   1.3209317e+00  -1.7000000e+02
   1.1666131e+00   1.3205007e+00  -1.6950000e+02
   1.1665521e+00   1.3200703e+00  -1.6900000e+02
   1.1664914e+00   1.3196403e+00  -1.6850000e+02
   1.1664309e+00   1.3192110e+00  -1.6800000e+02
   1.1663706e+00   1.3187821e+00  -1.6750000e+02
   1.1663106e+00   1.3183538e+00  -1.6700000e+02
   1.1662507e+00   1.3179260e+00  -1.6650000e+02
   1.1661911e+00   1.3174988e+00  -1.6600000e+02
   1.1661317e+00   1.3170721e+00  -1.6550000e+02
   1.1660725e+00   1.3166460e+00  -1.6500000e+02
   1.1660135e+00   1.3162203e+00  -1.6450000e+02
   1.1659548e+00   1.3157953e+00  -1.6400000e+02
   1.1658962e+00   1.3153707e+00  -1.6350000e+02
   1.1658379e+00   1.3149467e+00  -1.6300000e+02
   1.1657798e+00   1.3145232e+00  -1.6250000e+02
   1.1657219e+00   1.3141003e+00  -1.6200000e+02
   1.1656643e+00   1.3136779e+00  -1.6150000e+02
   1.1656068e+00   1.3132560e+00  -1.6100000e+02
   1.1655496e+00   1.3128346e+00  -1.6050000e+02
   1.1654926e+00   1.3124138e+00  -1.6000000e+02
   1.1654358e+00   1.3119935e+00  -1.5950000e+02
   1.1653793e+00   1.3115738e+00  -1.5900000e+02
   1.1653229e+00   1.3111546e+00  -1.5850000e+02
   1.1652668e+00   1.3107359e+00  -1.5800000e+02
   1.1652109e+00   1.3103177e+00  -1.5750000e+02
   1.1651552e+00   1.3099001e+00  -1.5700000e+02
   1.1650998e+00   1.3094830e+00  -1.5650000e+02
   1.1650445e+00   1.3090664e+00  -1.5600000e+02
   1.1649895e+00   1.3086504e+00  -1.5550000e+02
   1.1649347e+00   1.3082349e+00  -1.5500000e+02
   1.1648802e+00   1.3078199e+00  -1.5450000e+02
   1.1648258e+00   1.3074054e+00  -1.5400000e+02
   1.1647717e+00   1.3069915e+00  -1.5350000e+02
   1.1647178e+00   1.3065781e+00  -1.5300000e+02
   1.1646641e+00   1.3061652e+00  -1.5250000e+02
   1.1646107e+00   1.3057529e+00  -1.5200000e+02
   1.1645574e+00   1.3053410e+00  -1.5150000e+02
   1.1645044e+00   1.3049297e+00  -1.5100000e+02
   1.1644516e+00   1.3045190e+00  -1.5050000e+02
   1.1643991e+00   1.3041087e+00  -1.5000000e+02
   1.1643467e+00   1.3036990e+00  -1.4950000e+02
   1.1642946e+00   1.3032898e+00  -1.4900000e+02
   1.1642427e+00   1.3028811e+00  -1.4850000e+02
   1.1641911e+00   1.3024729e+00  -1.4800000e+02
   1.1641396e+00   1.3020653e+00  -1.4750000e+02
   1.1640884e+00   1.3016581e+00  -1.4700000e+02
   1.1640374e+00   1.3012515e+00  -1.4650000e+02
   1.1639867e+00   1.3008455e+00  -1.4600000e+02
   1.1639361e+00   1.3004399e+00  -1.4550000e+02
   1.1638858e+00   1.3000348e+00  -1.4500000e+02
   1.1638358e+00   1.2996303e+00  -1.4450000e+02
   1.1637859e+00   1.2992263e+00  -1.4400000e+02
   1.1637363e+00   1.2988228e+00  -1.4350000e+02
   1.1636869e+00   1.2984199e+00  -1.4300000e+02
   1.1636377e+00   1.2980174e+00  -1.4250000e+02
   1.1635888e+00   1.2976155e+00  -1.4200000e+02
   1.1635401e+00   1.2972140e+00  -1.4150000e+02
   1.1634916e+00   1.2968131e+00  -1.4100000e+02
   1.1634433e+00   1.2964127e+00  -1.4050000e+02
   1.1633953e+00   1.2960129e+00  -1.4000000e+02
   1.1633475e+00   1.2956135e+00  -1.3950000e+02
   1.1632999e+00   1.2952147e+00  -1.3900000e+02
   1.1632526e+00   1.2948163e+00  -1.3850000e+02
   1.1632055e+00   1.2944185e+00  -1.3800000e+02
   1.1631586e+00   1.2940212e+00  -1.3750000e+02
   1.1631119e+00   1.2936244e+00  -1.3700000e+02
   1.1630655e+00   1.2932281e+00  -1.3650000e+02
   1.1630193e+00   1.2928323e+00  -1.3600000e+02
   1.1629734e+00   1.2924371e+00  -1.3550000e+02
   1.1629276e+00   1.2920423e+00  -1.3500000e+02
   1.1628821e+00   1.2916481e+00  -1.3450000e+02
   1.1628369e+00   1.2912544e+00  -1.3400000e+02
   1.1627919e+00   1.2908611e+00  -1.3350000e+02
   1.1627471e+00   1.2904684e+00  -1.3300000e+02
   1.1627025e+00   1.2900762e+00  -1.3250000e+02
   1.1626582e+00   1.2896845e+00  -1.3200000e+02
   1.1626141e+00   1.2892933e+00  -1.3150000e+02
   1.1625702e+00   1.2889026e+00  -1.3100000e+02
   1.1625266e+00   1.2885125e+00  -1.3050000e+02
   1.1624832e+00   1.2881228e+00  -1.3000000e+02
   1.1624400e+00   1.2877336e+00  -1.2950000e+02
   1.1623971e+00   1.2873450e+00  -1.2900000e+02
   1.1623544e+00   1.2869568e+00  -1.2850000e+02
   1.1623120e+00   1.2865692e+00  -1.2800000e+02
   1.1622698e+00   1.2861820e+00  -1.2750000e+02
   1.1622278e+00   1.2857954e+00  -1.2700000e+02
   1.1621860e+00   1.2854092e+00  -1.2650000e+02
   1.1621445e+00   1.2850236e+00  -1.2600000e+02
   1.1621033e+00   1.2846384e+00  -1.2550000e+02
   1.1620622e+00   1.2842538e+00  -1.2500000e+02
   1.1620215e+00   1.2838697e+00  -1.2450000e+02
   1.1619809e+00   1.2834860e+00  -1.2400000e+02
   1.1619406e+00   1.2831029e+00  -1.2350000e+02
   1.1619005e+00   1.2827203e+00  -1.2300000e+02
   1.1618607e+00   1.2823381e+00  -1.2250000e+02
   1.1618211e+00   1.2819565e+00  -1.2200000e+02
   1.1617817e+00   1.2815754e+00  -1.2150000e+02
   1.1617426e+00   1.2811947e+00  -1.2100000e+02
   1.1617037e+00   1.2808146e+00  -1.2050000e+02
   1.1616651e+00   1.2804349e+00  -1.2000000e+02
   1.1616267e+00   1.2800558e+00  -1.1950000e+02
   1.1615886e+00   1.2796771e+00  -1.1900000e+02
   1.1615507e+00   1.2792990e+00  -1.1850000e+02
   1.1615130e+00   1.2789213e+00  -1.1800000e+02
   1.1614756e+00   1.2785442e+00  -1.1750000e+02
   1.1614384e+00   1.2781675e+00  -1.1700000e+02
   1.1614015e+00   1.2777913e+00  -1.1650000e+02
   1.1613648e+00   1.2774156e+00  -1.1600000e+02
   1.1613283e+00   1.2770404e+00  -1.1550000e+02
   1.1612921e+00   1.2766657e+00  -1.1500000e+02
   1.1612562e+00   1.2762915e+00  -1.1450000e+02
   1.1612204e+00   1.2759178e+00  -1.1400000e+02
   1.1611850e+00   1.2755446e+00  -1.1350000e+02
   1.1611498e+00   1.2751719e+00  -1.1300000e+02
   1.1611148e+00   1.2747996e+00  -1.1250000e+02
   1.1610801e+00   1.2744279e+00  -1.1200000e+02
   1.1610456e+00   1.2740566e+00  -1.1150000e+02
   1.1610113e+00   1.2736858e+00  -1.1100000e+02
   1.1609774e+00   1.2733156e+00  -1.1050000e+02
   1.1609436e+00   1.2729458e+00  -1.1000000e+02
   1.1609101e+00   1.2725765e+00  -1.0950000e+02
   1.1608769e+00   1.2722076e+00  -1.0900000e+02
   1.1608439e+00   1.2718393e+00  -1.0850000e+02
   1.1608112e+00   1.2714715e+00  -1.0800000e+02
   1.1607787e+00   1.2711041e+00  -1.0750000e+02
   1.1607464e+00   1.2707372e+00  -1.0700000e+02
   1.1607144e+00   1.2703708e+00  -1.0650000e+02
   1.1606827e+00   1.2700049e+00  -1.0600000e+02
   1.1606512e+00   1.2696395e+00  -1.0550000e+02
   1.1606200e+00   1.2692746e+00  -1.0500000e+02
   1.1605890e+00   1.2689101e+00  -1.0450000e+02
   1.1605583e+00   1.2685462e+00  -1.0400000e+02
   1.1605278e+00   1.2681827e+00  -1.0350000e+02
   1.1604976e+00   1.2678197e+00  -1.0300000e+02
   1.1604676e+00   1.2674571e+00  -1.0250000e+02
   1.1604379e+00   1.2670951e+00  -1.0200000e+02
   1.1604085e+00   1.2667335e+00  -1.0150000e+02
   1.1603793e+00   1.2663725e+00  -1.0100000e+02
   1.1603503e+00   1.2660119e+00  -1.0050000e+02
   1.1603216e+00   1.2656517e+00  -1.0000000e+02
   1.1602932e+00   1.2652921e+00  -9.9500000e+01
   1.1602650e+00   1.2649329e+00  -9.9000000e+01
   1.1602371e+00   1.2645743e+00  -9.8500000e+01
   1.1602094e+00   1.2642161e+00  -9.8000000e+01
   1.1601820e+00   1.2638583e+00  -9.7500000e+01
   1.1601549e+00   1.2635011e+00  -9.7000000e+01
   1.1601280e+00   1.2631443e+00  -9.6500000e+01
   1.1601014e+00   1.2627880e+00  -9.6000000e+01
   1.1600750e+00   1.2624322e+00  -9.5500000e+01
   1.1600489e+00   1.2620768e+00  -9.5000000e+01
   1.1600231e+00   1.2617220e+00  -9.4500000e+01
   1.1599975e+00   1.2613676e+00  -9.4000000e+01
   1.1599722e+00   1.2610136e+00  -9.3500000e+01
   1.1599471e+00   1.2606602e+00  -9.3000000e+01
   1.1599223e+00   1.2603072e+00  -9.2500000e+01
   1.1598978e+00   1.2599547e+00  -9.2000000e+01
   1.1598736e+00   1.2596027e+00  -9.1500000e+01
   1.1598495e+00   1.2592511e+00  -9.1000000e+01
   1.1598258e+00   1.2589000e+00  -9.0500000e+01
   1.1598023e+00   1.2585494e+00  -9.0000000e+01
   1.1597791e+00   1.2581992e+00  -8.9500000e+01
   1.1597562e+00   1.2578496e+00  -8.9000000e+01
   1.1597335e+00   1.2575003e+00  -8.8500000e+01
   1.1597111e+00   1.2571516e+00  -8.8000000e+01
   1.1596890e+00   1.2568033e+00  -8.7500000e+01
   1.1596671e+00   1.2564555e+00  -8.7000000e+01
   1.1596455e+00   1.2561082e+00  -8.6500000e+01
   1.1596242e+00   1.2557613e+00  -8.6000000e+01
   1.1596031e+00   1.2554149e+00  -8.5500000e+01
   1.1595823e+00   1.2550690e+00  -8.5000000e+01
   1.1595618e+00   1.2547235e+00  -8.4500000e+01
   1.1595415e+00   1.2543785e+00  -8.4000000e+01
   1.1595215e+00   1.2540340e+00  -8.3500000e+01
   1.1595018e+00   1.2536899e+00  -8.3000000e+01
   1.1594824e+00   1.2533463e+00  -8.2500000e+01
   1.1594632e+00   1.2530032e+00  -8.2000000e+01
   1.1594443e+00   1.2526605e+00  -8.1500000e+01
   1.1594257e+00   1.2523183e+00  -8.1000000e+01
   1.1594074e+00   1.2519765e+00  -8.0500000e+01
   1.1593893e+00   1.2516352e+00  -8.0000000e+01
   1.1593715e+00   1.2512944e+00  -7.9500000e+01
   1.1593540e+00   1.2509540e+00  -7.9000000e+01
   1.1593367e+00   1.2506141e+00  -7.8500000e+01
   1.1593197e+00   1.2502747e+00  -7.8000000e+01
   1.1593030e+00   1.2499357e+00  -7.7500000e+01
   1.1592866e+00   1.2495972e+00  -7.7000000e+01
   1.1592705e+00   1.2492591e+00  -7.6500000e+01
   1.1592546e+00   1.2489215e+00  -7.6000000e+01
   1.1592391e+00   1.2485843e+00  -7.5500000e+01
   1.1592238e+00   1.2482477e+00  -7.5000000e+01
   1.1592087e+00   1.2479114e+00  -7.4500000e+01
   1.1591940e+00   1.2475756e+00  -7.4000000e+01
   1.1591795e+00   1.2472403e+00  -7.3500000e+01
   1.1591654e+00   1.2469055e+00  -7.3000000e+01
   1.1591515e+00   1.2465711e+00  -7.2500000e+01
   1.1591379e+00   1.2462371e+00  -7.2000000e+01
   1.1591245e+00   1.2459036e+00  -7.1500000e+01
   1.1591115e+00   1.2455706e+00  -7.1000000e+01
   1.1590987e+00   1.2452380e+00  -7.0500000e+01
   1.1590862e+00   1.2449059e+00  -7.0000000e+01
   1.1590741e+00   1.2445742e+00  -6.9500000e+01
   1.1590622e+00   1.2442430e+00  -6.9000000e+01
   1.1590505e+00   1.2439122e+00  -6.8500000e+01
   1.1590392e+00   1.2435819e+00  -6.8000000e+01
   1.1590282e+00   1.2432520e+00  -6.7500000e+01
   1.1590174e+00   1.2429226e+00  -6.7000000e+01
   1.1590069e+00   1.2425936e+00  -6.6500000e+01
   1.1589968e+00   1.2422651e+00  -6.6000000e+01
   1.1589869e+00   1.2419371e+00  -6.5500000e+01
   1.1589773e+00   1.2416094e+00  -6.5000000e+01
   1.1589680e+00   1.2412823e+00  -6.4500000e+01
   1.1589589e+00   1.2409556e+00  -6.4000000e+01
   1.1589502e+00   1.2406293e+00  -6.3500000e+01
   1.1589418e+00   1.2403035e+00  -6.3000000e+01
   1.1589336e+00   1.2399781e+00  -6.2500000e+01
   1.1589258e+00   1.2396532e+00  -6.2000000e+01
   1.1589182e+00   1.2393287e+00  -6.1500000e+01
   1.1589110e+00   1.2390047e+00  -6.1000000e+01
   1.1589040e+00   1.2386811e+00  -6.0500000e+01
   1.1588974e+00   1.2383580e+00  -6.0000000e+01
   1.1588910e+00   1.2380353e+00  -5.9500000e+01
   1.1588849e+00   1.2377130e+00  -5.9000000e+01
   1.1588791e+00   1.2373912e+00  -5.8500000e+01
   1.1588737e+00   1.2370699e+00  -5.8000000e+01
   1.1588685e+00   1.2367490e+00  -5.7500000e+01
   1.1588636e+00   1.2364285e+00  -5.7000000e+01
   1.1588590e+00   1.2361085e+00  -5.6500000e+01
   1.1588547e+00   1.2357889e+00  -5.6000000e+01
   1.1588508e+00   1.2354698e+00  -5.5500000e+01
   1.1588471e+00   1.2351511e+00  -5.5000000e+01
   1.1588437e+00   1.2348328e+00  -5.4500000e+01
   1.1588406e+00   1.2345150e+00  -5.4000000e+01
   1.1588379e+00   1.2341976e+00  -5.3500000e+01
   1.1588354e+00   1.2338807e+00  -5.3000000e+01
   1.1588332e+00   1.2335642e+00  -5.2500000e+01
   1.1588314e+00   1.2332481e+00  -5.2000000e+01
   1.1588298e+00   1.2329325e+00  -5.1500000e+01
   1.1588286e+00   1.2326173e+00  -5.1000000e+01
   1.1588276e+00   1.2323026e+00  -5.0500000e+01
   1.1588270e+00   1.2319883e+00  -5.0000000e+01
   1.1588267e+00   1.2316744e+00  -4.9500000e+01
   1.1588267e+00   1.2313610e+00  -4.9000000e+01
   1.1588270e+00   1.2310480e+00  -4.8500000e+01
   1.1588276e+00   1.2307355e+00  -4.8000000e+01
   1.1588285e+00   1.2304234e+00  -4.7500000e+01
   1.1588297e+00   1.2301117e+00  -4.7000000e+01
   1.1588312e+00   1.2298004e+00  -4.6500000e+01
   1.1588331e+00   1.2294896e+00  -4.6000000e+01
   1.1588353e+00   1.2291793e+00  -4.5500000e+01
   1.1588377e+00   1.2288693e+00  -4.5000000e+01
   1.1588405e+00   1.2285598e+00  -4.4500000e+01
   1.1588436e+00   1.2282507e+00  -4.4000000e+01
   1.1588471e+00   1.2279421e+00  -4.3500000e+01
   1.1588508e+00   1.2276339e+00  -4.3000000e+01
   1.1588548e+00   1.2273261e+00  -4.2500000e+01
   1.1588592e+00   1.2270188e+00  -4.2000000e+01
   1.1588639e+00   1.2267119e+00  -4.1500000e+01
   1.1588689e+00   1.2264054e+00  -4.1000000e+01
   1.1588742e+00   1.2260993e+00  -4.0500000e+01
   1.1588799e+00   1.2257937e+00  -4.0000000e+01
   1.1588859e+00   1.2254885e+00  -3.9500000e+01
   1.1588921e+00   1.2251838e+00  -3.9000000e+01
   1.1588987e+00   1.2248794e+00  -3.8500000e+01
   1.1589057e+00   1.2245755e+00  -3.8000000e+01
   1.1589129e+00   1.2242721e+00  -3.7500000e+01
   1.1589205e+00   1.2239690e+00  -3.7000000e+01
   1.1589284e+00   1.2236664e+00  -3.6500000e+01
   1.1589366e+00   1.2233642e+00  -3.6000000e+01
   1.1589452e+00   1.2230625e+00  -3.5500000e+01
   1.1589541e+00   1.2227611e+00  -3.5000000e+01
   1.1589633e+00   1.2224602e+00  -3.4500000e+01
   1.1589728e+00   1.2221597e+00  -3.4000000e+01
   1.1589827e+00   1.2218597e+00  -3.3500000e+01
   1.1589929e+00   1.2215600e+00  -3.3000000e+01
   1.1590034e+00   1.2212608e+00  -3.2500000e+01
   1.1590143e+00   1.2209620e+00  -3.2000000e+01
   1.1590254e+00   1.2206637e+00  -3.1500000e+01
   1.1590370e+00   1.2203658e+00  -3.1000000e+01
   1.1590488e+00   1.2200682e+00  -3.0500000e+01
   1.1590610e+00   1.2197712e+00  -3.0000000e+01
   1.1590735e+00   1.2194745e+00  -2.9500000e+01
   1.1590863e+00   1.2191782e+00  -2.9000000e+01
   1.1590995e+00   1.2188824e+00  -2.8500000e+01
   1.1591130e+00   1.2185870e+00  -2.8000000e+01
   1.1591269e+00   1.2182920e+00  -2.7500000e+01
   1.1591411e+00   1.2179975e+00  -2.7000000e+01
   1.1591556e+00   1.2177034e+00  -2.6500000e+01
   1.1591705e+00   1.2174096e+00  -2.6000000e+01
   1.1591857e+00   1.2171163e+00  -2.5500000e+01
   1.1592012e+00   1.2168235e+00  -2.5000000e+01
   1.1592171e+00   1.2165310e+00  -2.4500000e+01
   1.1592334e+00   1.2162390e+00  -2.4000000e+01
   1.1592499e+00   1.2159473e+00  -2.3500000e+01
   1.1592668e+00   1.2156561e+00  -2.3000000e+01
   1.1592841e+00   1.2153654e+00  -2.2500000e+01
   1.1593017e+00   1.2150750e+00  -2.2000000e+01
   1.1593196e+00   1.2147850e+00  -2.1500000e+01
   1.1593379e+00   1.2144955e+00  -2.1000000e+01
   1.1593566e+00   1.2142064e+00  -2.0500000e+01
   1.1593756e+00   1.2139177e+00  -2.0000000e+01
   1.1593949e+00   1.2136294e+00  -1.9500000e+01
   1.1594146e+00   1.2133416e+00  -1.9000000e+01
   1.1594346e+00   1.2130541e+00  -1.8500000e+01
   1.1594550e+00   1.2127671e+00  -1.8000000e+01
   1.1594757e+00   1.2124804e+00  -1.7500000e+01
   1.1594968e+00   1.2121942e+00  -1.7000000e+01
   1.1595182e+00   1.2119084e+00  -1.6500000e+01
   1.1595400e+00   1.2116230e+00  -1.6000000e+01
   1.1595621e+00   1.2113381e+00  -1.5500000e+01
   1.1595846e+00   1.2110535e+00  -1.5000000e+01
   1.1596075e+00   1.2107694e+00  -1.4500000e+01
   1.1596307e+00   1.2104856e+00  -1.4000000e+01
   1.1596542e+00   1.2102023e+00  -1.3500000e+01
   1.1596781e+00   1.2099194e+00  -1.3000000e+01
   1.1597024e+00   1.2096369e+00  -1.2500000e+01
   1.1597270e+00   1.2093548e+00  -1.2000000e+01
   1.1597520e+00   1.2090732e+00  -1.1500000e+01
   1.1597774e+00   1.2087919e+00  -1.1000000e+01
   1.1598031e+00   1.2085110e+00  -1.0500000e+01
   1.1598292e+00   1.2082306e+00  -1.0000000e+01
   1.1598556e+00   1.2079506e+00  -9.5000000e+00
   1.1598824e+00   1.2076709e+00  -9.0000000e+00
   1.1599096e+00   1.2073917e+00  -8.5000000e+00
   1.1599371e+00   1.2071129e+00  -8.0000000e+00
   1.1599650e+00   1.2068345e+00  -7.5000000e+00
   1.1599932e+00   1.2065565e+00  -7.0000000e+00
   1.1600218e+00   1.2062789e+00  -6.5000000e+00
   1.1600508e+00   1.2060017e+00  -6.0000000e+00
   1.1600802e+00   1.2057249e+00  -5.5000000e+00
   1.1601099e+00   1.2054486e+00  -5.0000000e+00
   1.1601400e+00   1.2051726e+00  -4.5000000e+00
   1.1601705e+00   1.2048971e+00  -4.0000000e+00
   1.1602013e+00   1.2046219e+00  -3.5000000e+00
   1.1602325e+00   1.2043472e+00  -3.0000000e+00
   1.1602641e+00   1.2040728e+00  -2.5000000e+00
   1.1602961e+00   1.2037989e+00  -2.0000000e+00
   1.1603284e+00   1.2035254e+00  -1.5000000e+00
   1.1603611e+00   1.2032522e+00  -1.0000000e+00
   1.1603942e+00   1.2029795e+00  -5.0000000e-01
   1.1604276e+00   1.2027072e+00   0.0000000e+00
   1.1604615e+00   1.2024353e+00   5.0000000e-01
   1.1604957e+00   1.2021638e+00   1.0000000e+00
   1.1605303e+00   1.2018926e+00   1.5000000e+00
   1.1605652e+00   1.2016219e+00   2.0000000e+00
   1.1606006e+00   1.2013516e+00   2.5000000e+00
   1.1606363e+00   1.2010817e+00   3.0000000e+00
   1.1606724e+00   1.2008122e+00   3.5000000e+00
   1.1607089e+00   1.2005431e+00   4.0000000e+00
   1.1607458e+00   1.2002744e+00   4.5000000e+00
   1.1607831e+00   1.2000061e+00   5.0000000e+00
   1.1608207e+00   1.1997382e+00   5.5000000e+00
   1.1608588e+00   1.1994707e+00   6.0000000e+00
   1.1608972e+00   1.1992036e+00   6.5000000e+00
   1.1609360e+00   1.1989369e+00   7.0000000e+00
   1.1609752e+00   1.1986706e+00   7.5000000e+00
   1.1610148e+00   1.1984047e+00   8.0000000e+00
   1.1610548e+00   1.1981392e+00   8.5000000e+00
   1.1610952e+00   1.1978741e+00   9.0000000e+00
   1.1611359e+00   1.1976093e+00   9.5000000e+00
   1.1611771e+00   1.1973450e+00   1.0000000e+01
   1.1612186e+00   1.1970811e+00   1.0500000e+01
   1.1612606e+00   1.1968176e+00   1.1000000e+01
   1.1613029e+00   1.1965545e+00   1.1500000e+01
   1.1613456e+00   1.1962917e+00   1.2000000e+01
   1.1613888e+00   1.1960294e+00   1.2500000e+01
   1.1614323e+00   1.1957675e+00   1.3000000e+01
   1.1614762e+00   1.1955059e+00   1.3500000e+01
   1.1615205e+00   1.1952448e+00   1.4000000e+01
   1.1615653e+00   1.1949841e+00   1.4500000e+01
   1.1616104e+00   1.1947237e+00   1.5000000e+01
   1.1616559e+00   1.1944637e+00   1.5500000e+01
   1.1617018e+00   1.1942042e+00   1.6000000e+01
   1.1617482e+00   1.1939450e+00   1.6500000e+01
   1.1617949e+00   1.1936862e+00   1.7000000e+01
   1.1618421e+00   1.1934279e+00   1.7500000e+01
   1.1618896e+00   1.1931699e+00   1.8000000e+01
   1.1619376e+00   1.1929123e+00   1.8500000e+01
   1.1619859e+00   1.1926551e+00   1.9000000e+01
   1.1620347e+00   1.1923983e+00   1.9500000e+01
   1.1620839e+00   1.1921418e+00   2.0000000e+01
   1.1621335e+00   1.1918858e+00   2.0500000e+01
   1.1621835e+00   1.1916302e+00   2.1000000e+01
   1.1622339e+00   1.1913749e+00   2.1500000e+01
   1.1622847e+00   1.1911201e+00   2.2000000e+01
   1.1623359e+00   1.1908656e+00   2.2500000e+01
   1.1623876e+00   1.1906116e+00   2.3000000e+01
   1.1624396e+00   1.1903579e+00   2.3500000e+01
   1.1624921e+00   1.1901046e+00   2.4000000e+01
   1.1625450e+00   1.1898517e+00   2.4500000e+01
   1.1625983e+00   1.1895992e+00   2.5000000e+01
   1.1626521e+00   1.1893471e+00   2.5500000e+01
   1.1627062e+00   1.1890954e+00   2.6000000e+01
   1.1627608e+00   1.1888440e+00   2.6500000e+01
   1.1628158e+00   1.1885931e+00   2.7000000e+01
   1.1628712e+00   1.1883425e+00   2.7500000e+01
   1.1629271e+00   1.1880923e+00   2.8000000e+01
   1.1629833e+00   1.1878426e+00   2.8500000e+01
   1.1630400e+00   1.1875932e+00   2.9000000e+01
   1.1630971e+00   1.1873442e+00   2.9500000e+01
   1.1631547e+00   1.1870955e+00   3.0000000e+01
   1.1632126e+00   1.1868473e+00   3.0500000e+01
   1.1632710e+00   1.1865995e+00   3.1000000e+01
   1.1633299e+00   1.1863520e+00   3.1500000e+01
   1.1633891e+00   1.1861049e+00   3.2000000e+01
   1.1634488e+00   1.1858582e+00   3.2500000e+01
   1.1635089e+00   1.1856119e+00   3.3000000e+01
   1.1635695e+00   1.1853660e+00   3.3500000e+01
   1.1636304e+00   1.1851205e+00   3.4000000e+01
   1.1636919e+00   1.1848754e+00   3.4500000e+01
   1.1637537e+00   1.1846306e+00   3.5000000e+01
   1.1638160e+00   1.1843862e+00   3.5500000e+01
   1.1638787e+00   1.1841423e+00   3.6000000e+01
   1.1639419e+00   1.1838987e+00   3.6500000e+01
   1.1640055e+00   1.1836554e+00   3.7000000e+01
   1.1640695e+00   1.1834126e+00   3.7500000e+01
   1.1641340e+00   1.1831702e+00   3.8000000e+01
   1.1641990e+00   1.1829281e+00   3.8500000e+01
   1.1642643e+00   1.1826864e+00   3.9000000e+01
   1.1643301e+00   1.1824451e+00   3.9500000e+01
   1.1643964e+00   1.1822042e+00   4.0000000e+01
   1.1644631e+00   1.1819637e+00   4.0500000e+01
   1.1645302e+00   1.1817236e+00   4.1000000e+01
   1.1645978e+00   1.1814838e+00   4.1500000e+01
   1.1646659e+00   1.1812444e+00   4.2000000e+01
   1.1647344e+00   1.1810054e+00   4.2500000e+01
   1.1648033e+00   1.1807668e+00   4.3000000e+01
   1.1648727e+00   1.1805286e+00   4.3500000e+01
   1.1649425e+00   1.1802907e+00   4.4000000e+01
   1.1650128e+00   1.1800533e+00   4.4500000e+01
   1.1650836e+00   1.1798162e+00   4.5000000e+01
   1.1651548e+00   1.1795795e+00   4.5500000e+01
   1.1652265e+00   1.1793431e+00   4.6000000e+01
   1.1652986e+00   1.1791072e+00   4.6500000e+01
   1.1653712e+00   1.1788716e+00   4.7000000e+01
   1.1654442e+00   1.1786364e+00   4.7500000e+01
   1.1655177e+00   1.1784016e+00   4.8000000e+01
   1.1655916e+00   1.1781672e+00   4.8500000e+01
   1.1656660e+00   1.1779332e+00   4.9000000e+01
   1.1657409e+00   1.1776995e+00   4.9500000e+01
   1.1658162e+00   1.1774662e+00   5.0000000e+01
   1.1658921e+00   1.1772333e+00   5.0500000e+01
   1.1659683e+00   1.1770008e+00   5.1000000e+01
   1.1660450e+00   1.1767687e+00   5.1500000e+01
   1.1661222e+00   1.1765369e+00   5.2000000e+01
   1.1661999e+00   1.1763055e+00   5.2500000e+01
   1.1662780e+00   1.1760745e+00   5.3000000e+01
   1.1663567e+00   1.1758439e+00   5.3500000e+01
   1.1664357e+00   1.1756137e+00   5.4000000e+01
   1.1665153e+00   1.1753838e+00   5.4500000e+01
   1.1665953e+00   1.1751543e+00   5.5000000e+01
   1.1666758e+00   1.1749252e+00   5.5500000e+01
   1.1667568e+00   1.1746965e+00   5.6000000e+01
   1.1668382e+00   1.1744681e+00   5.6500000e+01
   1.1669201e+00   1.1742401e+00   5.7000000e+01
   1.1670025e+00   1.1740125e+00   5.7500000e+01
   1.1670854e+00   1.1737853e+00   5.8000000e+01
   1.1671687e+00   1.1735585e+00   5.8500000e+01
   1.1672526e+00   1.1733320e+00   5.9000000e+01
   1.1673369e+00   1.1731059e+00   5.9500000e+01
   1.1674217e+00   1.1728802e+00   6.0000000e+01
   1.1675070e+00   1.1726548e+00   6.0500000e+01
   1.1675927e+00   1.1724299e+00   6.1000000e+01
   1.1676790e+00   1.1722053e+00   6.1500000e+01
   1.1677657e+00   1.1719811e+00   6.2000000e+01
   1.1678529e+00   1.1717573e+00   6.2500000e+01
   1.1679406e+00   1.1715338e+00   6.3000000e+01
   1.1680288e+00   1.1713107e+00   6.3500000e+01
   1.1681175e+00   1.1710880e+00   6.4000000e+01
   1.1682067e+00   1.1708657e+00   6.4500000e+01
   1.1682964e+00   1.1706437e+00   6.5000000e+01
   1.1683866e+00   1.1704222e+00   6.5500000e+01
   1.1684772e+00   1.1702010e+00   6.6000000e+01
   1.1685684e+00   1.1699801e+00   6.6500000e+01
   1.1686600e+00   1.1697597e+00   6.7000000e+01
   1.1687522e+00   1.1695396e+00   6.7500000e+01
   1.1688448e+00   1.1693199e+00   6.8000000e+01
   1.1689380e+00   1.1691006e+00   6.8500000e+01
   1.1690316e+00   1.1688816e+00   6.9000000e+01
   1.1691258e+00   1.1686631e+00   6.9500000e+01
   1.1692204e+00   1.1684449e+00   7.0000000e+01
   1.1693156e+00   1.1682270e+00   7.0500000e+01
   1.1694112e+00   1.1680096e+00   7.1000000e+01
   1.1695074e+00   1.1677925e+00   7.1500000e+01
   1.1696041e+00   1.1675758e+00   7.2000000e+01
   1.1697012e+00   1.1673595e+00   7.2500000e+01
   1.1697989e+00   1.1671435e+00   7.3000000e+01
   1.1698971e+00   1.1669279e+00   7.3500000e+01
   1.1699958e+00   1.1667127e+00   7.4000000e+01
   1.1700950e+00   1.1664979e+00   7.4500000e+01
   1.1701947e+00   1.1662834e+00   7.5000000e+01
   1.1702950e+00   1.1660693e+00   7.5500000e+01
   1.1703957e+00   1.1658556e+00   7.6000000e+01
   1.1704970e+00   1.1656423e+00   7.6500000e+01
   1.1705988e+00   1.1654293e+00   7.7000000e+01
   1.1707011e+00   1.1652167e+00   7.7500000e+01
   1.1708039e+00   1.1650045e+00   7.8000000e+01
   1.1709073e+00   1.1647927e+00   7.8500000e+01
   1.1710111e+00   1.1645812e+00   7.9000000e+01
   1.1711155e+00   1.1643701e+00   7.9500000e+01
   1.1712204e+00   1.1641593e+00   8.0000000e+01
   1.1713258e+00   1.1639490e+00   8.0500000e+01
   1.1714318e+00   1.1637390e+00   8.1000000e+01
   1.1715383e+00   1.1635294e+00   8.1500000e+01
   1.1716453e+00   1.1633202e+00   8.2000000e+01
   1.1717528e+00   1.1631113e+00   8.2500000e+01
   1.1718609e+00   1.1629028e+00   8.3000000e+01
   1.1719695e+00   1.1626947e+00   8.3500000e+01
   1.1720786e+00   1.1624869e+00   8.4000000e+01
   1.1721883e+00   1.1622796e+00   8.4500000e+01
   1.1722985e+00   1.1620726e+00   8.5000000e+01
   1.1724092e+00   1.1618659e+00   8.5500000e+01
   1.1725204e+00   1.1616597e+00   8.6000000e+01
   1.1726322e+00   1.1614538e+00   8.6500000e+01
   1.1727446e+00   1.1612483e+00   8.7000000e+01
   1.1728574e+00   1.1610431e+00   8.7500000e+01
   1.1729709e+00   1.1608384e+00   8.8000000e+01
   1.1730848e+00   1.1606340e+00   8.8500000e+01
   1.1731993e+00   1.1604299e+00   8.9000000e+01
   1.1733143e+00   1.1602263e+00   8.9500000e+01
   1.1734299e+00   1.1600230e+00   9.0000000e+01
   1.1735460e+00   1.1598201e+00   9.0500000e+01
   1.1736627e+00   1.1596176e+00   9.1000000e+01
   1.1737799e+00   1.1594154e+00   9.1500000e+01
   1.1738977e+00   1.1592136e+00   9.2000000e+01
   1.1740160e+00   1.1590122e+00   9.2500000e+01
   1.1741349e+00   1.1588111e+00   9.3000000e+01
   1.1742543e+00   1.1586105e+00   9.3500000e+01
   1.1743743e+00   1.1584102e+00   9.4000000e+01
   1.1744948e+00   1.1582102e+00   9.4500000e+01
   1.1746159e+00   1.1580107e+00   9.5000000e+01
   1.1747375e+00   1.1578115e+00   9.5500000e+01
   1.1748597e+00   1.1576127e+00   9.6000000e+01
   1.1749825e+00   1.1574142e+00   9.6500000e+01
   1.1751058e+00   1.1572161e+00   9.7000000e+01
   1.1752296e+00   1.1570184e+00   9.7500000e+01
   1.1753541e+00   1.1568211e+00   9.8000000e+01
   1.1754790e+00   1.1566242e+00   9.8500000e+01
   1.1756046e+00   1.1564276e+00   9.9000000e+01
   1.1757307e+00   1.1562314e+00   9.9500000e+01
   1.1758574e+00   1.1560355e+00   1.0000000e+02
   1.1759847e+00   1.1558400e+00   1.0050000e+02
   1.1761125e+00   1.1556449e+00   1.0100000e+02
   1.1762409e+00   1.1554502e+00   1.0150000e+02
   1.1763698e+00   1.1552559e+00   1.0200000e+02
   1.1764994e+00   1.1550619e+00   1.0250000e+02
   1.1766295e+00   1.1548683e+00   1.0300000e+02
   1.1767601e+00   1.1546750e+00   1.0350000e+02
   1.1768914e+00   1.1544822e+00   1.0400000e+02
   1.1770232e+00   1.1542897e+00   1.0450000e+02
   1.1771556e+00   1.1540975e+00   1.0500000e+02
   1.1772886e+00   1.1539058e+00   1.0550000e+02
   1.1774222e+00   1.1537144e+00   1.0600000e+02
   1.1775563e+00   1.1535234e+00   1.0650000e+02
   1.1776910e+00   1.1533328e+00   1.0700000e+02
   1.1778263e+00   1.1531425e+00   1.0750000e+02
   1.1779622e+00   1.1529526e+00   1.0800000e+02
   1.1780987e+00   1.1527631e+00   1.0850000e+02
   1.1782357e+00   1.1525740e+00   1.0900000e+02
   1.1783734e+00   1.1523852e+00   1.0950000e+02
   1.1785116e+00   1.1521968e+00   1.1000000e+02
   1.1786504e+00   1.1520088e+00   1.1050000e+02
   1.1787899e+00   1.1518211e+00   1.1100000e+02
   1.1789299e+00   1.1516338e+00   1.1150000e+02
   1.1790705e+00   1.1514469e+00   1.1200000e+02
   1.1792116e+00   1.1512604e+00   1.1250000e+02
   1.1793534e+00   1.1510742e+00   1.1300000e+02
   1.1794958e+00   1.1508884e+00   1.1350000e+02
   1.1796388e+00   1.1507030e+00   1.1400000e+02
   1.1797824e+00   1.1505180e+00   1.1450000e+02
   1.1799265e+00   1.1503333e+00   1.1500000e+02
   1.1800713e+00   1.1501490e+00   1.1550000e+02
   1.1802167e+00   1.1499651e+00   1.1600000e+02
   1.1803627e+00   1.1497815e+00   1.1650000e+02
   1.1805093e+00   1.1495983e+00   1.1700000e+02
   1.1806565e+00   1.1494155e+00   1.1750000e+02
   1.1808043e+00   1.1492331e+00   1.1800000e+02
   1.1809527e+00   1.1490510e+00   1.1850000e+02
   1.1811017e+00   1.1488694e+00   1.1900000e+02
   1.1812513e+00   1.1486881e+00   1.1950000e+02
   1.1814015e+00   1.1485071e+00   1.2000000e+02
   1.1815524e+00   1.1483266e+00   1.2050000e+02
   1.1817038e+00   1.1481464e+00   1.2100000e+02
   1.1818559e+00   1.1479666e+00   1.2150000e+02
   1.1820086e+00   1.1477871e+00   1.2200000e+02
   1.1821619e+00   1.1476081e+00   1.2250000e+02
   1.1823159e+00   1.1474294e+00   1.2300000e+02
   1.1824704e+00   1.1472510e+00   1.2350000e+02
   1.1826256e+00   1.1470731e+00   1.2400000e+02
   1.1827814e+00   1.1468955e+00   1.2450000e+02
   1.1829378e+00   1.1467184e+00   1.2500000e+02
   1.1830948e+00   1.1465415e+00   1.2550000e+02
   1.1832525e+00   1.1463651e+00   1.2600000e+02
   1.1834107e+00   1.1461890e+00   1.2650000e+02
   1.1835697e+00   1.1460133e+00   1.2700000e+02
   1.1837292e+00   1.1458380e+00   1.2750000e+02
   1.1838894e+00   1.1456631e+00   1.2800000e+02
   1.1840502e+00   1.1454885e+00   1.2850000e+02
   1.1842116e+00   1.1453143e+00   1.2900000e+02
   1.1843737e+00   1.1451405e+00   1.2950000e+02
   1.1845364e+00   1.1449671e+00   1.3000000e+02
   1.1846997e+00   1.1447940e+00   1.3050000e+02
   1.1848637e+00   1.1446214e+00   1.3100000e+02
   1.1850283e+00   1.1444491e+00   1.3150000e+02
   1.1851936e+00   1.1442771e+00   1.3200000e+02
   1.1853595e+00   1.1441056e+00   1.3250000e+02
   1.1855260e+00   1.1439344e+00   1.3300000e+02
   1.1856932e+00   1.1437636e+00   1.3350000e+02
   1.1858610e+00   1.1435932e+00   1.3400000e+02
   1.1860295e+00   1.1434232e+00   1.3450000e+02
   1.1861986e+00   1.1432535e+00   1.3500000e+02
   1.1863684e+00   1.1430842e+00   1.3550000e+02
   1.1865388e+00   1.1429153e+00   1.3600000e+02
   1.1867099e+00   1.1427468e+00   1.3650000e+02
   1.1868816e+00   1.1425786e+00   1.3700000e+02
   1.1870540e+00   1.1424109e+00   1.3750000e+02
   1.1872270e+00   1.1422435e+00   1.3800000e+02
   1.1874007e+00   1.1420764e+00   1.3850000e+02
   1.1875750e+00   1.1419098e+00   1.3900000e+02
   1.1877500e+00   1.1417436e+00   1.3950000e+02
   1.1879256e+00   1.1415777e+00   1.4000000e+02
   1.1881020e+00   1.1414122e+00   1.4050000e+02
   1.1882789e+00   1.1412471e+00   1.4100000e+02
   1.1884566e+00   1.1410823e+00   1.4150000e+02
   1.1886349e+00   1.1409180e+00   1.4200000e+02
   1.1888138e+00   1.1407540e+00   1.4250000e+02
   1.1889935e+00   1.1405904e+00   1.4300000e+02
   1.1891738e+00   1.1404272e+00   1.4350000e+02
   1.1893547e+00   1.1402644e+00   1.4400000e+02
   1.1895364e+00   1.1401019e+00   1.4450000e+02
   1.1897187e+00   1.1399398e+00   1.4500000e+02
   1.1899017e+00   1.1397782e+00   1.4550000e+02
   1.1900853e+00   1.1396168e+00   1.4600000e+02
   1.1902697e+00   1.1394559e+00   1.4650000e+02
   1.1904547e+00   1.1392954e+00   1.4700000e+02
   1.1906404e+00   1.1391352e+00   1.4750000e+02
   1.1908267e+00   1.1389754e+00   1.4800000e+02
   1.1910138e+00   1.1388161e+00   1.4850000e+02
   1.1912015e+00   1.1386570e+00   1.4900000e+02
   1.1913899e+00   1.1384984e+00   1.4950000e+02
   1.1915790e+00   1.1383402e+00   1.5000000e+02
   1.1917688e+00   1.1381823e+00   1.5050000e+02
   1.1919592e+00   1.1380248e+00   1.5100000e+02
   1.1921504e+00   1.1378677e+00   1.5150000e+02
   1.1923422e+00   1.1377110e+00   1.5200000e+02
   1.1925348e+00   1.1375547e+00   1.5250000e+02
   1.1927280e+00   1.1373988e+00   1.5300000e+02
   1.1929219e+00   1.1372432e+00   1.5350000e+02
   1.1931165e+00   1.1370881e+00   1.5400000e+02
   1.1933118e+00   1.1369333e+00   1.5450000e+02
   1.1935078e+00   1.1367789e+00   1.5500000e+02
   1.1937045e+00   1.1366249e+00   1.5550000e+02
   1.1939019e+00   1.1364713e+00   1.5600000e+02
   1.1941000e+00   1.1363180e+00   1.5650000e+02
   1.1942988e+00   1.1361652e+00   1.5700000e+02
   1.1944983e+00   1.1360127e+00   1.5750000e+02
   1.1946985e+00   1.1358606e+00   1.5800000e+02
   1.1948994e+00   1.1357090e+00   1.5850000e+02
   1.1951011e+00   1.1355577e+00   1.5900000e+02
   1.1953034e+00   1.1354068e+00   1.5950000e+02
   1.1955064e+00   1.1352562e+00   1.6000000e+02
   1.1957102e+00   1.1351061e+00   1.6050000e+02
   1.1959146e+00   1.1349564e+00   1.6100000e+02
   1.1961198e+00   1.1348070e+00   1.6150000e+02
   1.1963257e+00   1.1346581e+00   1.6200000e+02
   1.1965323e+00   1.1345095e+00   1.6250000e+02
   1.1967396e+00   1.1343613e+00   1.6300000e+02
   1.1969476e+00   1.1342135e+00   1.6350000e+02
   1.1971564e+00   1.1340661e+00   1.6400000e+02
   1.1973659e+00   1.1339191e+00   1.6450000e+02
   1.1975761e+00   1.1337725e+00   1.6500000e+02
   1.1977870e+00   1.1336263e+00   1.6550000e+02
   1.1979987e+00   1.1334804e+00   1.6600000e+02
   1.1982110e+00   1.1333350e+00   1.6650000e+02
   1.1984241e+00   1.1331900e+00   1.6700000e+02
   1.1986380e+00   1.1330453e+00   1.6750000e+02
   1.1988525e+00   1.1329010e+00   1.6800000e+02
   1.1990678e+00   1.1327572e+00   1.6850000e+02
   1.1992838e+00   1.1326137e+00   1.6900000e+02
   1.1995006e+00   1.1324706e+00   1.6950000e+02
   1.1997181e+00   1.1323279e+00   1.7000000e+02
   1.1999363e+00   1.1321857e+00   1.7050000e+02
   1.2001553e+00   1.1320438e+00   1.7100000e+02
   1.2003750e+00   1.1319023e+00   1.7150000e+02
   1.2005954e+00   1.1317612e+00   1.7200000e+02
   1.2008166e+00   1.1316205e+00   1.7250000e+02
   1.2010386e+00   1.1314802e+00   1.7300000e+02
   1.2012612e+00   1.1313403e+00   1.7350000e+02
   1.2014847e+00   1.1312007e+00   1.7400000e+02
   1.2017088e+00   1.1310616e+00   1.7450000e+02
   1.2019338e+00   1.1309229e+00   1.7500000e+02
   1.2021594e+00   1.1307846e+00   1.7550000e+02
   1.2023858e+00   1.1306467e+00   1.7600000e+02
   1.2026130e+00   1.1305092e+00   1.7650000e+02
   1.2028409e+00   1.1303721e+00   1.7700000e+02
   1.2030696e+00   1.1302353e+00   1.7750000e+02
   1.2032991e+00   1.1300990e+00   1.7800000e+02
   1.2035293e+00   1.1299631e+00   1.7850000e+02
   1.2037602e+00   1.1298276e+00   1.7900000e+02
   1.2039919e+00   1.1296925e+00   1.7950000e+02
   1.2042244e+00   1.1295578e+00   1.8000000e+02
   1.2044576e+00   1.1294235e+00   1.8050000e+02
   1.2046916e+00   1.1292895e+00   1.8100000e+02
   1.2049264e+00   1.1291560e+00   1.8150000e+02
   1.2051620e+00   1.1290229e+00   1.8200000e+02
   1.2053983e+00   1.1288903e+00   1.8250000e+02
   1.2056353e+00   1.1287580e+00   1.8300000e+02
   1.2058732e+00   1.1286261e+00   1.8350000e+02
   1.2061118e+00   1.1284946e+00   1.8400000e+02
   1.2063512e+00   1.1283635e+00   1.8450000e+02
   1.2065914e+00   1.1282328e+00   1.8500000e+02
   1.2068323e+00   1.1281026e+00   1.8550000e+02
   1.2070740e+00   1.1279727e+00   1.8600000e+02
   1.2073165e+00   1.1278433e+00   1.8650000e+02
   1.2075598e+00   1.1277142e+00   1.8700000e+02
   1.2078039e+00   1.1275856e+00   1.8750000e+02
   1.2080487e+00   1.1274574e+00   1.8800000e+02
   1.2082944e+00   1.1273296e+00   1.8850000e+02
   1.2085408e+00   1.1272021e+00   1.8900000e+02
   1.2087880e+00   1.1270752e+00   1.8950000e+02
   1.2090360e+00   1.1269486e+00   1.9000000e+02
   1.2092848e+00   1.1268224e+00   1.9050000e+02
   1.2095344e+00   1.1266966e+00   1.9100000e+02
   1.2097847e+00   1.1265713e+00   1.9150000e+02
   1.2100359e+00   1.1264463e+00   1.9200000e+02
   1.2102879e+00   1.1263218e+00   1.9250000e+02
   1.2105406e+00   1.1261977e+00   1.9300000e+02
   1.2107942e+00   1.1260740e+00   1.9350000e+02
   1.2110486e+00   1.1259507e+00   1.9400000e+02
   1.2113037e+00   1.1258278e+00   1.9450000e+02
   1.2115597e+00   1.1257053e+00   1.9500000e+02
   1.2118164e+00   1.1255833e+00   1.9550000e+02
   1.2120740e+00   1.1254617e+00   1.9600000e+02
   1.2123324e+00   1.1253405e+00   1.9650000e+02
   1.2125916e+00   1.1252197e+00   1.9700000e+02
   1.2128516e+00   1.1250993e+00   1.9750000e+02
   1.2131124e+00   1.1249793e+00   1.9800000e+02
   1.2133740e+00   1.1248598e+00   1.9850000e+02
   1.2136364e+00   1.1247406e+00   1.9900000e+02
   1.2138997e+00   1.1246219e+00   1.9950000e+02
   1.2141638e+00   1.1245037e+00   2.0000000e+02
   1.2144287e+00   1.1243858e+00   2.0050000e+02
   1.2146944e+00   1.1242683e+00   2.0100000e+02
   1.2149609e+00   1.1241513e+00   2.0150000e+02
   1.2152282e+00   1.1240347e+00   2.0200000e+02
   1.2154964e+00   1.1239185e+00   2.0250000e+02
   1.2157654e+00   1.1238028e+00   2.0300000e+02
   1.2160352e+00   1.1236874e+00   2.0350000e+02
   1.2163059e+00   1.1235725e+00   2.0400000e+02
   1.2165774e+00   1.1234580e+00   2.0450000e+02
   1.2168497e+00   1.1233440e+00   2.0500000e+02
   1.2171228e+00   1.1232303e+00   2.0550000e+02
   1.2173968e+00   1.1231171e+00   2.0600000e+02
   1.2176716e+00   1.1230043e+00   2.0650000e+02
   1.2179472e+00   1.1228920e+00   2.0700000e+02
   1.2182237e+00   1.1227800e+00   2.0750000e+02
   1.2185011e+00   1.1226685e+00   2.0800000e+02
   1.2187792e+00   1.1225574e+00   2.0850000e+02
   1.2190582e+00   1.1224468e+00   2.0900000e+02
   1.2193381e+00   1.1223366e+00   2.0950000e+02
   1.2196188e+00   1.1222268e+00   2.1000000e+02
   1.2199003e+00   1.1221174e+00   2.1050000e+02
   1.2201827e+00   1.1220085e+00   2.1100000e+02
   1.2204659e+00   1.1219000e+00   2.1150000e+02
   1.2207500e+00   1.1217919e+00   2.1200000e+02
   1.2210350e+00   1.1216843e+00   2.1250000e+02
   1.2213208e+00   1.1215771e+00   2.1300000e+02
   1.2216074e+00   1.1214703e+00   2.1350000e+02
   1.2218949e+00   1.1213640e+00   2.1400000e+02
   1.2221833e+00   1.1212581e+00   2.1450000e+02
   1.2224725e+00   1.1211526e+00   2.1500000e+02
   1.2227626e+00   1.1210476e+00   2.1550000e+02
   1.2230536e+00   1.1209430e+00   2.1600000e+02
   1.2233454e+00   1.1208389e+00   2.1650000e+02
   1.2236380e+00   1.1207352e+00   2.1700000e+02
   1.2239316e+00   1.1206319e+00   2.1750000e+02
   1.2242260e+00   1.1205291e+00   2.1800000e+02
   1.2245213e+00   1.1204267e+00   2.1850000e+02
   1.2248174e+00   1.1203247e+00   2.1900000e+02
   1.2251145e+00   1.1202232e+00   2.1950000e+02
   1.2254123e+00   1.1201221e+00   2.2000000e+02
   1.2257111e+00   1.1200215e+00   2.2050000e+02
   1.2260108e+00   1.1199213e+00   2.2100000e+02
   1.2263113e+00   1.1198216e+00   2.2150000e+02
   1.2266127e+00   1.1197223e+00   2.2200000e+02
   1.2269150e+00   1.1196234e+00   2.2250000e+02
   1.2272182e+00   1.1195250e+00   2.2300000e+02
   1.2275222e+00   1.1194270e+00   2.2350000e+02
   1.2278271e+00   1.1193295e+00   2.2400000e+02
   1.2281330e+00   1.1192324e+00   2.2450000e+02
   1.2284397e+00   1.1191358e+00   2.2500000e+02
   1.2287473e+00   1.1190397e+00   2.2550000e+02
   1.2290558e+00   1.1189439e+00   2.2600000e+02
   1.2293652e+00   1.1188487e+00   2.2650000e+02
   1.2296755e+00   1.1187538e+00   2.2700000e+02
   1.2299866e+00   1.1186595e+00   2.2750000e+02
   1.2302987e+00   1.1185655e+00   2.2800000e+02
   1.2306117e+00   1.1184721e+00   2.2850000e+02
   1.2309256e+00   1.1183790e+00   2.2900000e+02
   1.2312403e+00   1.1182865e+00   2.2950000e+02
   1.2315560e+00   1.1181944e+00   2.3000000e+02
   1.2318726e+00   1.1181027e+00   2.3050000e+02
   1.2321901e+00   1.1180115e+00   2.3100000e+02
   1.2325085e+00   1.1179208e+00   2.3150000e+02
   1.2328278e+00   1.1178305e+00   2.3200000e+02
   1.2331480e+00   1.1177407e+00   2.3250000e+02
   1.2334691e+00   1.1176513e+00   2.3300000e+02
   1.2337912e+00   1.1175624e+00   2.3350000e+02
   1.2341141e+00   1.1174739e+00   2.3400000e+02
   1.2344380e+00   1.1173860e+00   2.3450000e+02
   1.2347628e+00   1.1172984e+00   2.3500000e+02
   1.2350885e+00   1.1172114e+00   2.3550000e+02
   1.2354151e+00   1.1171248e+00   2.3600000e+02
   1.2357427e+00   1.1170386e+00   2.3650000e+02
   1.2360711e+00   1.1169529e+00   2.3700000e+02
   1.2364006e+00   1.1168677e+00   2.3750000e+02
   1.2367309e+00   1.1167830e+00   2.3800000e+02
   1.2370621e+00   1.1166987e+00   2.3850000e+02
   1.2373943e+00   1.1166149e+00   2.3900000e+02
   1.2377274e+00   1.1165316e+00   2.3950000e+02
   1.2380615e+00   1.1164487e+00   2.4000000e+02
   1.2383965e+00   1.1163663e+00   2.4050000e+02
   1.2387324e+00   1.1162843e+00   2.4100000e+02
   1.2390693e+00   1.1162029e+00   2.4150000e+02
   1.2394071e+00   1.1161219e+00   2.4200000e+02
   1.2397458e+00   1.1160413e+00   2.4250000e+02
   1.2400855e+00   1.1159613e+00   2.4300000e+02
   1.2404261e+00   1.1158817e+00   2.4350000e+02
   1.2407677e+00   1.1158026e+00   2.4400000e+02
   1.2411102e+00   1.1157240e+00   2.4450000e+02
   1.2414537e+00   1.1156458e+00   2.4500000e+02
   1.2417981e+00   1.1155682e+00   2.4550000e+02
   1.2421434e+00   1.1154910e+00   2.4600000e+02
   1.2424897e+00   1.1154143e+00   2.4650000e+02
   1.2428370e+00   1.1153380e+00   2.4700000e+02
   1.2431852e+00   1.1152623e+00   2.4750000e+02
   1.2435344e+00   1.1151870e+00   2.4800000e+02
   1.2438846e+00   1.1151122e+00   2.4850000e+02
   1.2442357e+00   1.1150379e+00   2.4900000e+02
   1.2445877e+00   1.1149640e+00   2.4950000e+02
   1.2449408e+00   1.1148907e+00   2.5000000e+02
   1.2452948e+00   1.1148178e+00   2.5050000e+02
   1.2456497e+00   1.1147454e+00   2.5100000e+02
   1.2460057e+00   1.1146735e+00   2.5150000e+02
   1.2463625e+00   1.1146021e+00   2.5200000e+02
   1.2467204e+00   1.1145312e+00   2.5250000e+02
   1.2470793e+00   1.1144608e+00   2.5300000e+02
   1.2474391e+00   1.1143908e+00   2.5350000e+02
   1.2477999e+00   1.1143214e+00   2.5400000e+02
   1.2481616e+00   1.1142524e+00   2.5450000e+02
   1.2485244e+00   1.1141840e+00   2.5500000e+02
   1.2488881e+00   1.1141160e+00   2.5550000e+02
   1.2492528e+00   1.1140485e+00   2.5600000e+02
   1.2496185e+00   1.1139815e+00   2.5650000e+02
   1.2499852e+00   1.1139150e+00   2.5700000e+02
   1.2503528e+00   1.1138490e+00   2.5750000e+02
   1.2507215e+00   1.1137835e+00   2.5800000e+02
   1.2510911e+00   1.1137185e+00   2.5850000e+02
   1.2514618e+00   1.1136540e+00   2.5900000e+02
   1.2518334e+00   1.1135900e+00   2.5950000e+02
   1.2522060e+00   1.1135265e+00   2.6000000e+02
   1.2525796e+00   1.1134635e+00   2.6050000e+02
   1.2529542e+00   1.1134010e+00   2.6100000e+02
   1.2533298e+00   1.1133390e+00   2.6150000e+02
   1.2537064e+00   1.1132775e+00   2.6200000e+02
   1.2540841e+00   1.1132166e+00   2.6250000e+02
   1.2544627e+00   1.1131561e+00   2.6300000e+02
   1.2548423e+00   1.1130961e+00   2.6350000e+02
   1.2552229e+00   1.1130366e+00   2.6400000e+02
   1.2556046e+00   1.1129777e+00   2.6450000e+02
   1.2559872e+00   1.1129192e+00   2.6500000e+02
   1.2563709e+00   1.1128613e+00   2.6550000e+02
   1.2567555e+00   1.1128039e+00   2.6600000e+02
   1.2571412e+00   1.1127469e+00   2.6650000e+02
   1.2575279e+00   1.1126905e+00   2.6700000e+02
   1.2579156e+00   1.1126346e+00   2.6750000e+02
   1.2583044e+00   1.1125793e+00   2.6800000e+02
   1.2586941e+00   1.1125244e+00   2.6850000e+02
   1.2590849e+00   1.1124701e+00   2.6900000e+02
   1.2594767e+00   1.1124162e+00   2.6950000e+02
   1.2598696e+00   1.1123629e+00   2.7000000e+02
   1.2602634e+00   1.1123101e+00   2.7050000e+02
   1.2606583e+00   1.1122579e+00   2.7100000e+02
   1.2610542e+00   1.1122061e+00   2.7150000e+02
   1.2614512e+00   1.1121549e+00   2.7200000e+02
   1.2618492e+00   1.1121042e+00   2.7250000e+02
   1.2622482e+00   1.1120540e+00   2.7300000e+02
   1.2626482e+00   1.1120044e+00   2.7350000e+02
   1.2630493e+00   1.1119552e+00   2.7400000e+02
   1.2634515e+00   1.1119066e+00   2.7450000e+02
   1.2638546e+00   1.1118586e+00   2.7500000e+02
   1.2642589e+00   1.1118110e+00   2.7550000e+02
   1.2646641e+00   1.1117640e+00   2.7600000e+02
   1.2650704e+00   1.1117175e+00   2.7650000e+02
   1.2654778e+00   1.1116716e+00   2.7700000e+02
   1.2658862e+00   1.1116262e+00   2.7750000e+02
   1.2662956e+00   1.1115813e+00   2.7800000e+02
   1.2667062e+00   1.1115369e+00   2.7850000e+02
   1.2671177e+00   1.1114931e+00   2.7900000e+02
   1.2675303e+00   1.1114498e+00   2.7950000e+02
   1.2679440e+00   1.1114071e+00   2.8000000e+02
   1.2683588e+00   1.1113649e+00   2.8050000e+02
   1.2687746e+00   1.1113232e+00   2.8100000e+02
   1.2691914e+00   1.1112821e+00   2.8150000e+02
   1.2696093e+00   1.1112415e+00   2.8200000e+02
   1.2700283e+00   1.1112015e+00   2.8250000e+02
   1.2704484e+00   1.1111620e+00   2.8300000e+02
   1.2708695e+00   1.1111230e+00   2.8350000e+02
   1.2712917e+00   1.1110846e+00   2.8400000e+02
   1.2717150e+00   1.1110468e+00   2.8450000e+02
   1.2721393e+00   1.1110095e+00   2.8500000e+02
   1.2725647e+00   1.1109727e+00   2.8550000e+02
   1.2729912e+00   1.1109365e+00   2.8600000e+02
   1.2734188e+00   1.1109008e+00   2.8650000e+02
   1.2738475e+00   1.1108657e+00   2.8700000e+02
   1.2742772e+00   1.1108312e+00   2.8750000e+02
   1.2747080e+00   1.1107972e+00   2.8800000e+02
   1.2751399e+00   1.1107637e+00   2.8850000e+02
   1.2755729e+00   1.1107309e+00   2.8900000e+02
   1.2760070e+00   1.1106985e+00   2.8950000e+02
   1.2764422e+00   1.1106668e+00   2.9000000e+02
   1.2768784e+00   1.1106356e+00   2.9050000e+02
   1.2773158e+00   1.1106049e+00   2.9100000e+02
   1.2777542e+00   1.1105748e+00   2.9150000e+02
   1.2781938e+00   1.1105453e+00   2.9200000e+02
   1.2786344e+00   1.1105163e+00   2.9250000e+02
   1.2790762e+00   1.1104879e+00   2.9300000e+02
   1.2795190e+00   1.1104601e+00   2.9350000e+02
   1.2799630e+00   1.1104328e+00   2.9400000e+02
   1.2804080e+00   1.1104061e+00   2.9450000e+02
   1.2808542e+00   1.1103800e+00   2.9500000e+02
   1.2813014e+00   1.1103545e+00   2.9550000e+02
   1.2817498e+00   1.1103295e+00   2.9600000e+02
   1.2821993e+00   1.1103051e+00   2.9650000e+02
   1.2826499e+00   1.1102812e+00   2.9700000e+02
   1.2831016e+00   1.1102580e+00   2.9750000e+02
   1.2835544e+00   1.1102353e+00   2.9800000e+02
   1.2840084e+00   1.1102132e+00   2.9850000e+02
   1.2844635e+00   1.1101916e+00   2.9900000e+02
   1.2849197e+00   1.1101707e+00   2.9950000e+02
   1.2853770e+00   1.1101503e+00   3.0000000e+02
   1.2858354e+00   1.1101305e+00   3.0050000e+02
   1.2862950e+00   1.1101113e+00   3.0100000e+02
   1.2867557e+00   1.1100927e+00   3.0150000e+02
   1.2872175e+00   1.1100746e+00   3.0200000e+02
   1.2876804e+00   1.1100572e+00   3.0250000e+02
   1.2881445e+00   1.1100403e+00   3.0300000e+02
   1.2886097e+00   1.1100241e+00   3.0350000e+02
   1.2890761e+00   1.1100084e+00   3.0400000e+02
   1.2895436e+00   1.1099933e+00   3.0450000e+02
   1.2900122e+00   1.1099788e+00   3.0500000e+02
   1.2904820e+00   1.1099649e+00   3.0550000e+02
   1.2909529e+00   1.1099516e+00   3.0600000e+02
   1.2914250e+00   1.1099388e+00   3.0650000e+02
   1.2918982e+00   1.1099267e+00   3.0700000e+02
   1.2923725e+00   1.1099152e+00   3.0750000e+02
   1.2928481e+00   1.1099043e+00   3.0800000e+02
   1.2933247e+00   1.1098940e+00   3.0850000e+02
   1.2938025e+00   1.1098842e+00   3.0900000e+02
   1.2942815e+00   1.1098751e+00   3.0950000e+02
   1.2947616e+00   1.1098666e+00   3.1000000e+02
   1.2952429e+00   1.1098587e+00   3.1050000e+02
   1.2957253e+00   1.1098514e+00   3.1100000e+02
   1.2962089e+00   1.1098447e+00   3.1150000e+02
   1.2966937e+00   1.1098386e+00   3.1200000e+02
   1.2971796e+00   1.1098332e+00   3.1250000e+02
   1.2976667e+00   1.1098283e+00   3.1300000e+02
   1.2981550e+00   1.1098241e+00   3.1350000e+02
   1.2986444e+00   1.1098204e+00   3.1400000e+02
   1.2991350e+00   1.1098174e+00   3.1450000e+02
   1.2996268e+00   1.1098150e+00   3.1500000e+02
   1.3001197e+00   1.1098132e+00   3.1550000e+02
   1.3006139e+00   1.1098121e+00   3.1600000e+02
   1.3011092e+00   1.1098115e+00   3.1650000e+02
   1.3016057e+00   1.1098116e+00   3.1700000e+02
   1.3021033e+00   1.1098123e+00   3.1750000e+02
   1.3026022e+00   1.1098136e+00   3.1800000e+02
   1.3031022e+00   1.1098156e+00   3.1850000e+02
   1.3036034e+00   1.1098182e+00   3.1900000e+02
   1.3041058e+00   1.1098214e+00   3.1950000e+02
   1.3046094e+00   1.1098252e+00   3.2000000e+02
   1.3051142e+00   1.1098297e+00   3.2050000e+02
   1.3056202e+00   1.1098348e+00   3.2100000e+02
   1.3061274e+00   1.1098405e+00   3.2150000e+02
   1.3066358e+00   1.1098469e+00   3.2200000e+02
   1.3071454e+00   1.1098539e+00   3.2250000e+02
   1.3076561e+00   1.1098615e+00   3.2300000e+02
   1.3081681e+00   1.1098698e+00   3.2350000e+02
   1.3086813e+00   1.1098787e+00   3.2400000e+02
   1.3091957e+00   1.1098883e+00   3.2450000e+02
   1.3097113e+00   1.1098985e+00   3.2500000e+02
   1.3102281e+00   1.1099094e+00   3.2550000e+02
   1.3107461e+00   1.1099209e+00   3.2600000e+02
   1.3112653e+00   1.1099330e+00   3.2650000e+02
   1.3117858e+00   1.1099458e+00   3.2700000e+02
   1.3123074e+00   1.1099592e+00   3.2750000e+02
   1.3128303e+00   1.1099733e+00   3.2800000e+02
   1.3133544e+00   1.1099881e+00   3.2850000e+02
   1.3138797e+00   1.1100035e+00   3.2900000e+02
   1.3144063e+00   1.1100195e+00   3.2950000e+02
   1.3149340e+00   1.1100362e+00   3.3000000e+02
   1.3154630e+00   1.1100536e+00   3.3050000e+02
   1.3159932e+00   1.1100716e+00   3.3100000e+02
   1.3165247e+00   1.1100903e+00   3.3150000e+02
   1.3170574e+00   1.1101096e+00   3.3200000e+02
   1.3175913e+00   1.1101296e+00   3.3250000e+02
   1.3181264e+00   1.1101503e+00   3.3300000e+02
   1.3186628e+00   1.1101717e+00   3.3350000e+02
   1.3192004e+00   1.1101937e+00   3.3400000e+02
   1.3197393e+00   1.1102163e+00   3.3450000e+02
   1.3202794e+00   1.1102397e+00   3.3500000e+02
   1.3208208e+00   1.1102637e+00   3.3550000e+02
   1.3213633e+00   1.1102884e+00   3.3600000e+02
   1.3219072e+00   1.1103138e+00   3.3650000e+02
   1.3224523e+00   1.1103398e+00   3.3700000e+02
   1.3229986e+00   1.1103665e+00   3.3750000e+02
   1.3235462e+00   1.1103939e+00   3.3800000e+02
   1.3240951e+00   1.1104220e+00   3.3850000e+02
   1.3246452e+00   1.1104508e+00   3.3900000e+02
   1.3251965e+00   1.1104802e+00   3.3950000e+02
   1.3257491e+00   1.1105103e+00   3.4000000e+02
   1.3263030e+00   1.1105412e+00   3.4050000e+02
   1.3268582e+00   1.1105727e+00   3.4100000e+02
   1.3274146e+00   1.1106048e+00   3.4150000e+02
   1.3279722e+00   1.1106377e+00   3.4200000e+02
   1.3285312e+00   1.1106713e+00   3.4250000e+02
   1.3290914e+00   1.1107056e+00   3.4300000e+02
   1.3296529e+00   1.1107405e+00   3.4350000e+02
   1.3302156e+00   1.1107762e+00   3.4400000e+02
   1.3307797e+00   1.1108125e+00   3.4450000e+02
   1.3313450e+00   1.1108496e+00   3.4500000e+02
   1.3319116e+00   1.1108874e+00   3.4550000e+02
   1.3324794e+00   1.1109258e+00   3.4600000e+02
   1.3330486e+00   1.1109650e+00   3.4650000e+02
   1.3336190e+00   1.1110049e+00   3.4700000e+02
   1.3341907e+00   1.1110454e+00   3.4750000e+02
   1.3347637e+00   1.1110867e+00   3.4800000e+02
   1.3353380e+00   1.1111287e+00   3.4850000e+02
   1.3359136e+00   1.1111714e+00   3.4900000e+02
   1.3364905e+00   1.1112148e+00   3.4950000e+02
   1.3370687e+00   1.1112590e+00   3.5000000e+02
   1.3376481e+00   1.1113038e+00   3.5050000e+02
   1.3382289e+00   1.1113494e+00   3.5100000e+02
   1.3388110e+00   1.1113957e+00   3.5150000e+02
   1.3393943e+00   1.1114427e+00   3.5200000e+02
   1.3399790e+00   1.1114904e+00   3.5250000e+02
   1.3405650e+00   1.1115389e+00   3.5300000e+02
   1.3411523e+00   1.1115880e+00   3.5350000e+02
   1.3417409e+00   1.1116379e+00   3.5400000e+02
   1.3423308e+00   1.1116886e+00   3.5450000e+02
   1.3429220e+00   1.1117399e+00   3.5500000e+02
   1.3435145e+00   1.1117920e+00   3.5550000e+02
   1.3441084e+00   1.1118449e+00   3.5600000e+02
   1.3447035e+00   1.1118984e+00   3.5650000e+02
   1.3453000e+00   1.1119527e+00   3.5700000e+02
   1.3458978e+00   1.1120078e+00   3.5750000e+02
   1.3464970e+00   1.1120636e+00   3.5800000e+02
   1.3470974e+00   1.1121201e+00   3.5850000e+02
   1.3476992e+00   1.1121773e+00   3.5900000e+02
   1.3483023e+00   1.1122353e+00   3.5950000e+02
   1.3489067e+00   1.1122941e+00   3.6000000e+02
   1.3495125e+00   1.1123536e+00   3.6050000e+02
   1.3501196e+00   1.1124139e+00   3.6100000e+02
   1.3507281e+00   1.1124749e+00   3.6150000e+02
   1.3513378e+00   1.1125366e+00   3.6200000e+02
   1.3519490e+00   1.1125991e+00   3.6250000e+02
   1.3525614e+00   1.1126624e+00   3.6300000e+02
   1.3531752e+00   1.1127264e+00   3.6350000e+02
   1.3537904e+00   1.1127912e+00   3.6400000e+02
   1.3544069e+00   1.1128567e+00   3.6450000e+02
   1.3550247e+00   1.1129230e+00   3.6500000e+02
   1.3556439e+00   1.1129901e+00   3.6550000e+02
   1.3562644e+00   1.1130580e+00   3.6600000e+02
   1.3568863e+00   1.1131266e+00   3.6650000e+02
   1.3575096e+00   1.1131959e+00   3.6700000e+02
   1.3581342e+00   1.1132661e+00   3.6750000e+02
   1.3587602e+00   1.1133370e+00   3.6800000e+02
   1.3593875e+00   1.1134087e+00   3.6850000e+02
   1.3600162e+00   1.1134812e+00   3.6900000e+02
   1.3606462e+00   1.1135544e+00   3.6950000e+02
   1.3612777e+00   1.1136284e+00   3.7000000e+02
   1.3619105e+00   1.1137032e+00   3.7050000e+02
   1.3625446e+00   1.1137788e+00   3.7100000e+02
   1.3631802e+00   1.1138552e+00   3.7150000e+02
   1.3638171e+00   1.1139324e+00   3.7200000e+02
   1.3644554e+00   1.1140103e+00   3.7250000e+02
   1.3650950e+00   1.1140890e+00   3.7300000e+02
   1.3657361e+00   1.1141686e+00   3.7350000e+02
   1.3663785e+00   1.1142489e+00   3.7400000e+02
   1.3670223e+00   1.1143300e+00   3.7450000e+02
   1.3676675e+00   1.1144119e+00   3.7500000e+02
   1.3683140e+00   1.1144947e+00   3.7550000e+02
   1.3689620e+00   1.1145782e+00   3.7600000e+02
   1.3696114e+00   1.1146625e+00   3.7650000e+02
   1.3702621e+00   1.1147476e+00   3.7700000e+02
   1.3709142e+00   1.1148335e+00   3.7750000e+02
   1.3715678e+00   1.1149203e+00   3.7800000e+02
   1.3722227e+00   1.1150078e+00   3.7850000e+02
   1.3728790e+00   1.1150962e+00   3.7900000e+02
   1.3735368e+00   1.1151853e+00   3.7950000e+02
   1.3741959e+00   1.1152753e+00   3.8000000e+02
   1.3748564e+00   1.1153661e+00   3.8050000e+02
   1.3755184e+00   1.1154577e+00   3.8100000e+02
   1.3761817e+00   1.1155501e+00   3.8150000e+02
   1.3768465e+00   1.1156434e+00   3.8200000e+02
   1.3775127e+00   1.1157375e+00   3.8250000e+02
   1.3781803e+00   1.1158324e+00   3.8300000e+02
   1.3788493e+00   1.1159281e+00   3.8350000e+02
   1.3795197e+00   1.1160247e+00   3.8400000e+02
   1.3801916e+00   1.1161221e+00   3.8450000e+02
   1.3808648e+00   1.1162203e+00   3.8500000e+02
   1.3815395e+00   1.1163194e+00   3.8550000e+02
   1.3822156e+00   1.1164193e+00   3.8600000e+02
   1.3828932e+00   1.1165200e+00   3.8650000e+02
   1.3835722e+00   1.1166216e+00   3.8700000e+02
   1.3842526e+00   1.1167240e+00   3.8750000e+02
   1.3849344e+00   1.1168272e+00   3.8800000e+02
   1.3856177e+00   1.1169313e+00   3.8850000e+02
   1.3863024e+00   1.1170363e+00   3.8900000e+02
   1.3869885e+00   1.1171421e+00   3.8950000e+02
   1.3876761e+00   1.1172488e+00   3.9000000e+02
   1.3883651e+00   1.1173563e+00   3.9050000e+02
   1.3890556e+00   1.1174646e+00   3.9100000e+02
   1.3897475e+00   1.1175738e+00   3.9150000e+02
   1.3904409e+00   1.1176839e+00   3.9200000e+02
   1.3911357e+00   1.1177949e+00   3.9250000e+02
   1.3918319e+00   1.1179067e+00   3.9300000e+02
   1.3925297e+00   1.1180193e+00   3.9350000e+02
   1.3932288e+00   1.1181329e+00   3.9400000e+02
   1.3939295e+00   1.1182473e+00   3.9450000e+02
   1.3946315e+00   1.1183625e+00   3.9500000e+02
   1.3953351e+00   1.1184787e+00   3.9550000e+02
   1.3960401e+00   1.1185957e+00   3.9600000e+02
   1.3967466e+00   1.1187136e+00   3.9650000e+02
   1.3974545e+00   1.1188324e+00   3.9700000e+02
   1.3981639e+00   1.1189520e+00   3.9750000e+02
   1.3988748e+00   1.1190725e+00   3.9800000e+02
   1.3995872e+00   1.1191940e+00   3.9850000e+02
   1.4003010e+00   1.1193163e+00   3.9900000e+02
   1.4010163e+00   1.1194395e+00   3.9950000e+02
   1.4017331e+00   1.1195635e+00   4.0000000e+02