   8.6634521e-01  -1.6700000e+02
   8.6654957e-01  -1.6650000e+02
   8.6675393e-01  -1.6600000e+02
   8.6695829e-01  -1.6550000e+02
   8.6716264e-01  -1.6500000e+02
   8.6736700e-01  -1.6450000e+02
   8.6757135e-01  -1.6400000e+02
   8.6777570e-01  -1.6350000e+02
   8.6798006e-01  -1.6300000e+02
   8.6818441e-01  -1.6250000e+02
   8.6838876e-01  -1.6200000e+02
   8.6859311e-01  -1.6150000e+02
   8.6879746e-01  -1.6100000e+02
   8.6900181e-01  -1.6050000e+02
   8.6920616e-01  -1.6000000e+02
   8.6941052e-01  -1.5950000e+02
   8.6961487e-01  -1.5900000e+02
   8.6981923e-01  -1.5850000e+02
   8.7002358e-01  -1.5800000e+02
   8.7022794e-01  -1.5750000e+02
   8.7043230e-01  -1.5700000e+02
   8.7063666e-01  -1.5650000e+02
   8.7084102e-01  -1.5600000e+02
   8.7104538e-01  -1.5550000e+02
   8.7124975e-01  -1.5500000e+02
   8.7145412e-01  -1.5450000e+02
   8.7165849e-01  -1.5400000e+02
   8.7186286e-01  -1.5350000e+02
   8.7206724e-01  -1.5300000e+02
   8.7227162e-01  -1.5250000e+02
   8.7247600e-01  -1.5200000e+02
   8.7268039e-01  -1.5150000e+02
   8.7288478e-01  -1.5100000e+02
   8.7308917e-01  -1.5050000e+02
   8.7329357e-01  -1.5000000e+02
   8.7349797e-01  -1.4950000e+02
   8.7370238e-01  -1.4900000e+02
   8.7390679e-01  -1.4850000e+02
   8.7411121e-01  -1.4800000e+02
   8.7431563e-01  -1.4750000e+02
   8.7452006e-01  -1.4700000e+02
   8.7472449e-01  -1.4650000e+02
   8.7492893e-01  -1.4600000e+02
   8.7513337e-01  -1.4550000e+02
   8.7533782e-01  -1.4500000e+02
   8.7554228e-01  -1.4450000e+02
   8.7574674e-01  -1.4400000e+02
   8.7595121e-01  -1.4350000e+02
   8.7615569e-01  -1.4300000e+02
   8.7636017e-01  -1.4250000e+02
   8.7656466e-01  -1.4200000e+02
   8.7676916e-01  -1.4150000e+02
   8.7697367e-01  -1.4100000e+02
   8.7717818e-01  -1.4050000e+02
   8.7738271e-01  -1.4000000e+02
   8.7758724e-01  -1.3950000e+02
   8.7779178e-01  -1.3900000e+02
   8.7799633e-01  -1.3850000e+02
   8.7820088e-01  -1.3800000e+02
   8.7840545e-01  -1.3750000e+02
   8.7861003e-01  -1.3700000e+02
   8.7881461e-01  -1.3650000e+02
   8.7901921e-01  -1.3600000e+02
   8.7922382e-01  -1.3550000e+02
   8.7942843e-01  -1.3500000e+02
   8.7963306e-01  -1.3450000e+02
   8.7983770e-01  -1.3400000e+02
   8.8004235e-01  -1.3350000e+02
   8.8024701e-01  -1.3300000e+02
   8.8045168e-01  -1.3250000e+02
   8.8065637e-01  -1.3200000e+02
   8.8086106e-01  -1.3150000e+02
   8.8106577e-01  -1.3100000e+02
   8.8127050e-01  -1.3050000e+02
   8.8147523e-01  -1.3000000e+02
   8.8167998e-01  -1.2950000e+02
   8.8188474e-01  -1.2900000e+02
   8.8208951e-01  -1.2850000e+02
   8.8229430e-01  -1.2800000e+02
   8.8249910e-01  -1.2750000e+02
   8.8270392e-01  -1.2700000e+02
   8.8290875e-01  -1.2650000e+02
   8.8311360e-01  -1.2600000e+02
   8.8331846e-01  -1.2550000e+02
   8.8352333e-01  -1.2500000e+02
   8.8372823e-01  -1.2450000e+02
   8.8393313e-01  -1.2400000e+02
   8.8413806e-01  -1.2350000e+02
   8.8434300e-01  -1.2300000e+02
   8.8454795e-01  -1.2250000e+02
   8.8475293e-01  -1.2200000e+02
   8.8495792e-01  -1.2150000e+02
   8.8516292e-01  -1.2100000e+02
   8.8536795e-01  -1.2050000e+02
   8.8557299e-01  -1.2000000e+02
   8.8577805e-01  -1.1950000e+02
   8.8598313e-01  -1.1900000e+02
   8.8618823e-01  -1.1850000e+02
   8.8639335e-01  -1.1800000e+02
   8.8659849e-01  -1.1750000e+02
   8.8680364e-01  -1.1700000e+02
   8.8700882e-01  -1.1650000e+02
   8.8721402e-01  -1.1600000e+02
   8.8741923e-01  -1.1550000e+02
   8.8762447e-01  -1.1500000e+02
   8.8782973e-01  -1.1450000e+02
   8.8803501e-01  -1.1400000e+02
   8.8824031e-01  -1.1350000e+02
   8.8844563e-01  -1.1300000e+02
   8.8865097e-01  -1.1250000e+02
   8.8885634e-01  -1.1200000e+02
   8.8906173e-01  -1.1150000e+02
   8.8926714e-01  -1.1100000e+02
   8.8947258e-01  -1.1050000e+02
   8.8967803e-01  -1.1000000e+02
   8.8988352e-01  -1.0950000e+02
   8.9008902e-01  -1.0900000e+02
   8.9029455e-01  -1.0850000e+02
   8.9050011e-01  -1.0800000e+02
   8.9070569e-01  -1.0750000e+02
   8.9091129e-01  -1.0700000e+02
   8.9111692e-01  -1.0650000e+02
   8.9132258e-01  -1.0600000e+02
   8.9152826e-01  -1.0550000e+02
   8.9173397e-01  -1.0500000e+02
   8.9193971e-01  -1.0450000e+02
   8.9214547e-01  -1.0400000e+02
   8.9235126e-01  -1.0350000e+02
   8.9255707e-01  -1.0300000e+02
   8.9276292e-01  -1.0250000e+02
   8.9296879e-01  -1.0200000e+02
   8.9317469e-01  -1.0150000e+02
   8.9338062e-01  -1.0100000e+02
   8.9358658e-01  -1.0050000e+02
   8.9379257e-01  -1.0000000e+02
   8.9399859e-01  -9.9500000e+01
   8.9420464e-01  -9.9000000e+01
   8.9441072e-01  -9.8500000e+01
   8.9461683e-01  -9.8000000e+01
   8.9482297e-01  -9.7500000e+01
   8.9502914e-01  -9.7000000e+01
   8.9523534e-01  -9.6500000e+01
   8.9544158e-01  -9.6000000e+01
   8.9564784e-01  -9.5500000e+01
   8.9585414e-01  -9.5000000e+01
   8.9606048e-01  -9.4500000e+01
   8.9626684e-01  -9.4000000e+01
   8.9647324e-01  -9.3500000e+01
   8.9667968e-01  -9.3000000e+01
   8.9688614e-01  -9.2500000e+01
   8.9709264e-01  -9.2000000e+01
   8.9729918e-01  -9.1500000e+01
   8.9750575e-01  -9.1000000e+01
   8.9771236e-01  -9.0500000e+01
   8.9791900e-01  -9.0000000e+01
   8.9812568e-01  -8.9500000e+01
   8.9833240e-01  -8.9000000e+01
   8.9853915e-01  -8.8500000e+01
   8.9874594e-01  -8.8000000e+01
   8.9895277e-01  -8.7500000e+01
   8.9915963e-01  -8.7000000e+01
   8.9936654e-01  -8.6500000e+01
   8.9957348e-01  -8.6000000e+01
   8.9978046e-01  -8.5500000e+01
   8.9998748e-01  -8.5000000e+01
   9.0019453e-01  -8.4500000e+01
   9.0040163e-01  -8.4000000e+01
   9.0060877e-01  -8.3500000e+01
   9.0081595e-01  -8.3000000e+01
   9.0102317e-01  -8.2500000e+01
   9.0123043e-01  -8.2000000e+01
   9.0143774e-01  -8.1500000e+01
   9.0164508e-01  -8.1000000e+01
   9.0185247e-01  -8.0500000e+01
   9.0205990e-01  -8.0000000e+01
   9.0226737e-01  -7.9500000e+01
   9.0247489e-01  -7.9000000e+01
   9.0268245e-01  -7.8500000e+01
   9.0289005e-01  -7.8000000e+01
   9.0309770e-01  -7.7500000e+01
   9.0330539e-01  -7.7000000e+01
   9.0351313e-01  -7.6500000e+01
   9.0372091e-01  -7.6000000e+01
   9.0392874e-01  -7.5500000e+01
   9.0413662e-01  -7.5000000e+01
   9.0434454e-01  -7.4500000e+01
   9.0455251e-01  -7.4000000e+01
   9.0476053e-01  -7.3500000e+01
   9.0496859e-01  -7.3000000e+01
   9.0517670e-01  -7.2500000e+01
   9.0538486e-01  -7.2000000e+01
   9.0559307e-01  -7.1500000e+01
   9.0580133e-01  -7.1000000e+01
   9.0600964e-01  -7.0500000e+01
   9.0621799e-01  -7.0000000e+01
   9.0642640e-01  -6.9500000e+01
   9.0663486e-01  -6.9000000e+01
   9.0684337e-01  -6.8500000e+01
   9.0705193e-01  -6.8000000e+01
   9.0726054e-01  -6.7500000e+01
   9.0746921e-01  -6.7000000e+01
   9.0767792e-01  -6.6500000e+01
   9.0788669e-01  -6.6000000e+01
   9.0809552e-01  -6.5500000e+01
   9.0830439e-01  -6.5000000e+01
   9.0851332e-01  -6.4500000e+01
   9.0872231e-01  -6.4000000e+01
   9.0893135e-01  -6.3500000e+01
   9.0914044e-01  -6.3000000e+01
   9.0934959e-01  -6.2500000e+01
   9.0955880e-01  -6.2000000e+01
   9.0976806e-01  -6.1500000e+01
   9.0997738e-01  -6.1000000e+01
   9.1018676e-01  -6.0500000e+01
   9.1039619e-01  -6.0000000e+01
   9.1060568e-01  -5.9500000e+01
   9.1081523e-01  -5.9000000e+01
   9.1102484e-01  -5.8500000e+01
   9.1123451e-01  -5.8000000e+01
   9.1144424e-01  -5.7500000e+01
   9.1165402e-01  -5.7000000e+01
   9.1186387e-01  -5.6500000e+01
   9.1207378e-01  -5.6000000e+01
   9.1228375e-01  -5.5500000e+01
   9.1249378e-01  -5.5000000e+01
   9.1270387e-01  -5.4500000e+01
   9.1291402e-01  -5.4000000e+01
   9.1312424e-01  -5.3500000e+01
   9.1333452e-01  -5.3000000e+01
   9.1354486e-01  -5.2500000e+01
   9.1375527e-01  -5.2000000e+01
   9.1396574e-01  -5.1500000e+01
   9.1417628e-01  -5.1000000e+01
   9.1438688e-01  -5.0500000e+01
   9.1459754e-01  -5.0000000e+01
   9.1480828e-01  -4.9500000e+01
   9.1501907e-01  -4.9000000e+01
   9.1522994e-01  -4.8500000e+01
   9.1544087e-01  -4.8000000e+01
   9.1565187e-01  -4.7500000e+01
   9.1586294e-01  -4.7000000e+01
   9.1607408e-01  -4.6500000e+01
   9.1628528e-01  -4.6000000e+01
   9.1649656e-01  -4.5500000e+01
   9.1670790e-01  -4.5000000e+01
   9.1691931e-01  -4.4500000e+01
   9.1713080e-01  -4.4000000e+01
   9.1734235e-01  -4.3500000e+01
   9.1755398e-01  -4.3000000e+01
   9.1776568e-01  -4.2500000e+01
   9.1797745e-01  -4.2000000e+01
   9.1818929e-01  -4.1500000e+01
   9.1840121e-01  -4.1000000e+01
   9.1861320e-01  -4.0500000e+01
   9.1882526e-01  -4.0000000e+01
   9.1903740e-01  -3.9500000e+01
   9.1924961e-01  -3.9000000e+01
   9.1946190e-01  -3.8500000e+01
   9.1967426e-01  -3.8000000e+01
   9.1988670e-01  -3.7500000e+01
   9.2009921e-01  -3.7000000e+01
   9.2031180e-01  -3.6500000e+01
   9.2052447e-01  -3.6000000e+01
   9.2073722e-01  -3.5500000e+01
   9.2095005e-01  -3.5000000e+01
   9.2116295e-01  -3.4500000e+01
   9.2137593e-01  -3.4000000e+01
   9.2158899e-01  -3.3500000e+01
   9.2180214e-01  -3.3000000e+01
   9.2201536e-01  -3.2500000e+01
   9.2222866e-01  -3.2000000e+01
   9.2244205e-01  -3.1500000e+01
   9.2265551e-01  -3.1000000e+01
   9.2286906e-01  -3.0500000e+01
   9.2308269e-01  -3.0000000e+01
   9.2329641e-01  -2.9500000e+01
   9.2351020e-01  -2.9000000e+01
   9.2372408e-01  -2.8500000e+01
   9.2393805e-01  -2.8000000e+01
   9.2415210e-01  -2.7500000e+01
   9.2436623e-01  -2.7000000e+01
   9.2458046e-01  -2.6500000e+01
   9.2479476e-01  -2.6000000e+01
   9.2500916e-01  -2.5500000e+01
   9.2522364e-01  -2.5000000e+01
   9.2543821e-01  -2.4500000e+01
   9.2565286e-01  -2.4000000e+01
   9.2586761e-01  -2.3500000e+01
   9.2608244e-01  -2.3000000e+01
   9.2629736e-01  -2.2500000e+01
   9.2651238e-01  -2.2000000e+01
   9.2672748e-01  -2.1500000e+01
   9.2694267e-01  -2.1000000e+01
   9.2715796e-01  -2.0500000e+01
   9.2737333e-01  -2.0000000e+01
   9.2758880e-01  -1.9500000e+01
   9.2780436e-01  -1.9000000e+01
   9.2802001e-01  -1.8500000e+01
   9.2823576e-01  -1.8000000e+01
   9.2845160e-01  -1.7500000e+01
   9.2866754e-01  -1.7000000e+01
   9.2888357e-01  -1.6500000e+01
   9.2909969e-01  -1.6000000e+01
   9.2931592e-01  -1.5500000e+01
   9.2953223e-01  -1.5000000e+01
   9.2974865e-01  -1.4500000e+01
   9.2996516e-01  -1.4000000e+01
   9.3018177e-01  -1.3500000e+01
   9.3039847e-01  -1.3000000e+01
   9.3061528e-01  -1.2500000e+01
   9.3083219e-01  -1.2000000e+01
   9.3104919e-01  -1.1500000e+01
   9.3126629e-01  -1.1000000e+01
   9.3148350e-01  -1.0500000e+01
   9.3170080e-01  -1.0000000e+01
   9.3191821e-01  -9.5000000e+00
   9.3213572e-01  -9.0000000e+00
   9.3235333e-01  -8.5000000e+00
   9.3257105e-01  -8.0000000e+00
   9.3278886e-01  -7.5000000e+00
   9.3300679e-01  -7.0000000e+00
   9.3322481e-01  -6.5000000e+00
   9.3344294e-01  -6.0000000e+00
   9.3366118e-01  -5.5000000e+00
   9.3387952e-01  -5.0000000e+00
   9.3409797e-01  -4.5000000e+00
   9.3431652e-01  -4.0000000e+00
   9.3453518e-01  -3.5000000e+00
   9.3475395e-01  -3.0000000e+00
   9.3497283e-01  -2.5000000e+00
   9.3519182e-01  -2.0000000e+00
   9.3541091e-01  -1.5000000e+00
   9.3563012e-01  -1.0000000e+00
   9.3584943e-01  -5.0000000e-01
   9.3606886e-01   0.0000000e+00
   9.3628840e-01   5.0000000e-01
   9.3650805e-01   1.0000000e+00
   9.3672781e-01   1.5000000e+00
   9.3694768e-01   2.0000000e+00
   9.3716767e-01   2.5000000e+00
   9.3738777e-01   3.0000000e+00
   9.3760798e-01   3.5000000e+00
   9.3782831e-01   4.0000000e+00
   9.3804875e-01   4.5000000e+00
   9.3826931e-01   5.0000000e+00
   9.3848999e-01   5.5000000e+00
   9.3871078e-01   6.0000000e+00
   9.3893169e-01   6.5000000e+00
   9.3915271e-01   7.0000000e+00
   9.3937386e-01   7.5000000e+00
   9.3959512e-01   8.0000000e+00
   9.3981650e-01   8.5000000e+00
   9.4003801e-01   9.0000000e+00
   9.4025963e-01   9.5000000e+00
   9.4048137e-01   1.0000000e+01
   9.4070323e-01   1.0500000e+01
   9.4092522e-01   1.1000000e+01
   9.4114732e-01   1.1500000e+01
   9.4136955e-01   1.2000000e+01
   9.4159191e-01   1.2500000e+01
   9.4181438e-01   1.3000000e+01
   9.4203698e-01   1.3500000e+01
   9.4225971e-01   1.4000000e+01
   9.4248256e-01   1.4500000e+01
   9.4270553e-01   1.5000000e+01
   9.4292863e-01   1.5500000e+01
   9.4315186e-01   1.6000000e+01
   9.4337522e-01   1.6500000e+01
   9.4359870e-01   1.7000000e+01
   9.4382231e-01   1.7500000e+01
   9.4404605e-01   1.8000000e+01
   9.4426992e-01   1.8500000e+01
   9.4449392e-01   1.9000000e+01
   9.4471805e-01   1.9500000e+01
   9.4494231e-01   2.0000000e+01
   9.4516670e-01   2.0500000e+01
   9.4539123e-01   2.1000000e+01
   9.4561588e-01   2.1500000e+01
   9.4584067e-01   2.2000000e+01
   9.4606559e-01   2.2500000e+01
   9.4629065e-01   2.3000000e+01
   9.4651584e-01   2.3500000e+01
   9.4674116e-01   2.4000000e+01
   9.4696662e-01   2.4500000e+01
   9.4719222e-01   2.5000000e+01
   9.4741795e-01   2.5500000e+01
   9.4764382e-01   2.6000000e+01
   9.4786983e-01   2.6500000e+01
   9.4809597e-01   2.7000000e+01
   9.4832226e-01   2.7500000e+01
   9.4854868e-01   2.8000000e+01
   9.4877524e-01   2.8500000e+01
   9.4900195e-01   2.9000000e+01
   9.4922879e-01   2.9500000e+01
   9.4945578e-01   3.0000000e+01
   9.4968290e-01   3.0500000e+01
   9.4991017e-01   3.1000000e+01
   9.5013758e-01   3.1500000e+01
   9.5036514e-01   3.2000000e+01
   9.5059284e-01   3.2500000e+01
   9.5082068e-01   3.3000000e+01
   9.5104867e-01   3.3500000e+01
   9.5127680e-01   3.4000000e+01
   9.5150508e-01   3.4500000e+01
   9.5173351e-01   3.5000000e+01
   9.5196208e-01   3.5500000e+01
   9.5219080e-01   3.6000000e+01
   9.5241967e-01   3.6500000e+01
   9.5264869e-01   3.7000000e+01
   9.5287785e-01   3.7500000e+01
   9.5310717e-01   3.8000000e+01
   9.5333664e-01   3.8500000e+01
   9.5356625e-01   3.9000000e+01
   9.5379602e-01   3.9500000e+01
   9.5402594e-01   4.0000000e+01
   9.5425602e-01   4.0500000e+01
   9.5448624e-01   4.1000000e+01
   9.5471662e-01   4.1500000e+01
   9.5494716e-01   4.2000000e+01
   9.5517784e-01   4.2500000e+01
   9.5540869e-01   4.3000000e+01
   9.5563969e-01   4.3500000e+01
   9.5587084e-01   4.4000000e+01
   9.5610215e-01   4.4500000e+01
   9.5633362e-01   4.5000000e+01
   9.5656525e-01   4.5500000e+01
   9.5679704e-01   4.6000000e+01
   9.5702898e-01   4.6500000e+01
   9.5726109e-01   4.7000000e+01
   9.5749335e-01   4.7500000e+01
   9.5772577e-01   4.8000000e+01
   9.5795836e-01   4.8500000e+01
   9.5819111e-01   4.9000000e+01
   9.5842402e-01   4.9500000e+01
   9.5865709e-01   5.0000000e+01
   9.5889033e-01   5.0500000e+01
   9.5912373e-01   5.1000000e+01
   9.5935729e-01   5.1500000e+01
   9.5959102e-01   5.2000000e+01
   9.5982491e-01   5.2500000e+01
   9.6005897e-01   5.3000000e+01
   9.6029320e-01   5.3500000e+01
   9.6052759e-01   5.4000000e+01
   9.6076216e-01   5.4500000e+01
   9.6099689e-01   5.5000000e+01
   9.6123179e-01   5.5500000e+01
   9.6146685e-01   5.6000000e+01
   9.6170209e-01   5.6500000e+01
   9.6193750e-01   5.7000000e+01
   9.6217308e-01   5.7500000e+01
   9.6240883e-01   5.8000000e+01
   9.6264476e-01   5.8500000e+01
   9.6288085e-01   5.9000000e+01
   9.6311712e-01   5.9500000e+01
   9.6335357e-01   6.0000000e+01
   9.6359019e-01   6.0500000e+01
   9.6382698e-01   6.1000000e+01
   9.6406395e-01   6.1500000e+01
   9.6430109e-01   6.2000000e+01
   9.6453841e-01   6.2500000e+01
   9.6477591e-01   6.3000000e+01
   9.6501359e-01   6.3500000e+01
   9.6525144e-01   6.4000000e+01
   9.6548947e-01   6.4500000e+01
   9.6572769e-01   6.5000000e+01
   9.6596608e-01   6.5500000e+01
   9.6620465e-01   6.6000000e+01
   9.6644341e-01   6.6500000e+01
   9.6668234e-01   6.7000000e+01
   9.6692146e-01   6.7500000e+01
   9.6716076e-01   6.8000000e+01
   9.6740024e-01   6.8500000e+01
   9.6763991e-01   6.9000000e+01
   9.6787977e-01   6.9500000e+01
   9.6811980e-01   7.0000000e+01
   9.6836003e-01   7.0500000e+01
   9.6860044e-01   7.1000000e+01
   9.6884103e-01   7.1500000e+01
   9.6908181e-01   7.2000000e+01
   9.6932279e-01   7.2500000e+01
   9.6956395e-01   7.3000000e+01
   9.6980529e-01   7.3500000e+01
   9.7004683e-01   7.4000000e+01
   9.7028856e-01   7.4500000e+01
   9.7053048e-01   7.5000000e+01
   9.7077259e-01   7.5500000e+01
   9.7101489e-01   7.6000000e+01
   9.7125739e-01   7.6500000e+01
   9.7150008e-01   7.7000000e+01
   9.7174296e-01   7.7500000e+01
   9.7198603e-01   7.8000000e+01
   9.7222930e-01   7.8500000e+01
   9.7247277e-01   7.9000000e+01
   9.7271643e-01   7.9500000e+01
   9.7296029e-01   8.0000000e+01
   9.7320434e-01   8.0500000e+01
   9.7344859e-01   8.1000000e+01
   9.7369304e-01   8.1500000e+01
   9.7393769e-01   8.2000000e+01
   9.7418254e-01   8.2500000e+01
   9.7442759e-01   8.3000000e+01
   9.7467284e-01   8.3500000e+01
   9.7491829e-01   8.4000000e+01
   9.7516394e-01   8.4500000e+01
   9.7540979e-01   8.5000000e+01
   9.7565585e-01   8.5500000e+01
   9.7590210e-01   8.6000000e+01
   9.7614857e-01   8.6500000e+01
   9.7639523e-01   8.7000000e+01
   9.7664211e-01   8.7500000e+01
   9.7688919e-01   8.8000000e+01
   9.7713647e-01   8.8500000e+01
   9.7738396e-01   8.9000000e+01
   9.7763166e-01   8.9500000e+01
   9.7787956e-01   9.0000000e+01
   9.7812768e-01   9.0500000e+01
   9.7837600e-01   9.1000000e+01
   9.7862453e-01   9.1500000e+01
   9.7887328e-01   9.2000000e+01
   9.7912223e-01   9.2500000e+01
   9.7937140e-01   9.3000000e+01
   9.7962077e-01   9.3500000e+01
   9.7987036e-01   9.4000000e+01
   9.8012017e-01   9.4500000e+01
   9.8037018e-01   9.5000000e+01
   9.8062041e-01   9.5500000e+01
   9.8087086e-01   9.6000000e+01
   9.8112152e-01   9.6500000e+01
   9.8137240e-01   9.7000000e+01
   9.8162349e-01   9.7500000e+01
   9.8187480e-01   9.8000000e+01
   9.8212633e-01   9.8500000e+01
   9.8237807e-01   9.9000000e+01
   9.8263004e-01   9.9500000e+01
   9.8288222e-01   1.0000000e+02
   9.8313463e-01   1.0050000e+02
   9.8338725e-01   1.0100000e+02
   9.8364010e-01   1.0150000e+02
   9.8389317e-01   1.0200000e+02
   9.8414646e-01   1.0250000e+02
   9.8439997e-01   1.0300000e+02
   9.8465371e-01   1.0350000e+02
   9.8490767e-01   1.0400000e+02
   9.8516186e-01   1.0450000e+02
   9.8541627e-01   1.0500000e+02
   9.8567091e-01   1.0550000e+02
   9.8592577e-01   1.0600000e+02
   9.8618086e-01   1.0650000e+02
   9.8643618e-01   1.0700000e+02
   9.8669172e-01   1.0750000e+02
   9.8694750e-01   1.0800000e+02
   9.8720350e-01   1.0850000e+02
   9.8745974e-01   1.0900000e+02
   9.8771620e-01   1.0950000e+02
   9.8797290e-01   1.1000000e+02
   9.8822982e-01   1.1050000e+02
   9.8848698e-01   1.1100000e+02
   9.8874437e-01   1.1150000e+02
   9.8900200e-01   1.1200000e+02
   9.8925986e-01   1.1250000e+02
   9.8951795e-01   1.1300000e+02
   9.8977628e-01   1.1350000e+02
   9.9003485e-01   1.1400000e+02
   9.9029365e-01   1.1450000e+02
   9.9055269e-01   1.1500000e+02
   9.9081196e-01   1.1550000e+02
   9.9107148e-01   1.1600000e+02
   9.9133123e-01   1.1650000e+02
   9.9159122e-01   1.1700000e+02
   9.9185145e-01   1.1750000e+02
   9.9211192e-01   1.1800000e+02
   9.9237264e-01   1.1850000e+02
   9.9263359e-01   1.1900000e+02
   9.9289479e-01   1.1950000e+02
   9.9315623e-01   1.2000000e+02
   9.9341791e-01   1.2050000e+02
   9.9367984e-01   1.2100000e+02
   9.9394201e-01   1.2150000e+02
   9.9420442e-01   1.2200000e+02
   9.9446709e-01   1.2250000e+02
   9.9472999e-01   1.2300000e+02
   9.9499315e-01   1.2350000e+02
   9.9525655e-01   1.2400000e+02
   9.9552020e-01   1.2450000e+02
   9.9578410e-01   1.2500000e+02
   9.9604825e-01   1.2550000e+02
   9.9631265e-01   1.2600000e+02
   9.9657729e-01   1.2650000e+02
   9.9684219e-01   1.2700000e+02
   9.9710734e-01   1.2750000e+02
   9.9737275e-01   1.2800000e+02
   9.9763840e-01   1.2850000e+02
   9.9790431e-01   1.2900000e+02
   9.9817047e-01   1.2950000e+02
   9.9843689e-01   1.3000000e+02
   9.9870356e-01   1.3050000e+02
   9.9897049e-01   1.3100000e+02
   9.9923767e-01   1.3150000e+02
   9.9950511e-01   1.3200000e+02
   9.9977281e-01   1.3250000e+02
   1.0000408e+00   1.3300000e+02
   1.0003090e+00   1.3350000e+02
   1.0005774e+00   1.3400000e+02
   1.0008462e+00   1.3450000e+02
   1.0011152e+00   1.3500000e+02
   1.0013844e+00   1.3550000e+02
   1.0016539e+00   1.3600000e+02
   1.0019237e+00   1.3650000e+02
   1.0021938e+00   1.3700000e+02
   1.0024641e+00   1.3750000e+02
   1.0027346e+00   1.3800000e+02
   1.0030055e+00   1.3850000e+02
   1.0032766e+00   1.3900000e+02
   1.0035479e+00   1.3950000e+02
   1.0038195e+00   1.4000000e+02
   1.0040914e+00   1.4050000e+02
   1.0043636e+00   1.4100000e+02
   1.0046360e+00   1.4150000e+02
   1.0049087e+00   1.4200000e+02
   1.0051817e+00   1.4250000e+02
   1.0054549e+00   1.4300000e+02
   1.0057284e+00   1.4350000e+02
   1.0060022e+00   1.4400000e+02
   1.0062763e+00   1.4450000e+02
   1.0065506e+00   1.4500000e+02
   1.0068252e+00   1.4550000e+02
   1.0071000e+00   1.4600000e+02
   1.0073752e+00   1.4650000e+02
   1.0076506e+00   1.4700000e+02
   1.0079263e+00   1.4750000e+02
   1.0082022e+00   1.4800000e+02
   1.0084785e+00   1.4850000e+02
   1.0087550e+00   1.4900000e+02
   1.0090318e+00   1.4950000e+02
   1.0093089e+00   1.5000000e+02
   1.0095862e+00   1.5050000e+02
   1.0098638e+00   1.5100000e+02
   1.0101418e+00   1.5150000e+02
   1.0104199e+00   1.5200000e+02
   1.0106984e+00   1.5250000e+02
   1.0109772e+00   1.5300000e+02
   1.0112562e+00   1.5350000e+02
   1.0115355e+00   1.5400000e+02
   1.0118151e+00   1.5450000e+02
   1.0120950e+00   1.5500000e+02
   1.0123751e+00   1.5550000e+02
   1.0126556e+00   1.5600000e+02
   1.0129363e+00   1.5650000e+02
   1.0132173e+00   1.5700000e+02
   1.0134986e+00   1.5750000e+02
   1.0137802e+00   1.5800000e+02
   1.0140621e+00   1.5850000e+02
   1.0143443e+00   1.5900000e+02
   1.0146267e+00   1.5950000e+02
   1.0149095e+00   1.6000000e+02
   1.0151925e+00   1.6050000e+02
   1.0154759e+00   1.6100000e+02
   1.0157595e+00   1.6150000e+02
   1.0160434e+00   1.6200000e+02
   1.0163276e+00   1.6250000e+02
   1.0166121e+00   1.6300000e+02
   1.0168969e+00   1.6350000e+02
   1.0171819e+00   1.6400000e+02
   1.0174673e+00   1.6450000e+02
   1.0177530e+00   1.6500000e+02
   1.0180390e+00   1.6550000e+02
   1.0183252e+00   1.6600000e+02
   1.0186118e+00   1.6650000e+02
   1.0188986e+00   1.6700000e+02
   1.0191858e+00   1.6750000e+02
   1.0194732e+00   1.6800000e+02
   1.0197610e+00   1.6850000e+02
   1.0200490e+00   1.6900000e+02
   1.0203374e+00   1.6950000e+02
   1.0206260e+00   1.7000000e+02
   1.0209150e+00   1.7050000e+02
   1.0212042e+00   1.7100000e+02
   1.0214938e+00   1.7150000e+02
   1.0217837e+00   1.7200000e+02
   1.0220738e+00   1.7250000e+02
   1.0223643e+00   1.7300000e+02
   1.0226551e+00   1.7350000e+02
   1.0229461e+00   1.7400000e+02
   1.0232375e+00   1.7450000e+02
   1.0235292e+00   1.7500000e+02
   1.0238212e+00   1.7550000e+02
   1.0241135e+00   1.7600000e+02
   1.0244061e+00   1.7650000e+02
   1.0246990e+00   1.7700000e+02
   1.0249923e+00   1.7750000e+02
   1.0252858e+00   1.7800000e+02
   1.0255797e+00   1.7850000e+02
   1.0258738e+00   1.7900000e+02
   1.0261683e+00   1.7950000e+02
   1.0264631e+00   1.8000000e+02
   1.0267582e+00   1.8050000e+02
   1.0270536e+00   1.8100000e+02
   1.0273493e+00   1.8150000e+02
   1.0276453e+00   1.8200000e+02
   1.0279417e+00   1.8250000e+02
   1.0282384e+00   1.8300000e+02
   1.0285353e+00   1.8350000e+02
   1.0288326e+00   1.8400000e+02
   1.0291303e+00   1.8450000e+02
   1.0294282e+00   1.8500000e+02
   1.0297264e+00   1.8550000e+02
   1.0300250e+00   1.8600000e+02
   1.0303239e+00   1.8650000e+02
   1.0306231e+00   1.8700000e+02
   1.0309227e+00   1.8750000e+02
   1.0312225e+00   1.8800000e+02
   1.0315227e+00   1.8850000e+02
   1.0318232e+00   1.8900000e+02
   1.0321240e+00   1.8950000e+02
   1.0324251e+00   1.9000000e+02
   1.0327266e+00   1.9050000e+02
   1.0330284e+00   1.9100000e+02
   1.0333305e+00   1.9150000e+02
   1.0336329e+00   1.9200000e+02
   1.0339357e+00   1.9250000e+02
   1.0342388e+00   1.9300000e+02
   1.0345422e+00   1.9350000e+02
   1.0348459e+00   1.9400000e+02
   1.0351500e+00   1.9450000e+02
   1.0354544e+00   1.9500000e+02
   1.0357592e+00   1.9550000e+02
   1.0360642e+00   1.9600000e+02
   1.0363696e+00   1.9650000e+02
   1.0366753e+00   1.9700000e+02
   1.0369814e+00   1.9750000e+02
   1.0372878e+00   1.9800000e+02
   1.0375945e+00   1.9850000e+02
   1.0379015e+00   1.9900000e+02
   1.0382089e+00   1.9950000e+02
   1.0385166e+00   2.0000000e+02
   1.0388247e+00   2.0050000e+02
   1.0391331e+00   2.0100000e+02
   1.0394418e+00   2.0150000e+02
   1.0397508e+00   2.0200000e+02
   1.0400602e+00   2.0250000e+02
   1.0403700e+00   2.0300000e+02
   1.0406800e+00   2.0350000e+02
   1.0409905e+00   2.0400000e+02
   1.0413012e+00   2.0450000e+02
   1.0416123e+00   2.0500000e+02
   1.0419237e+00   2.0550000e+02
   1.0422355e+00   2.0600000e+02
   1.0425476e+00   2.0650000e+02
   1.0428600e+00   2.0700000e+02
   1.0431728e+00   2.0750000e+02
   1.0434860e+00   2.0800000e+02
   1.0437994e+00   2.0850000e+02
   1.0441133e+00   2.0900000e+02
   1.0444274e+00   2.0950000e+02
   1.0447419e+00   2.1000000e+02
   1.0450568e+00   2.1050000e+02
   1.0453720e+00   2.1100000e+02
   1.0456875e+00   2.1150000e+02
   1.0460034e+00   2.1200000e+02
   1.0463197e+00   2.1250000e+02
   1.0466363e+00   2.1300000e+02
   1.0469532e+00   2.1350000e+02
   1.0472705e+00   2.1400000e+02
   1.0475881e+00   2.1450000e+02
   1.0479061e+00   2.1500000e+02
   1.0482244e+00   2.1550000e+02
   1.0485431e+00   2.1600000e+02
   1.0488622e+00   2.1650000e+02
   1.0491816e+00   2.1700000e+02
   1.0495013e+00   2.1750000e+02
   1.0498214e+00   2.1800000e+02
   1.0501419e+00   2.1850000e+02
   1.0504627e+00   2.1900000e+02
   1.0507838e+00   2.1950000e+02
   1.0511053e+00   2.2000000e+02
   1.0514272e+00   2.2050000e+02
   1.0517494e+00   2.2100000e+02
   1.0520720e+00   2.2150000e+02
   1.0523949e+00   2.2200000e+02
   1.0527182e+00   2.2250000e+02
   1.0530419e+00   2.2300000e+02
   1.0533659e+00   2.2350000e+02
   1.0536903e+00   2.2400000e+02
   1.0540150e+00   2.2450000e+02
   1.0543401e+00   2.2500000e+02
   1.0546656e+00   2.2550000e+02
   1.0549914e+00   2.2600000e+02
   1.0553176e+00   2.2650000e+02
   1.0556441e+00   2.2700000e+02
   1.0559710e+00   2.2750000e+02
   1.0562983e+00   2.2800000e+02
   1.0566259e+00   2.2850000e+02
   1.0569539e+00   2.2900000e+02
   1.0572822e+00   2.2950000e+02
   1.0576110e+00   2.3000000e+02
   1.0579400e+00   2.3050000e+02
   1.0582695e+00   2.3100000e+02
   1.0585993e+00   2.3150000e+02
   1.0589295e+00   2.3200000e+02
   1.0592601e+00   2.3250000e+02
   1.0595910e+00   2.3300000e+02
   1.0599223e+00   2.3350000e+02
   1.0602539e+00   2.3400000e+02
   1.0605860e+00   2.3450000e+02
   1.0609184e+00   2.3500000e+02
   1.0612511e+00   2.3550000e+02
   1.0615843e+00   2.3600000e+02
   1.0619178e+00   2.3650000e+02
   1.0622517e+00   2.3700000e+02
   1.0625859e+00   2.3750000e+02
   1.0629206e+00   2.3800000e+02
   1.0632556e+00   2.3850000e+02
   1.0635910e+00   2.3900000e+02
   1.0639267e+00   2.3950000e+02
   1.0642628e+00   2.4000000e+02
   1.0645993e+00   2.4050000e+02
   1.0649362e+00   2.4100000e+02
   1.0652735e+00   2.4150000e+02
   1.0656111e+00   2.4200000e+02
   1.0659491e+00   2.4250000e+02
   1.0662875e+00   2.4300000e+02
   1.0666263e+00   2.4350000e+02
   1.0669654e+00   2.4400000e+02
   1.0673049e+00   2.4450000e+02
   1.0676448e+00   2.4500000e+02
   1.0679851e+00   2.4550000e+02
   1.0683258e+00   2.4600000e+02
   1.0686668e+00   2.4650000e+02
   1.0690083e+00   2.4700000e+02
   1.0693501e+00   2.4750000e+02
   1.0696923e+00   2.4800000e+02
   1.0700348e+00   2.4850000e+02
   1.0703778e+00   2.4900000e+02
   1.0707211e+00   2.4950000e+02
   1.0710649e+00   2.5000000e+02
   1.0714090e+00   2.5050000e+02
   1.0717535e+00   2.5100000e+02
   1.0720983e+00   2.5150000e+02
   1.0724436e+00   2.5200000e+02
   1.0727893e+00   2.5250000e+02
   1.0731353e+00   2.5300000e+02
   1.0734817e+00   2.5350000e+02
   1.0738285e+00   2.5400000e+02
   1.0741758e+00   2.5450000e+02
   1.0745233e+00   2.5500000e+02
   1.0748713e+00   2.5550000e+02
   1.0752197e+00   2.5600000e+02
   1.0755685e+00   2.5650000e+02
   1.0759176e+00   2.5700000e+02
   1.0762672e+00   2.5750000e+02
   1.0766171e+00   2.5800000e+02
   1.0769674e+00   2.5850000e+02
   1.0773181e+00   2.5900000e+02
   1.0776692e+00   2.5950000e+02
   1.0780207e+00   2.6000000e+02
   1.0783726e+00   2.6050000e+02
   1.0787249e+00   2.6100000e+02
   1.0790776e+00   2.6150000e+02
   1.0794307e+00   2.6200000e+02
   1.0797842e+00   2.6250000e+02
   1.0801380e+00   2.6300000e+02
   1.0804923e+00   2.6350000e+02
   1.0808470e+00   2.6400000e+02
   1.0812020e+00   2.6450000e+02
   1.0815575e+00   2.6500000e+02
   1.0819134e+00   2.6550000e+02
   1.0822696e+00   2.6600000e+02
   1.0826263e+00   2.6650000e+02
   1.0829833e+00   2.6700000e+02
   1.0833408e+00   2.6750000e+02
   1.0836986e+00   2.6800000e+02
   1.0840569e+00   2.6850000e+02
   1.0844155e+00   2.6900000e+02
   1.0847746e+00   2.6950000e+02
   1.0851340e+00   2.7000000e+02
   1.0854939e+00   2.7050000e+02
   1.0858542e+00   2.7100000e+02
   1.0862148e+00   2.7150000e+02
   1.0865759e+00   2.7200000e+02
   1.0869374e+00   2.7250000e+02
   1.0872992e+00   2.7300000e+02
   1.0876615e+00   2.7350000e+02
   1.0880242e+00   2.7400000e+02
   1.0883873e+00   2.7450000e+02
   1.0887508e+00   2.7500000e+02
   1.0891147e+00   2.7550000e+02
   1.0894790e+00   2.7600000e+02
   1.0898437e+00   2.7650000e+02
   1.0902088e+00   2.7700000e+02
   1.0905743e+00   2.7750000e+02
   1.0909403e+00   2.7800000e+02
   1.0913066e+00   2.7850000e+02
   1.0916734e+00   2.7900000e+02
   1.0920405e+00   2.7950000e+02
   1.0924081e+00   2.8000000e+02
   1.0927761e+00   2.8050000e+02
   1.0931445e+00   2.8100000e+02
   1.0935133e+00   2.8150000e+02
   1.0938825e+00   2.8200000e+02
   1.0942521e+00   2.8250000e+02
   1.0946221e+00   2.8300000e+02
   1.0949926e+00   2.8350000e+02
   1.0953634e+00   2.8400000e+02
   1.0957347e+00   2.8450000e+02
   1.0961064e+00   2.8500000e+02
   1.0964785e+00   2.8550000e+02
   1.0968510e+00   2.8600000e+02
   1.0972239e+00   2.8650000e+02
   1.0975973e+00   2.8700000e+02
   1.0979710e+00   2.8750000e+02
   1.0983452e+00   2.8800000e+02
   1.0987198e+00   2.8850000e+02
   1.0990948e+00   2.8900000e+02
   1.0994702e+00   2.8950000e+02
   1.0998460e+00   2.9000000e+02
   1.1002223e+00   2.9050000e+02
   1.1005990e+00   2.9100000e+02
   1.1009761e+00   2.9150000e+02
   1.1013536e+00   2.9200000e+02
   1.1017315e+00   2.9250000e+02
   1.1021098e+00   2.9300000e+02
   1.1024886e+00   2.9350000e+02
   1.1028678e+00   2.9400000e+02
   1.1032474e+00   2.9450000e+02
   1.1036274e+00   2.9500000e+02
   1.1040079e+00   2.9550000e+02
   1.1043887e+00   2.9600000e+02
   1.1047700e+00   2.9650000e+02
   1.1051517e+00   2.9700000e+02
   1.1055338e+00   2.9750000e+02
   1.1059164e+00   2.9800000e+02
   1.1062994e+00   2.9850000e+02
   1.1066828e+00   2.9900000e+02
   1.1070666e+00   2.9950000e+02
   1.1074508e+00   3.0000000e+02
   1.1078355e+00   3.0050000e+02
   1.1082206e+00   3.0100000e+02
   1.1086061e+00   3.0150000e+02
   1.1089920e+00   3.0200000e+02
   1.1093784e+00   3.0250000e+02
   1.1097652e+00   3.0300000e+02
   1.1101524e+00   3.0350000e+02
   1.1105401e+00   3.0400000e+02
   1.1109281e+00   3.0450000e+02
   1.1113166e+00   3.0500000e+02
   1.1117055e+00   3.0550000e+02
   1.1120949e+00   3.0600000e+02
   1.1124847e+00   3.0650000e+02
   1.1128749e+00   3.0700000e+02
   1.1132655e+00   3.0750000e+02
   1.1136566e+00   3.0800000e+02
   1.1140480e+00   3.0850000e+02
   1.1144400e+00   3.0900000e+02
   1.1148323e+00   3.0950000e+02
   1.1152251e+00   3.1000000e+02
   1.1156183e+00   3.1050000e+02
   1.1160119e+00   3.1100000e+02
   1.1164060e+00   3.1150000e+02
   1.1168005e+00   3.1200000e+02
   1.1171954e+00   3.1250000e+02
   1.1175908e+00   3.1300000e+02
   1.1179866e+00   3.1350000e+02
   1.1183828e+00   3.1400000e+02
   1.1187795e+00   3.1450000e+02
   1.1191765e+00   3.1500000e+02
   1.1195741e+00   3.1550000e+02
   1.1199720e+00   3.1600000e+02
   1.1203704e+00   3.1650000e+02
   1.1207692e+00   3.1700000e+02
   1.1211685e+00   3.1750000e+02
   1.1215682e+00   3.1800000e+02
   1.1219683e+00   3.1850000e+02
   1.1223688e+00   3.1900000e+02
   1.1227698e+00   3.1950000e+02
   1.1231712e+00   3.2000000e+02
   1.1235731e+00   3.2050000e+02
   1.1239754e+00   3.2100000e+02
   1.1243781e+00   3.2150000e+02
   1.1247813e+00   3.2200000e+02
   1.1251849e+00   3.2250000e+02
   1.1255889e+00   3.2300000e+02
   1.1259934e+00   3.2350000e+02
   1.1263983e+00   3.2400000e+02
   1.1268037e+00   3.2450000e+02
   1.1272094e+00   3.2500000e+02
   1.1276157e+00   3.2550000e+02
   1.1280223e+00   3.2600000e+02
   1.1284294e+00   3.2650000e+02
   1.1288370e+00   3.2700000e+02
   1.1292449e+00   3.2750000e+02
   1.1296534e+00   3.2800000e+02
   1.1300622e+00   3.2850000e+02
   1.1304715e+00   3.2900000e+02
   1.1308812e+00   3.2950000e+02
   1.1312914e+00   3.3000000e+02
   1.1317020e+00   3.3050000e+02
   1.1321131e+00   3.3100000e+02
   1.1325245e+00   3.3150000e+02
   1.1329365e+00   3.3200000e+02
   1.1333488e+00   3.3250000e+02
   1.1337617e+00   3.3300000e+02
   1.1341749e+00   3.3350000e+02
   1.1345886e+00   3.3400000e+02
   1.1350027e+00   3.3450000e+02
   1.1354173e+00   3.3500000e+02
   1.1358323e+00   3.3550000e+02
   1.1362478e+00   3.3600000e+02
   1.1366637e+00   3.3650000e+02
   1.1370800e+00   3.3700000e+02
   1.1374968e+00   3.3750000e+02
   1.1379140e+00   3.3800000e+02
   1.1383317e+00   3.3850000e+02
   1.1387498e+00   3.3900000e+02
   1.1391684e+00   3.3950000e+02
   1.1395874e+00   3.4000000e+02
   1.1400068e+00   3.4050000e+02
   1.1404267e+00   3.4100000e+02
   1.1408470e+00   3.4150000e+02
   1.1412678e+00   3.4200000e+02
   1.1416890e+00   3.4250000e+02
   1.1421107e+00   3.4300000e+02
   1.1425328e+00   3.4350000e+02
   1.1429553e+00   3.4400000e+02
   1.1433783e+00   3.4450000e+02
   1.1438018e+00   3.4500000e+02
   1.1442256e+00   3.4550000e+02
   1.1446500e+00   3.4600000e+02
   1.1450747e+00   3.4650000e+02
   1.1455000e+00   3.4700000e+02
   1.1459256e+00   3.4750000e+02
   1.1463517e+00   3.4800000e+02
   1.1467783e+00   3.4850000e+02
   1.1472053e+00   3.4900000e+02
   1.1476327e+00   3.4950000e+02
   1.1480606e+00   3.5000000e+02
   1.1484890e+00   3.5050000e+02
   1.1489178e+00   3.5100000e+02
   1.1493470e+00   3.5150000e+02
   1.1497767e+00   3.5200000e+02
   1.1502068e+00   3.5250000e+02
   1.1506374e+00   3.5300000e+02
   1.1510684e+00   3.5350000e+02
   1.1514999e+00   3.5400000e+02
   1.1519318e+00   3.5450000e+02
   1.1523641e+00   3.5500000e+02
   1.1527969e+00   3.5550000e+02
   1.1532302e+00   3.5600000e+02
   1.1536639e+00   3.5650000e+02
   1.1540981e+00   3.5700000e+02
   1.1545326e+00   3.5750000e+02
   1.1549677e+00   3.5800000e+02
   1.1554032e+00   3.5850000e+02
   1.1558391e+00   3.5900000e+02
   1.1562755e+00   3.5950000e+02
   1.1567124e+00   3.6000000e+02
   1.1571496e+00   3.6050000e+02
   1.1575874e+00   3.6100000e+02
   1.1580256e+00   3.6150000e+02
   1.1584642e+00   3.6200000e+02
   1.1589033e+00   3.6250000e+02
   1.1593428e+00   3.6300000e+02
   1.1597828e+00   3.6350000e+02
   1.1602232e+00   3.6400000e+02
   1.1606641e+00   3.6450000e+02
   1.1611054e+00   3.6500000e+02
   1.1615472e+00   3.6550000e+02
   1.1619894e+00   3.6600000e+02
   1.1624320e+00   3.6650000e+02
   1.1628752e+00   3.6700000e+02
   1.1633187e+00   3.6750000e+02
   1.1637627e+00   3.6800000e+02
   1.1642072e+00   3.6850000e+02
   1.1646521e+00   3.6900000e+02
   1.1650975e+00   3.6950000e+02
   1.1655433e+00   3.7000000e+02
   1.1659896e+00   3.7050000e+02
   1.1664363e+00   3.7100000e+02
   1.1668834e+00   3.7150000e+02
   1.1673310e+00   3.7200000e+02
   1.1677791e+00   3.7250000e+02
   1.1682276e+00   3.7300000e+02
   1.1686765e+00   3.7350000e+02
   1.1691260e+00   3.7400000e+02
   1.1695758e+00   3.7450000e+02
   1.1700261e+00   3.7500000e+02
   1.1704769e+00   3.7550000e+02
   1.1709281e+00   3.7600000e+02
   1.1713797e+00   3.7650000e+02
   1.1718318e+00   3.7700000e+02
   1.1722844e+00   3.7750000e+02
   1.1727374e+00   3.7800000e+02
   1.1731908e+00   3.7850000e+02
   1.1736447e+00   3.7900000e+02
   1.1740990e+00   3.7950000e+02
   1.1745538e+00   3.8000000e+02
   1.1750091e+00   3.8050000e+02
   1.1754648e+00   3.8100000e+02
   1.1759209e+00   3.8150000e+02
   1.1763775e+00   3.8200000e+02
   1.1768346e+00   3.8250000e+02
   1.1772920e+00   3.8300000e+02
   1.1777500e+00   3.8350000e+02
   1.1782084e+00   3.8400000e+02
   1.1786672e+00   3.8450000e+02
   1.1791265e+00   3.8500000e+02
   1.1795862e+00   3.8550000e+02
   1.1800464e+00   3.8600000e+02
   1.1805070e+00   3.8650000e+02
   1.1809681e+00   3.8700000e+02
   1.1814296e+00   3.8750000e+02
   1.1818916e+00   3.8800000e+02
   1.1823540e+00   3.8850000e+02
   1.1828169e+00   3.8900000e+02
   1.1832802e+00   3.8950000e+02
   1.1837440e+00   3.9000000e+02
   1.1842082e+00   3.9050000e+02
   1.1846729e+00   3.9100000e+02
   1.1851380e+00   3.9150000e+02
   1.1856035e+00   3.9200000e+02
   1.1860695e+00   3.9250000e+02
   1.1865360e+00   3.9300000e+02
   1.1870029e+00   3.9350000e+02
   1.1874702e+00   3.9400000e+02
   1.1879380e+00   3.9450000e+02
   1.1884063e+00   3.9500000e+02
   1.1888750e+00   3.9550000e+02
   1.1893441e+00   3.9600000e+02
   1.1898137e+00   3.9650000e+02
   1.1902837e+00   3.9700000e+02
   1.1907542e+00   3.9750000e+02
   1.1912251e+00   3.9800000e+02
   1.1916965e+00   3.9850000e+02
   1.1921683e+00   3.9900000e+02
   1.1926406e+00   3.9950000e+02
   1.1931133e+00   4.0000000e+02
   1.1935864e+00   4.0050000e+02
   1.1940600e+00   4.0100000e+02
   1.1945341e+00   4.0150000e+02
   1.1950086e+00   4.0200000e+02
   1.1954835e+00   4.0250000e+02
   1.1959589e+00   4.0300000e+02
   1.1964347e+00   4.0350000e+02
   1.1969110e+00   4.0400000e+02
   1.1973877e+00   4.0450000e+02
   1.1978648e+00   4.0500000e+02
   1.1983424e+00   4.0550000e+02
   1.1988205e+00   4.0600000e+02
   1.1992990e+00   4.0650000e+02
   1.1997779e+00   4.0700000e+02
   1.2002573e+00   4.0750000e+02
   1.2007371e+00   4.0800000e+02
   1.2012174e+00   4.0850000e+02
   1.2016981e+00   4.0900000e+02
   1.2021792e+00   4.0950000e+02
   1.2026608e+00   4.1000000e+02
   1.2031429e+00   4.1050000e+02
   1.2036253e+00   4.1100000e+02
   1.2041083e+00   4.1150000e+02
   1.2045916e+00   4.1200000e+02
   1.2050754e+00   4.1250000e+02
   1.2055597e+00   4.1300000e+02
   1.2060443e+00   4.1350000e+02
   1.2065295e+00   4.1400000e+02
   1.2070150e+00   4.1450000e+02
   1.2075010e+00   4.1500000e+02
   1.2079875e+00   4.1550000e+02
   1.2084744e+00   4.1600000e+02
   1.2089617e+00   4.1650000e+02
   1.2094495e+00   4.1700000e+02
   1.2099377e+00   4.1750000e+02
   1.2104263e+00   4.1800000e+02
   1.2109154e+00   4.1850000e+02
   1.2114049e+00   4.1900000e+02
   1.2118949e+00   4.1950000e+02
   1.2123853e+00   4.2000000e+02
   1.2128761e+00   4.2050000e+02
   1.2133674e+00   4.2100000e+02
   1.2138591e+00   4.2150000e+02
   1.2143512e+00   4.2200000e+02
   1.2148438e+00   4.2250000e+02
   1.2153368e+00   4.2300000e+02
   1.2158303e+00   4.2350000e+02
   1.2163242e+00   4.2400000e+02
   1.2168185e+00   4.2450000e+02
   1.2173133e+00   4.2500000e+02
   1.2178085e+00   4.2550000e+02
   1.2183041e+00   4.2600000e+02
   1.2188002e+00   4.2650000e+02
   1.2192967e+00   4.2700000e+02
   1.2197936e+00   4.2750000e+02
   1.2202910e+00   4.2800000e+02
   1.2207888e+00   4.2850000e+02
   1.2212870e+00   4.2900000e+02
   1.2217857e+00   4.2950000e+02
   1.2222848e+00   4.3000000e+02
   1.2227843e+00   4.3050000e+02
   1.2232843e+00   4.3100000e+02
   1.2237847e+00   4.3150000e+02
   1.2242855e+00   4.3200000e+02
   1.2247867e+00   4.3250000e+02
   1.2252884e+00   4.3300000e+02