   6.8514152e-01  -7.1000000e+02
   6.8517407e-01  -7.0950000e+02
   6.8520712e-01  -7.0900000e+02
   6.8524066e-01  -7.0850000e+02
   6.8527469e-01  -7.0800000e+02
   6.8530921e-01  -7.0750000e+02
   6.8534422e-01  -7.0700000e+02
   6.8537972e-01  -7.0650000e+02
   6.8541571e-01  -7.0600000e+02
   6.8545219e-01  -7.0550000e+02
   6.8548916e-01  -7.0500000e+02
   6.8552662e-01  -7.0450000e+02
   6.8556456e-01  -7.0400000e+02
   6.8560299e-01  -7.0350000e+02
   6.8564190e-01  -7.0300000e+02
   6.8568130e-01  -7.0250000e+02
   6.8572118e-01  -7.0200000e+02
   6.8576155e-01  -7.0150000e+02
   6.8580240e-01  -7.0100000e+02
   6.8584373e-01  -7.0050000e+02
   6.8588554e-01  -7.0000000e+02
   6.8592783e-01  -6.9950000e+02
   6.8597059e-01  -6.9900000e+02
   6.8601384e-01  -6.9850000e+02
   6.8605757e-01  -6.9800000e+02
   6.8610177e-01  -6.9750000e+02
   6.8614645e-01  -6.9700000e+02
   6.8619161e-01  -6.9650000e+02
   6.8623724e-01  -6.9600000e+02
   6.8628334e-01  -6.9550000e+02
   6.8632992e-01  -6.9500000e+02
   6.8637697e-01  -6.9450000e+02
   6.8642450e-01  -6.9400000e+02
   6.8647249e-01  -6.9350000e+02
   6.8652096e-01  -6.9300000e+02
   6.8656989e-01  -6.9250000e+02
   6.8661930e-01  -6.9200000e+02
   6.8666917e-01  -6.9150000e+02
   6.8671951e-01  -6.9100000e+02
   6.8677032e-01  -6.9050000e+02
   6.8682160e-01  -6.9000000e+02
   6.8687334e-01  -6.8950000e+02
   6.8692554e-01  -6.8900000e+02
   6.8697821e-01  -6.8850000e+02
   6.8703135e-01  -6.8800000e+02
   6.8708494e-01  -6.8750000e+02
   6.8713900e-01  -6.8700000e+02
   6.8719352e-01  -6.8650000e+02
   6.8724850e-01  -6.8600000e+02
   6.8730394e-01  -6.8550000e+02
   6.8735984e-01  -6.8500000e+02
   6.8741620e-01  -6.8450000e+02
   6.8747301e-01  -6.8400000e+02
   6.8753028e-01  -6.8350000e+02
   6.8758801e-01  -6.8300000e+02
   6.8764619e-01  -6.8250000e+02
   6.8770483e-01  -6.8200000e+02
   6.8776392e-01  -6.8150000e+02
   6.8782347e-01  -6.8100000e+02
   6.8788347e-01  -6.8050000e+02
   6.8794391e-01  -6.8000000e+02
   6.8800481e-01  -6.7950000e+02
   6.8806616e-01  -6.7900000e+02
   6.8812796e-01  -6.7850000e+02
   6.8819021e-01  -6.7800000e+02
   6.8825291e-01  -6.7750000e+02
   6.8831605e-01  -6.7700000e+02
   6.8837964e-01  -6.7650000e+02
   6.8844368e-01  -6.7600000e+02
   6.8850816e-01  -6.7550000e+02
   6.8857309e-01  -6.7500000e+02
   6.8863845e-01  -6.7450000e+02
   6.8870427e-01  -6.7400000e+02
   6.8877052e-01  -6.7350000e+02
   6.8883722e-01  -6.7300000e+02
   6.8890435e-01  -6.7250000e+02
   6.8897193e-01  -6.7200000e+02
   6.8903994e-01  -6.7150000e+02
   6.8910840e-01  -6.7100000e+02
   6.8917729e-01  -6.7050000e+02
   6.8924661e-01  -6.7000000e+02
   6.8931638e-01  -6.6950000e+02
   6.8938658e-01  -6.6900000e+02
   6.8945721e-01  -6.6850000e+02
   6.8952828e-01  -6.6800000e+02
   6.8959978e-01  -6.6750000e+02
   6.8967171e-01  -6.6700000e+02
   6.8974408e-01  -6.6650000e+02
   6.8981687e-01  -6.6600000e+02
   6.8989010e-01  -6.6550000e+02
   6.8996375e-01  -6.6500000e+02
   6.9003784e-01  -6.6450000e+02
   6.9011235e-01  -6.6400000e+02
   6.9018729e-01  -6.6350000e+02
   6.9026265e-01  -6.6300000e+02
   6.9033845e-01  -6.6250000e+02
   6.9041466e-01  -6.6200000e+02
   6.9049130e-01  -6.6150000e+02
   6.9056837e-01  -6.6100000e+02
   6.9064585e-01  -6.6050000e+02
   6.9072376e-01  -6.6000000e+02
   6.9080209e-01  -6.5950000e+02
   6.9088084e-01  -6.5900000e+02
   6.9096001e-01  -6.5850000e+02
   6.9103960e-01  -6.5800000e+02
   6.9111960e-01  -6.5750000e+02
   6.9120003e-01  -6.5700000e+02
   6.9128087e-01  -6.5650000e+02
   6.9136212e-01  -6.5600000e+02
   6.9144380e-01  -6.5550000e+02
   6.9152588e-01  -6.5500000e+02
   6.9160838e-01  -6.5450000e+02
   6.9169129e-01  -6.5400000e+02
   6.9177462e-01  -6.5350000e+02
   6.9185835e-01  -6.5300000e+02
   6.9194250e-01  -6.5250000e+02
   6.9202706e-01  -6.5200000e+02
   6.9211202e-01  -6.5150000e+02
   6.9219739e-01  -6.5100000e+02
   6.9228318e-01  -6.5050000e+02
   6.9236936e-01  -6.5000000e+02
   6.9245596e-01  -6.4950000e+02
   6.9254296e-01  -6.4900000e+02
   6.9263036e-01  -6.4850000e+02
   6.9271817e-01  -6.4800000e+02
   6.9280638e-01  -6.4750000e+02
   6.9289499e-01  -6.4700000e+02
   6.9298401e-01  -6.4650000e+02
   6.9307342e-01  -6.4600000e+02
   6.9316324e-01  -6.4550000e+02
   6.9325345e-01  -6.4500000e+02
   6.9334407e-01  -6.4450000e+02
   6.9343508e-01  -6.4400000e+02
   6.9352649e-01  -6.4350000e+02
   6.9361829e-01  -6.4300000e+02
   6.9371049e-01  -6.4250000e+02
   6.9380309e-01  -6.4200000e+02
   6.9389607e-01  -6.4150000e+02
   6.9398946e-01  -6.4100000e+02
   6.9408323e-01  -6.4050000e+02
   6.9417739e-01  -6.4000000e+02
   6.9427195e-01  -6.3950000e+02
   6.9436690e-01  -6.3900000e+02
   6.9446223e-01  -6.3850000e+02
   6.9455796e-01  -6.3800000e+02
   6.9465407e-01  -6.3750000e+02
   6.9475057e-01  -6.3700000e+02
   6.9484746e-01  -6.3650000e+02
   6.9494473e-01  -6.3600000e+02
   6.9504238e-01  -6.3550000e+02
   6.9514043e-01  -6.3500000e+02
   6.9523885e-01  -6.3450000e+02
   6.9533766e-01  -6.3400000e+02
   6.9543684e-01  -6.3350000e+02
   6.9553641e-01  -6.3300000e+02
   6.9563636e-01  -6.3250000e+02
   6.9573669e-01  -6.3200000e+02
   6.9583740e-01  -6.3150000e+02
   6.9593848e-01  -6.3100000e+02
   6.9603995e-01  -6.3050000e+02
   6.9614179e-01  -6.3000000e+02
   6.9624400e-01  -6.2950000e+02
   6.9634659e-01  -6.2900000e+02
   6.9644956e-01  -6.2850000e+02
   6.9655289e-01  -6.2800000e+02
   6.9665660e-01  -6.2750000e+02
   6.9676069e-01  -6.2700000e+02
   6.9686514e-01  -6.2650000e+02
   6.9696996e-01  -6.2600000e+02
   6.9707516e-01  -6.2550000e+02
   6.9718072e-01  -6.2500000e+02
   6.9728665e-01  -6.2450000e+02
   6.9739295e-01  -6.2400000e+02
   6.9749961e-01  -6.2350000e+02
   6.9760664e-01  -6.2300000e+02
   6.9771403e-01  -6.2250000e+02
   6.9782179e-01  -6.2200000e+02
   6.9792992e-01  -6.2150000e+02
   6.9803840e-01  -6.2100000e+02
   6.9814725e-01  -6.2050000e+02
   6.9825646e-01  -6.2000000e+02
   6.9836603e-01  -6.1950000e+02
   6.9847595e-01  -6.1900000e+02
   6.9858624e-01  -6.1850000e+02
   6.9869689e-01  -6.1800000e+02
   6.9880789e-01  -6.1750000e+02
   6.9891925e-01  -6.1700000e+02
   6.9903097e-01  -6.1650000e+02
   6.9914304e-01  -6.1600000e+02
   6.9925546e-01  -6.1550000e+02
   6.9936824e-01  -6.1500000e+02
   6.9948137e-01  -6.1450000e+02
   6.9959486e-01  -6.1400000e+02
   6.9970869e-01  -6.1350000e+02
   6.9982288e-01  -6.1300000e+02
   6.9993741e-01  -6.1250000e+02
   7.0005230e-01  -6.1200000e+02
   7.0016753e-01  -6.1150000e+02
   7.0028311e-01  -6.1100000e+02
   7.0039904e-01  -6.1050000e+02
   7.0051531e-01  -6.1000000e+02
   7.0063193e-01  -6.0950000e+02
   7.0074889e-01  -6.0900000e+02
   7.0086620e-01  -6.0850000e+02
   7.0098385e-01  -6.0800000e+02
   7.0110184e-01  -6.0750000e+02
   7.0122017e-01  -6.0700000e+02
   7.0133884e-01  -6.0650000e+02
   7.0145786e-01  -6.0600000e+02
   7.0157721e-01  -6.0550000e+02
   7.0169690e-01  -6.0500000e+02
   7.0181693e-01  -6.0450000e+02
   7.0193730e-01  -6.0400000e+02
   7.0205800e-01  -6.0350000e+02
   7.0217903e-01  -6.0300000e+02
   7.0230041e-01  -6.0250000e+02
   7.0242211e-01  -6.0200000e+02
   7.0254415e-01  -6.0150000e+02
   7.0266652e-01  -6.0100000e+02
   7.0278922e-01  -6.0050000e+02
   7.0291226e-01  -6.0000000e+02
   7.0303562e-01  -5.9950000e+02
   7.0315931e-01  -5.9900000e+02
   7.0328333e-01  -5.9850000e+02
   7.0340768e-01  -5.9800000e+02
   7.0353235e-01  -5.9750000e+02
   7.0365736e-01  -5.9700000e+02
   7.0378268e-01  -5.9650000e+02
   7.0390834e-01  -5.9600000e+02
   7.0403431e-01  -5.9550000e+02
   7.0416061e-01  -5.9500000e+02
   7.0428723e-01  -5.9450000e+02
   7.0441418e-01  -5.9400000e+02
   7.0454144e-01  -5.9350000e+02
   7.0466902e-01  -5.9300000e+02
   7.0479693e-01  -5.9250000e+02
   7.0492515e-01  -5.9200000e+02
   7.0505369e-01  -5.9150000e+02
   7.0518255e-01  -5.9100000e+02
   7.0531172e-01  -5.9050000e+02
   7.0544121e-01  -5.9000000e+02
   7.0557101e-01  -5.8950000e+02
   7.0570113e-01  -5.8900000e+02
   7.0583156e-01  -5.8850000e+02
   7.0596231e-01  -5.8800000e+02
   7.0609337e-01  -5.8750000e+02
   7.0622473e-01  -5.8700000e+02
   7.0635641e-01  -5.8650000e+02
   7.0648840e-01  -5.8600000e+02
   7.0662069e-01  -5.8550000e+02
   7.0675330e-01  -5.8500000e+02
   7.0688621e-01  -5.8450000e+02
   7.0701943e-01  -5.8400000e+02
   7.0715295e-01  -5.8350000e+02
   7.0728678e-01  -5.8300000e+02
   7.0742091e-01  -5.8250000e+02
   7.0755535e-01  -5.8200000e+02
   7.0769009e-01  -5.8150000e+02
   7.0782513e-01  -5.8100000e+02
   7.0796048e-01  -5.8050000e+02
   7.0809612e-01  -5.8000000e+02
   7.0823206e-01  -5.7950000e+02
   7.0836831e-01  -5.7900000e+02
   7.0850485e-01  -5.7850000e+02
   7.0864168e-01  -5.7800000e+02
   7.0877882e-01  -5.7750000e+02
   7.0891625e-01  -5.7700000e+02
   7.0905398e-01  -5.7650000e+02
   7.0919200e-01  -5.7600000e+02
   7.0933031e-01  -5.7550000e+02
   7.0946892e-01  -5.7500000e+02
   7.0960782e-01  -5.7450000e+02
   7.0974702e-01  -5.7400000e+02
   7.0988650e-01  -5.7350000e+02
   7.1002627e-01  -5.7300000e+02
   7.1016633e-01  -5.7250000e+02
   7.1030668e-01  -5.7200000e+02
   7.1044732e-01  -5.7150000e+02
   7.1058825e-01  -5.7100000e+02
   7.1072946e-01  -5.7050000e+02
   7.1087096e-01  -5.7000000e+02
   7.1101274e-01  -5.6950000e+02
   7.1115481e-01  -5.6900000e+02
   7.1129716e-01  -5.6850000e+02
   7.1143979e-01  -5.6800000e+02
   7.1158271e-01  -5.6750000e+02
   7.1172590e-01  -5.6700000e+02
   7.1186938e-01  -5.6650000e+02
   7.1201314e-01  -5.6600000e+02
   7.1215717e-01  -5.6550000e+02
   7.1230148e-01  -5.6500000e+02
   7.1244607e-01  -5.6450000e+02
   7.1259094e-01  -5.6400000e+02
   7.1273609e-01  -5.6350000e+02
   7.1288150e-01  -5.6300000e+02
   7.1302720e-01  -5.6250000e+02
   7.1317316e-01  -5.6200000e+02
   7.1331940e-01  -5.6150000e+02
   7.1346592e-01  -5.6100000e+02
   7.1361270e-01  -5.6050000e+02
   7.1375975e-01  -5.6000000e+02
   7.1390708e-01  -5.5950000e+02
   7.1405467e-01  -5.5900000e+02
   7.1420253e-01  -5.5850000e+02
   7.1435067e-01  -5.5800000e+02
   7.1449906e-01  -5.5750000e+02
   7.1464773e-01  -5.5700000e+02
   7.1479666e-01  -5.5650000e+02
   7.1494585e-01  -5.5600000e+02
   7.1509531e-01  -5.5550000e+02
   7.1524503e-01  -5.5500000e+02
   7.1539502e-01  -5.5450000e+02
   7.1554526e-01  -5.5400000e+02
   7.1569577e-01  -5.5350000e+02
   7.1584654e-01  -5.5300000e+02
   7.1599757e-01  -5.5250000e+02
   7.1614886e-01  -5.5200000e+02
   7.1630040e-01  -5.5150000e+02
   7.1645220e-01  -5.5100000e+02
   7.1660426e-01  -5.5050000e+02
   7.1675658e-01  -5.5000000e+02
   7.1690915e-01  -5.4950000e+02
   7.1706198e-01  -5.4900000e+02
   7.1721506e-01  -5.4850000e+02
   7.1736839e-01  -5.4800000e+02
   7.1752198e-01  -5.4750000e+02
   7.1767582e-01  -5.4700000e+02
   7.1782991e-01  -5.4650000e+02
   7.1798425e-01  -5.4600000e+02
   7.1813884e-01  -5.4550000e+02
   7.1829367e-01  -5.4500000e+02
   7.1844876e-01  -5.4450000e+02
   7.1860409e-01  -5.4400000e+02
   7.1875967e-01  -5.4350000e+02
   7.1891550e-01  -5.4300000e+02
   7.1907157e-01  -5.4250000e+02
   7.1922789e-01  -5.4200000e+02
   7.1938445e-01  -5.4150000e+02
   7.1954125e-01  -5.4100000e+02
   7.1969830e-01  -5.4050000e+02
   7.1985559e-01  -5.4000000e+02
   7.2001311e-01  -5.3950000e+02
   7.2017088e-01  -5.3900000e+02
   7.2032889e-01  -5.3850000e+02
   7.2048714e-01  -5.3800000e+02
   7.2064562e-01  -5.3750000e+02
   7.2080435e-01  -5.3700000e+02
   7.2096330e-01  -5.3650000e+02
   7.2112250e-01  -5.3600000e+02
   7.2128193e-01  -5.3550000e+02
   7.2144160e-01  -5.3500000e+02
   7.2160149e-01  -5.3450000e+02
   7.2176163e-01  -5.3400000e+02
   7.2192199e-01  -5.3350000e+02
   7.2208259e-01  -5.3300000e+02
   7.2224341e-01  -5.3250000e+02
   7.2240447e-01  -5.3200000e+02
   7.2256576e-01  -5.3150000e+02
   7.2272727e-01  -5.3100000e+02
   7.2288902e-01  -5.3050000e+02
   7.2305099e-01  -5.3000000e+02
   7.2321319e-01  -5.2950000e+02
   7.2337561e-01  -5.2900000e+02
   7.2353826e-01  -5.2850000e+02
   7.2370113e-01  -5.2800000e+02
   7.2386423e-01  -5.2750000e+02
   7.2402755e-01  -5.2700000e+02
   7.2419110e-01  -5.2650000e+02
   7.2435486e-01  -5.2600000e+02
   7.2451885e-01  -5.2550000e+02
   7.2468306e-01  -5.2500000e+02
   7.2484748e-01  -5.2450000e+02
   7.2501213e-01  -5.2400000e+02
   7.2517699e-01  -5.2350000e+02
   7.2534208e-01  -5.2300000e+02
   7.2550737e-01  -5.2250000e+02
   7.2567289e-01  -5.2200000e+02
   7.2583862e-01  -5.2150000e+02
   7.2600456e-01  -5.2100000e+02
   7.2617072e-01  -5.2050000e+02
   7.2633710e-01  -5.2000000e+02
   7.2650368e-01  -5.1950000e+02
   7.2667048e-01  -5.1900000e+02
   7.2683749e-01  -5.1850000e+02
   7.2700471e-01  -5.1800000e+02
   7.2717214e-01  -5.1750000e+02
   7.2733978e-01  -5.1700000e+02
   7.2750763e-01  -5.1650000e+02
   7.2767568e-01  -5.1600000e+02
   7.2784394e-01  -5.1550000e+02
   7.2801241e-01  -5.1500000e+02
   7.2818109e-01  -5.1450000e+02
   7.2834997e-01  -5.1400000e+02
   7.2851905e-01  -5.1350000e+02
   7.2868834e-01  -5.1300000e+02
   7.2885783e-01  -5.1250000e+02
   7.2902753e-01  -5.1200000e+02
   7.2919742e-01  -5.1150000e+02
   7.2936752e-01  -5.1100000e+02
   7.2953782e-01  -5.1050000e+02
   7.2970831e-01  -5.1000000e+02
   7.2987901e-01  -5.0950000e+02
   7.3004990e-01  -5.0900000e+02
   7.3022100e-01  -5.0850000e+02
   7.3039229e-01  -5.0800000e+02
   7.3056377e-01  -5.0750000e+02
   7.3073545e-01  -5.0700000e+02
   7.3090733e-01  -5.0650000e+02
   7.3107940e-01  -5.0600000e+02
   7.3125166e-01  -5.0550000e+02
   7.3142412e-01  -5.0500000e+02
   7.3159677e-01  -5.0450000e+02
   7.3176961e-01  -5.0400000e+02
   7.3194264e-01  -5.0350000e+02
   7.3211586e-01  -5.0300000e+02
   7.3228927e-01  -5.0250000e+02
   7.3246287e-01  -5.0200000e+02
   7.3263666e-01  -5.0150000e+02
   7.3281064e-01  -5.0100000e+02
   7.3298480e-01  -5.0050000e+02
   7.3315915e-01  -5.0000000e+02
   7.3333368e-01  -4.9950000e+02
   7.3350840e-01  -4.9900000e+02
   7.3368331e-01  -4.9850000e+02
   7.3385840e-01  -4.9800000e+02
   7.3403367e-01  -4.9750000e+02
   7.3420912e-01  -4.9700000e+02
   7.3438475e-01  -4.9650000e+02
   7.3456057e-01  -4.9600000e+02
   7.3473656e-01  -4.9550000e+02
   7.3491274e-01  -4.9500000e+02
   7.3508909e-01  -4.9450000e+02
   7.3526563e-01  -4.9400000e+02
   7.3544234e-01  -4.9350000e+02
   7.3561922e-01  -4.9300000e+02
   7.3579629e-01  -4.9250000e+02
   7.3597353e-01  -4.9200000e+02
   7.3615094e-01  -4.9150000e+02
   7.3632853e-01  -4.9100000e+02
   7.3650629e-01  -4.9050000e+02
   7.3668423e-01  -4.9000000e+02
   7.3686233e-01  -4.8950000e+02
   7.3704061e-01  -4.8900000e+02
   7.3721906e-01  -4.8850000e+02
   7.3739769e-01  -4.8800000e+02
   7.3757648e-01  -4.8750000e+02
   7.3775544e-01  -4.8700000e+02
   7.3793457e-01  -4.8650000e+02
   7.3811386e-01  -4.8600000e+02
   7.3829333e-01  -4.8550000e+02
   7.3847296e-01  -4.8500000e+02
   7.3865276e-01  -4.8450000e+02
   7.3883272e-01  -4.8400000e+02
   7.3901284e-01  -4.8350000e+02
   7.3919314e-01  -4.8300000e+02
   7.3937359e-01  -4.8250000e+02
   7.3955421e-01  -4.8200000e+02
   7.3973499e-01  -4.8150000e+02
   7.3991593e-01  -4.8100000e+02
   7.4009703e-01  -4.8050000e+02
   7.4027829e-01  -4.8000000e+02
   7.4045971e-01  -4.7950000e+02
   7.4064129e-01  -4.7900000e+02
   7.4082303e-01  -4.7850000e+02
   7.4100493e-01  -4.7800000e+02
   7.4118698e-01  -4.7750000e+02
   7.4136919e-01  -4.7700000e+02
   7.4155156e-01  -4.7650000e+02
   7.4173408e-01  -4.7600000e+02
   7.4191676e-01  -4.7550000e+02
   7.4209959e-01  -4.7500000e+02
   7.4228257e-01  -4.7450000e+02
   7.4246571e-01  -4.7400000e+02
   7.4264900e-01  -4.7350000e+02
   7.4283244e-01  -4.7300000e+02
   7.4301603e-01  -4.7250000e+02
   7.4319977e-01  -4.7200000e+02
   7.4338366e-01  -4.7150000e+02
   7.4356770e-01  -4.7100000e+02
   7.4375189e-01  -4.7050000e+02
   7.4393622e-01  -4.7000000e+02
   7.4412071e-01  -4.6950000e+02
   7.4430534e-01  -4.6900000e+02
   7.4449011e-01  -4.6850000e+02
   7.4467503e-01  -4.6800000e+02
   7.4486010e-01  -4.6750000e+02
   7.4504531e-01  -4.6700000e+02
   7.4523066e-01  -4.6650000e+02
   7.4541616e-01  -4.6600000e+02
   7.4560180e-01  -4.6550000e+02
   7.4578758e-01  -4.6500000e+02
   7.4597350e-01  -4.6450000e+02
   7.4615956e-01  -4.6400000e+02
   7.4634576e-01  -4.6350000e+02
   7.4653210e-01  -4.6300000e+02
   7.4671858e-01  -4.6250000e+02
   7.4690520e-01  -4.6200000e+02
   7.4709196e-01  -4.6150000e+02
   7.4727885e-01  -4.6100000e+02
   7.4746588e-01  -4.6050000e+02
   7.4765304e-01  -4.6000000e+02
   7.4784034e-01  -4.5950000e+02
   7.4802778e-01  -4.5900000e+02
   7.4821534e-01  -4.5850000e+02
   7.4840305e-01  -4.5800000e+02
   7.4859088e-01  -4.5750000e+02
   7.4877885e-01  -4.5700000e+02
   7.4896694e-01  -4.5650000e+02
   7.4915517e-01  -4.5600000e+02
   7.4934353e-01  -4.5550000e+02
   7.4953202e-01  -4.5500000e+02
   7.4972064e-01  -4.5450000e+02
   7.4990938e-01  -4.5400000e+02
   7.5009826e-01  -4.5350000e+02
   7.5028726e-01  -4.5300000e+02
   7.5047639e-01  -4.5250000e+02
   7.5066564e-01  -4.5200000e+02
   7.5085503e-01  -4.5150000e+02
   7.5104453e-01  -4.5100000e+02
   7.5123416e-01  -4.5050000e+02
   7.5142392e-01  -4.5000000e+02
   7.5161380e-01  -4.4950000e+02
   7.5180380e-01  -4.4900000e+02
   7.5199392e-01  -4.4850000e+02
   7.5218416e-01  -4.4800000e+02
   7.5237453e-01  -4.4750000e+02
   7.5256502e-01  -4.4700000e+02
   7.5275562e-01  -4.4650000e+02
   7.5294635e-01  -4.4600000e+02
   7.5313719e-01  -4.4550000e+02
   7.5332816e-01  -4.4500000e+02
   7.5351924e-01  -4.4450000e+02
   7.5371043e-01  -4.4400000e+02
   7.5390175e-01  -4.4350000e+02
   7.5409318e-01  -4.4300000e+02
   7.5428473e-01  -4.4250000e+02
   7.5447639e-01  -4.4200000e+02
   7.5466816e-01  -4.4150000e+02
   7.5486005e-01  -4.4100000e+02
   7.5505205e-01  -4.4050000e+02
   7.5524417e-01  -4.4000000e+02
   7.5543639e-01  -4.3950000e+02
   7.5562873e-01  -4.3900000e+02
   7.5582118e-01  -4.3850000e+02
   7.5601374e-01  -4.3800000e+02
   7.5620641e-01  -4.3750000e+02
   7.5639919e-01  -4.3700000e+02
   7.5659208e-01  -4.3650000e+02
   7.5678508e-01  -4.3600000e+02
   7.5697818e-01  -4.3550000e+02
   7.5717139e-01  -4.3500000e+02
   7.5736471e-01  -4.3450000e+02
   7.5755813e-01  -4.3400000e+02
   7.5775166e-01  -4.3350000e+02
   7.5794530e-01  -4.3300000e+02
   7.5813904e-01  -4.3250000e+02
   7.5833288e-01  -4.3200000e+02
   7.5852683e-01  -4.3150000e+02
   7.5872087e-01  -4.3100000e+02
   7.5891503e-01  -4.3050000e+02
   7.5910928e-01  -4.3000000e+02
   7.5930363e-01  -4.2950000e+02
   7.5949809e-01  -4.2900000e+02
   7.5969264e-01  -4.2850000e+02
   7.5988730e-01  -4.2800000e+02
   7.6008205e-01  -4.2750000e+02
   7.6027691e-01  -4.2700000e+02
   7.6047186e-01  -4.2650000e+02
   7.6066691e-01  -4.2600000e+02
   7.6086205e-01  -4.2550000e+02
   7.6105729e-01  -4.2500000e+02
   7.6125263e-01  -4.2450000e+02
   7.6144807e-01  -4.2400000e+02
   7.6164359e-01  -4.2350000e+02
   7.6183922e-01  -4.2300000e+02
   7.6203493e-01  -4.2250000e+02
   7.6223074e-01  -4.2200000e+02
   7.6242665e-01  -4.2150000e+02
   7.6262264e-01  -4.2100000e+02
   7.6281873e-01  -4.2050000e+02
   7.6301491e-01  -4.2000000e+02
   7.6321118e-01  -4.1950000e+02
   7.6340754e-01  -4.1900000e+02
   7.6360399e-01  -4.1850000e+02
   7.6380052e-01  -4.1800000e+02
   7.6399715e-01  -4.1750000e+02
   7.6419387e-01  -4.1700000e+02
   7.6439067e-01  -4.1650000e+02
   7.6458756e-01  -4.1600000e+02
   7.6478454e-01  -4.1550000e+02
   7.6498160e-01  -4.1500000e+02
   7.6517875e-01  -4.1450000e+02
   7.6537599e-01  -4.1400000e+02
   7.6557331e-01  -4.1350000e+02
   7.6577071e-01  -4.1300000e+02
   7.6596820e-01  -4.1250000e+02
   7.6616577e-01  -4.1200000e+02
   7.6636343e-01  -4.1150000e+02
   7.6656116e-01  -4.1100000e+02
   7.6675898e-01  -4.1050000e+02
   7.6695688e-01  -4.1000000e+02
   7.6715486e-01  -4.0950000e+02
   7.6735292e-01  -4.0900000e+02
   7.6755106e-01  -4.0850000e+02
   7.6774928e-01  -4.0800000e+02
   7.6794758e-01  -4.0750000e+02
   7.6814596e-01  -4.0700000e+02
   7.6834441e-01  -4.0650000e+02
   7.6854295e-01  -4.0600000e+02
   7.6874156e-01  -4.0550000e+02
   7.6894024e-01  -4.0500000e+02
   7.6913901e-01  -4.0450000e+02
   7.6933784e-01  -4.0400000e+02
   7.6953676e-01  -4.0350000e+02
   7.6973574e-01  -4.0300000e+02
   7.6993481e-01  -4.0250000e+02
   7.7013394e-01  -4.0200000e+02
   7.7033315e-01  -4.0150000e+02
   7.7053243e-01  -4.0100000e+02
   7.7073178e-01  -4.0050000e+02
   7.7093121e-01  -4.0000000e+02
   7.7113071e-01  -3.9950000e+02
   7.7133027e-01  -3.9900000e+02
   7.7152991e-01  -3.9850000e+02
   7.7172962e-01  -3.9800000e+02
   7.7192940e-01  -3.9750000e+02
   7.7212924e-01  -3.9700000e+02
   7.7232916e-01  -3.9650000e+02
   7.7252914e-01  -3.9600000e+02
   7.7272919e-01  -3.9550000e+02
   7.7292931e-01  -3.9500000e+02
   7.7312950e-01  -3.9450000e+02
   7.7332975e-01  -3.9400000e+02
   7.7353007e-01  -3.9350000e+02
   7.7373045e-01  -3.9300000e+02
   7.7393090e-01  -3.9250000e+02
   7.7413141e-01  -3.9200000e+02
   7.7433198e-01  -3.9150000e+02
   7.7453262e-01  -3.9100000e+02
   7.7473333e-01  -3.9050000e+02
   7.7493409e-01  -3.9000000e+02
   7.7513492e-01  -3.8950000e+02
   7.7533581e-01  -3.8900000e+02
   7.7553676e-01  -3.8850000e+02
   7.7573777e-01  -3.8800000e+02
   7.7593885e-01  -3.8750000e+02
   7.7613998e-01  -3.8700000e+02
   7.7634117e-01  -3.8650000e+02
   7.7654242e-01  -3.8600000e+02
   7.7674373e-01  -3.8550000e+02
   7.7694510e-01  -3.8500000e+02
   7.7714653e-01  -3.8450000e+02
   7.7734802e-01  -3.8400000e+02
   7.7754956e-01  -3.8350000e+02
   7.7775116e-01  -3.8300000e+02
   7.7795281e-01  -3.8250000e+02
   7.7815452e-01  -3.8200000e+02
   7.7835629e-01  -3.8150000e+02
   7.7855811e-01  -3.8100000e+02
   7.7875999e-01  -3.8050000e+02
   7.7896192e-01  -3.8000000e+02
   7.7916390e-01  -3.7950000e+02
   7.7936594e-01  -3.7900000e+02
   7.7956803e-01  -3.7850000e+02
   7.7977017e-01  -3.7800000e+02
   7.7997236e-01  -3.7750000e+02
   7.8017461e-01  -3.7700000e+02
   7.8037691e-01  -3.7650000e+02
   7.8057926e-01  -3.7600000e+02
   7.8078166e-01  -3.7550000e+02
   7.8098410e-01  -3.7500000e+02
   7.8118660e-01  -3.7450000e+02
   7.8138915e-01  -3.7400000e+02
   7.8159175e-01  -3.7350000e+02
   7.8179439e-01  -3.7300000e+02
   7.8199709e-01  -3.7250000e+02
   7.8219983e-01  -3.7200000e+02
   7.8240262e-01  -3.7150000e+02
   7.8260545e-01  -3.7100000e+02
   7.8280834e-01  -3.7050000e+02
   7.8301126e-01  -3.7000000e+02
   7.8321424e-01  -3.6950000e+02
   7.8341726e-01  -3.6900000e+02
   7.8362032e-01  -3.6850000e+02
   7.8382343e-01  -3.6800000e+02
   7.8402658e-01  -3.6750000e+02
   7.8422978e-01  -3.6700000e+02
   7.8443302e-01  -3.6650000e+02
   7.8463631e-01  -3.6600000e+02
   7.8483963e-01  -3.6550000e+02
   7.8504300e-01  -3.6500000e+02
   7.8524641e-01  -3.6450000e+02
   7.8544986e-01  -3.6400000e+02
   7.8565335e-01  -3.6350000e+02
   7.8585689e-01  -3.6300000e+02
   7.8606046e-01  -3.6250000e+02
   7.8626408e-01  -3.6200000e+02
   7.8646773e-01  -3.6150000e+02
   7.8667142e-01  -3.6100000e+02
   7.8687516e-01  -3.6050000e+02
   7.8707893e-01  -3.6000000e+02
   7.8728273e-01  -3.5950000e+02
   7.8748658e-01  -3.5900000e+02
   7.8769047e-01  -3.5850000e+02
   7.8789439e-01  -3.5800000e+02
   7.8809835e-01  -3.5750000e+02
   7.8830234e-01  -3.5700000e+02
   7.8850637e-01  -3.5650000e+02
   7.8871044e-01  -3.5600000e+02
   7.8891454e-01  -3.5550000e+02
   7.8911867e-01  -3.5500000e+02
   7.8932285e-01  -3.5450000e+02
   7.8952705e-01  -3.5400000e+02
   7.8973129e-01  -3.5350000e+02
   7.8993556e-01  -3.5300000e+02
   7.9013987e-01  -3.5250000e+02
   7.9034421e-01  -3.5200000e+02
   7.9054858e-01  -3.5150000e+02
   7.9075298e-01  -3.5100000e+02
   7.9095742e-01  -3.5050000e+02
   7.9116189e-01  -3.5000000e+02
   7.9136639e-01  -3.4950000e+02
   7.9157092e-01  -3.4900000e+02
   7.9177548e-01  -3.4850000e+02
   7.9198007e-01  -3.4800000e+02
   7.9218469e-01  -3.4750000e+02
   7.9238934e-01  -3.4700000e+02
   7.9259401e-01  -3.4650000e+02
   7.9279872e-01  -3.4600000e+02
   7.9300346e-01  -3.4550000e+02
   7.9320822e-01  -3.4500000e+02
   7.9341301e-01  -3.4450000e+02
   7.9361783e-01  -3.4400000e+02
   7.9382268e-01  -3.4350000e+02
   7.9402756e-01  -3.4300000e+02
   7.9423246e-01  -3.4250000e+02
   7.9443738e-01  -3.4200000e+02
   7.9464234e-01  -3.4150000e+02
   7.9484731e-01  -3.4100000e+02
   7.9505232e-01  -3.4050000e+02
   7.9525735e-01  -3.4000000e+02
   7.9546240e-01  -3.3950000e+02
   7.9566748e-01  -3.3900000e+02
   7.9587258e-01  -3.3850000e+02
   7.9607771e-01  -3.3800000e+02
   7.9628286e-01  -3.3750000e+02
   7.9648803e-01  -3.3700000e+02
   7.9669322e-01  -3.3650000e+02
   7.9689844e-01  -3.3600000e+02
   7.9710368e-01  -3.3550000e+02
   7.9730894e-01  -3.3500000e+02
   7.9751423e-01  -3.3450000e+02
   7.9771953e-01  -3.3400000e+02
   7.9792486e-01  -3.3350000e+02
   7.9813021e-01  -3.3300000e+02
   7.9833557e-01  -3.3250000e+02
   7.9854096e-01  -3.3200000e+02
   7.9874637e-01  -3.3150000e+02
   7.9895180e-01  -3.3100000e+02
   7.9915724e-01  -3.3050000e+02
   7.9936271e-01  -3.3000000e+02
   7.9956819e-01  -3.2950000e+02
   7.9977370e-01  -3.2900000e+02
   7.9997922e-01  -3.2850000e+02
   8.0018476e-01  -3.2800000e+02
   8.0039031e-01  -3.2750000e+02
   8.0059589e-01  -3.2700000e+02
   8.0080148e-01  -3.2650000e+02
   8.0100709e-01  -3.2600000e+02
   8.0121271e-01  -3.2550000e+02
   8.0141835e-01  -3.2500000e+02
   8.0162401e-01  -3.2450000e+02
   8.0182968e-01  -3.2400000e+02
   8.0203537e-01  -3.2350000e+02
   8.0224107e-01  -3.2300000e+02
   8.0244679e-01  -3.2250000e+02
   8.0265252e-01  -3.2200000e+02
   8.0285827e-01  -3.2150000e+02
   8.0306403e-01  -3.2100000e+02
   8.0326981e-01  -3.2050000e+02
   8.0347560e-01  -3.2000000e+02
   8.0368140e-01  -3.1950000e+02
   8.0388721e-01  -3.1900000e+02
   8.0409304e-01  -3.1850000e+02
   8.0429888e-01  -3.1800000e+02
   8.0450473e-01  -3.1750000e+02
   8.0471060e-01  -3.1700000e+02
   8.0491648e-01  -3.1650000e+02
   8.0512236e-01  -3.1600000e+02
   8.0532826e-01  -3.1550000e+02
   8.0553418e-01  -3.1500000e+02
   8.0574010e-01  -3.1450000e+02
   8.0594603e-01  -3.1400000e+02
   8.0615197e-01  -3.1350000e+02
   8.0635792e-01  -3.1300000e+02
   8.0656389e-01  -3.1250000e+02
   8.0676986e-01  -3.1200000e+02
   8.0697584e-01  -3.1150000e+02
   8.0718183e-01  -3.1100000e+02
   8.0738783e-01  -3.1050000e+02
   8.0759384e-01  -3.1000000e+02
   8.0779986e-01  -3.0950000e+02
   8.0800588e-01  -3.0900000e+02
   8.0821192e-01  -3.0850000e+02
   8.0841796e-01  -3.0800000e+02
   8.0862401e-01  -3.0750000e+02
   8.0883006e-01  -3.0700000e+02
   8.0903613e-01  -3.0650000e+02
   8.0924220e-01  -3.0600000e+02
   8.0944827e-01  -3.0550000e+02
   8.0965436e-01  -3.0500000e+02
   8.0986044e-01  -3.0450000e+02
   8.1006654e-01  -3.0400000e+02
   8.1027264e-01  -3.0350000e+02
   8.1047875e-01  -3.0300000e+02
   8.1068486e-01  -3.0250000e+02
   8.1089098e-01  -3.0200000e+02
   8.1109710e-01  -3.0150000e+02
   8.1130323e-01  -3.0100000e+02
   8.1150936e-01  -3.0050000e+02
   8.1171550e-01  -3.0000000e+02
   8.1192164e-01  -2.9950000e+02
   8.1212778e-01  -2.9900000e+02
   8.1233393e-01  -2.9850000e+02
   8.1254008e-01  -2.9800000e+02
   8.1274623e-01  -2.9750000e+02
   8.1295239e-01  -2.9700000e+02
   8.1315855e-01  -2.9650000e+02
   8.1336472e-01  -2.9600000e+02
   8.1357088e-01  -2.9550000e+02
   8.1377705e-01  -2.9500000e+02
   8.1398322e-01  -2.9450000e+02
   8.1418940e-01  -2.9400000e+02
   8.1439557e-01  -2.9350000e+02
   8.1460175e-01  -2.9300000e+02
   8.1480793e-01  -2.9250000e+02
   8.1501410e-01  -2.9200000e+02
   8.1522028e-01  -2.9150000e+02
   8.1542647e-01  -2.9100000e+02
   8.1563265e-01  -2.9050000e+02
   8.1583883e-01  -2.9000000e+02
   8.1604501e-01  -2.8950000e+02
   8.1625120e-01  -2.8900000e+02
   8.1645738e-01  -2.8850000e+02
   8.1666356e-01  -2.8800000e+02
   8.1686974e-01  -2.8750000e+02
   8.1707593e-01  -2.8700000e+02
   8.1728211e-01  -2.8650000e+02
   8.1748829e-01  -2.8600000e+02
   8.1769447e-01  -2.8550000e+02
   8.1790065e-01  -2.8500000e+02
   8.1810682e-01  -2.8450000e+02
   8.1831300e-01  -2.8400000e+02
   8.1851917e-01  -2.8350000e+02
   8.1872535e-01  -2.8300000e+02
   8.1893152e-01  -2.8250000e+02
   8.1913768e-01  -2.8200000e+02
   8.1934385e-01  -2.8150000e+02
   8.1955001e-01  -2.8100000e+02
   8.1975617e-01  -2.8050000e+02
   8.1996233e-01  -2.8000000e+02
   8.2016849e-01  -2.7950000e+02
   8.2037464e-01  -2.7900000e+02
   8.2058079e-01  -2.7850000e+02
   8.2078694e-01  -2.7800000e+02
   8.2099308e-01  -2.7750000e+02
   8.2119922e-01  -2.7700000e+02
   8.2140535e-01  -2.7650000e+02
   8.2161148e-01  -2.7600000e+02
   8.2181761e-01  -2.7550000e+02
   8.2202373e-01  -2.7500000e+02
   8.2222985e-01  -2.7450000e+02
   8.2243597e-01  -2.7400000e+02
   8.2264208e-01  -2.7350000e+02
   8.2284818e-01  -2.7300000e+02
   8.2305428e-01  -2.7250000e+02
   8.2326038e-01  -2.7200000e+02
   8.2346647e-01  -2.7150000e+02
   8.2367256e-01  -2.7100000e+02
   8.2387864e-01  -2.7050000e+02
   8.2408471e-01  -2.7000000e+02
   8.2429078e-01  -2.6950000e+02
   8.2449684e-01  -2.6900000e+02
   8.2470290e-01  -2.6850000e+02
   8.2490895e-01  -2.6800000e+02
   8.2511500e-01  -2.6750000e+02
   8.2532104e-01  -2.6700000e+02
   8.2552707e-01  -2.6650000e+02
   8.2573310e-01  -2.6600000e+02
   8.2593912e-01  -2.6550000e+02
   8.2614514e-01  -2.6500000e+02
   8.2635114e-01  -2.6450000e+02
   8.2655714e-01  -2.6400000e+02
   8.2676314e-01  -2.6350000e+02
   8.2696913e-01  -2.6300000e+02
   8.2717511e-01  -2.6250000e+02
   8.2738108e-01  -2.6200000e+02
   8.2758704e-01  -2.6150000e+02
   8.2779300e-01  -2.6100000e+02
   8.2799895e-01  -2.6050000e+02
   8.2820490e-01  -2.6000000e+02
   8.2841083e-01  -2.5950000e+02
   8.2861676e-01  -2.5900000e+02
   8.2882268e-01  -2.5850000e+02
   8.2902859e-01  -2.5800000e+02
   8.2923449e-01  -2.5750000e+02
   8.2944039e-01  -2.5700000e+02
   8.2964628e-01  -2.5650000e+02
   8.2985216e-01  -2.5600000e+02
   8.3005803e-01  -2.5550000e+02
   8.3026389e-01  -2.5500000e+02
   8.3046974e-01  -2.5450000e+02
   8.3067559e-01  -2.5400000e+02
   8.3088142e-01  -2.5350000e+02
   8.3108725e-01  -2.5300000e+02
   8.3129307e-01  -2.5250000e+02
   8.3149888e-01  -2.5200000e+02
   8.3170468e-01  -2.5150000e+02
   8.3191047e-01  -2.5100000e+02
   8.3211626e-01  -2.5050000e+02
   8.3232203e-01  -2.5000000e+02
   8.3252780e-01  -2.4950000e+02
   8.3273355e-01  -2.4900000e+02
   8.3293930e-01  -2.4850000e+02
   8.3314503e-01  -2.4800000e+02
   8.3335076e-01  -2.4750000e+02
   8.3355648e-01  -2.4700000e+02
   8.3376218e-01  -2.4650000e+02
   8.3396788e-01  -2.4600000e+02
   8.3417357e-01  -2.4550000e+02
   8.3437925e-01  -2.4500000e+02
   8.3458492e-01  -2.4450000e+02
   8.3479058e-01  -2.4400000e+02
   8.3499623e-01  -2.4350000e+02
   8.3520187e-01  -2.4300000e+02
   8.3540749e-01  -2.4250000e+02
   8.3561311e-01  -2.4200000e+02
   8.3581872e-01  -2.4150000e+02
   8.3602432e-01  -2.4100000e+02
   8.3622991e-01  -2.4050000e+02
   8.3643549e-01  -2.4000000e+02
   8.3664105e-01  -2.3950000e+02
   8.3684661e-01  -2.3900000e+02
   8.3705216e-01  -2.3850000e+02
   8.3725770e-01  -2.3800000e+02
   8.3746322e-01  -2.3750000e+02
   8.3766874e-01  -2.3700000e+02
   8.3787424e-01  -2.3650000e+02
   8.3807974e-01  -2.3600000e+02
   8.3828522e-01  -2.3550000e+02
   8.3849070e-01  -2.3500000e+02
   8.3869616e-01  -2.3450000e+02
   8.3890161e-01  -2.3400000e+02
   8.3910705e-01  -2.3350000e+02
   8.3931248e-01  -2.3300000e+02
   8.3951791e-01  -2.3250000e+02
   8.3972332e-01  -2.3200000e+02
   8.3992871e-01  -2.3150000e+02
   8.4013410e-01  -2.3100000e+02
   8.4033948e-01  -2.3050000e+02
   8.4054485e-01  -2.3000000e+02
   8.4075020e-01  -2.2950000e+02
   8.4095555e-01  -2.2900000e+02
   8.4116088e-01  -2.2850000e+02
   8.4136621e-01  -2.2800000e+02
   8.4157152e-01  -2.2750000e+02
   8.4177682e-01  -2.2700000e+02
   8.4198211e-01  -2.2650000e+02
   8.4218739e-01  -2.2600000e+02
   8.4239266e-01  -2.2550000e+02
   8.4259792e-01  -2.2500000e+02
   8.4280317e-01  -2.2450000e+02
   8.4300841e-01  -2.2400000e+02
   8.4321363e-01  -2.2350000e+02
   8.4341885e-01  -2.2300000e+02
   8.4362405e-01  -2.2250000e+02
   8.4382925e-01  -2.2200000e+02
   8.4403443e-01  -2.2150000e+02
   8.4423960e-01  -2.2100000e+02
   8.4444477e-01  -2.2050000e+02
   8.4464992e-01  -2.2000000e+02
   8.4485506e-01  -2.1950000e+02
   8.4506019e-01  -2.1900000e+02
   8.4526531e-01  -2.1850000e+02
   8.4547041e-01  -2.1800000e+02
   8.4567551e-01  -2.1750000e+02
   8.4588060e-01  -2.1700000e+02
   8.4608567e-01  -2.1650000e+02
   8.4629074e-01  -2.1600000e+02
   8.4649580e-01  -2.1550000e+02
   8.4670084e-01  -2.1500000e+02
   8.4690587e-01  -2.1450000e+02
   8.4711090e-01  -2.1400000e+02
   8.4731591e-01  -2.1350000e+02
   8.4752091e-01  -2.1300000e+02
   8.4772591e-01  -2.1250000e+02
   8.4793089e-01  -2.1200000e+02
   8.4813586e-01  -2.1150000e+02
   8.4834082e-01  -2.1100000e+02
   8.4854577e-01  -2.1050000e+02
   8.4875071e-01  -2.1000000e+02
   8.4895565e-01  -2.0950000e+02
   8.4916057e-01  -2.0900000e+02
   8.4936548e-01  -2.0850000e+02
   8.4957038e-01  -2.0800000e+02
   8.4977527e-01  -2.0750000e+02
   8.4998015e-01  -2.0700000e+02
   8.5018502e-01  -2.0650000e+02
   8.5038988e-01  -2.0600000e+02
   8.5059473e-01  -2.0550000e+02
   8.5079958e-01  -2.0500000e+02
   8.5100441e-01  -2.0450000e+02
   8.5120923e-01  -2.0400000e+02
   8.5141404e-01  -2.0350000e+02
   8.5161885e-01  -2.0300000e+02
   8.5182364e-01  -2.0250000e+02
   8.5202843e-01  -2.0200000e+02
   8.5223320e-01  -2.0150000e+02
   8.5243797e-01  -2.0100000e+02
   8.5264272e-01  -2.0050000e+02
   8.5284747e-01  -2.0000000e+02
   8.5305221e-01  -1.9950000e+02
   8.5325694e-01  -1.9900000e+02
   8.5346166e-01  -1.9850000e+02
   8.5366638e-01  -1.9800000e+02
   8.5387108e-01  -1.9750000e+02
   8.5407577e-01  -1.9700000e+02
   8.5428046e-01  -1.9650000e+02
   8.5448514e-01  -1.9600000e+02
   8.5468981e-01  -1.9550000e+02
   8.5489447e-01  -1.9500000e+02
   8.5509912e-01  -1.9450000e+02
   8.5530377e-01  -1.9400000e+02
   8.5550840e-01  -1.9350000e+02
   8.5571303e-01  -1.9300000e+02
   8.5591765e-01  -1.9250000e+02
   8.5612226e-01  -1.9200000e+02
   8.5632687e-01  -1.9150000e+02
   8.5653147e-01  -1.9100000e+02
   8.5673606e-01  -1.9050000e+02
   8.5694064e-01  -1.9000000e+02
   8.5714521e-01  -1.8950000e+02
   8.5734978e-01  -1.8900000e+02
   8.5755434e-01  -1.8850000e+02
   8.5775889e-01  -1.8800000e+02
   8.5796344e-01  -1.8750000e+02
   8.5816798e-01  -1.8700000e+02
   8.5837251e-01  -1.8650000e+02
   8.5857704e-01  -1.8600000e+02
   8.5878156e-01  -1.8550000e+02
   8.5898607e-01  -1.8500000e+02
   8.5919058e-01  -1.8450000e+02
   8.5939508e-01  -1.8400000e+02
   8.5959957e-01  -1.8350000e+02
   8.5980406e-01  -1.8300000e+02
   8.6000854e-01  -1.8250000e+02
   8.6021302e-01  -1.8200000e+02
   8.6041749e-01  -1.8150000e+02
   8.6062195e-01  -1.8100000e+02
   8.6082641e-01  -1.8050000e+02
   8.6103087e-01  -1.8000000e+02
   8.6123531e-01  -1.7950000e+02
   8.6143976e-01  -1.7900000e+02
   8.6164420e-01  -1.7850000e+02
   8.6184863e-01  -1.7800000e+02
   8.6205306e-01  -1.7750000e+02
   8.6225749e-01  -1.7700000e+02
   8.6246191e-01  -1.7650000e+02
   8.6266632e-01  -1.7600000e+02
   8.6287073e-01  -1.7550000e+02
   8.6307514e-01  -1.7500000e+02
   8.6327954e-01  -1.7450000e+02
   8.6348394e-01  -1.7400000e+02
   8.6368834e-01  -1.7350000e+02
   8.6389273e-01  -1.7300000e+02
   8.6409712e-01  -1.7250000e+02
   8.6430151e-01  -1.7200000e+02
   8.6450589e-01  -1.7150000e+02
   8.6471027e-01  -1.7100000e+02
   8.6491465e-01  -1.7050000e+02
   8.6511902e-01  -1.7000000e+02
   8.6532339e-01  -1.6950000e+02
   8.6552776e-01  -1.6900000e+02
   8.6573213e-01  -1.6850000e+02
   8.6593649e-01  -1.6800000e+02
   8.6614085e-01  -1.6750000e+02
   8.6634521e-01  -1.6700000e+02
   8.6654957e-01  -1.6650000e+02
   8.6675393e-01  -1.6600000e+02
   8.6695829e-01  -1.6550000e+02
   8.6716264e-01  -1.6500000e+02
   8.6736700e-01  -1.6450000e+02
   8.6757135e-01  -1.6400000e+02
   8.6777570e-01  -1.6350000e+02
   8.6798006e-01  -1.6300000e+02
   8.6818441e-01  -1.6250000e+02
   8.6838876e-01  -1.6200000e+02
   8.6859311e-01  -1.6150000e+02
   8.6879746e-01  -1.6100000e+02
   8.6900181e-01  -1.6050000e+02
   8.6920616e-01  -1.6000000e+02
   8.6941052e-01  -1.5950000e+02
   8.6961487e-01  -1.5900000e+02
   8.6981923e-01  -1.5850000e+02
   8.7002358e-01  -1.5800000e+02
   8.7022794e-01  -1.5750000e+02
   8.7043230e-01  -1.5700000e+02
   8.7063666e-01  -1.5650000e+02
   8.7084102e-01  -1.5600000e+02
   8.7104538e-01  -1.5550000e+02
   8.7124975e-01  -1.5500000e+02
   8.7145412e-01  -1.5450000e+02
   8.7165849e-01  -1.5400000e+02
   8.7186286e-01  -1.5350000e+02
   8.7206724e-01  -1.5300000e+02
   8.7227162e-01  -1.5250000e+02
   8.7247600e-01  -1.5200000e+02
   8.7268039e-01  -1.5150000e+02
   8.7288478e-01  -1.5100000e+02
   8.7308917e-01  -1.5050000e+02
   8.7329357e-01  -1.5000000e+02
   8.7349797e-01  -1.4950000e+02
   8.7370238e-01  -1.4900000e+02
   8.7390679e-01  -1.4850000e+02
   8.7411121e-01  -1.4800000e+02
   8.7431563e-01  -1.4750000e+02
   8.7452006e-01  -1.4700000e+02
   8.7472449e-01  -1.4650000e+02
   8.7492893e-01  -1.4600000e+02
   8.7513337e-01  -1.4550000e+02
   8.7533782e-01  -1.4500000e+02
   8.7554228e-01  -1.4450000e+02
   8.7574674e-01  -1.4400000e+02
   8.7595121e-01  -1.4350000e+02
   8.7615569e-01  -1.4300000e+02
   8.7636017e-01  -1.4250000e+02
   8.7656466e-01  -1.4200000e+02
   8.7676916e-01  -1.4150000e+02
   8.7697367e-01  -1.4100000e+02
   8.7717818e-01  -1.4050000e+02
   8.7738271e-01  -1.4000000e+02
   8.7758724e-01  -1.3950000e+02
   8.7779178e-01  -1.3900000e+02
   8.7799633e-01  -1.3850000e+02
   8.7820088e-01  -1.3800000e+02
   8.7840545e-01  -1.3750000e+02
   8.7861003e-01  -1.3700000e+02
   8.7881461e-01  -1.3650000e+02
   8.7901921e-01  -1.3600000e+02
   8.7922382e-01  -1.3550000e+02
   8.7942843e-01  -1.3500000e+02
   8.7963306e-01  -1.3450000e+02
   8.7983770e-01  -1.3400000e+02
   8.8004235e-01  -1.3350000e+02
   8.8024701e-01  -1.3300000e+02
   8.8045168e-01  -1.3250000e+02
   8.8065637e-01  -1.3200000e+02
   8.8086106e-01  -1.3150000e+02
   8.8106577e-01  -1.3100000e+02
   8.8127050e-01  -1.3050000e+02
   8.8147523e-01  -1.3000000e+02
   8.8167998e-01  -1.2950000e+02
   8.8188474e-01  -1.2900000e+02
   8.8208951e-01  -1.2850000e+02
   8.8229430e-01  -1.2800000e+02
   8.8249910e-01  -1.2750000e+02
   8.8270392e-01  -1.2700000e+02
   8.8290875e-01  -1.2650000e+02
   8.8311360e-01  -1.2600000e+02
   8.8331846e-01  -1.2550000e+02
   8.8352333e-01  -1.2500000e+02
   8.8372823e-01  -1.2450000e+02
   8.8393313e-01  -1.2400000e+02
   8.8413806e-01  -1.2350000e+02
   8.8434300e-01  -1.2300000e+02
   8.8454795e-01  -1.2250000e+02
   8.8475293e-01  -1.2200000e+02
   8.8495792e-01  -1.2150000e+02
   8.8516292e-01  -1.2100000e+02
   8.8536795e-01  -1.2050000e+02
   8.8557299e-01  -1.2000000e+02
   8.8577805e-01  -1.1950000e+02
   8.8598313e-01  -1.1900000e+02
   8.8618823e-01  -1.1850000e+02
   8.8639335e-01  -1.1800000e+02
   8.8659849e-01  -1.1750000e+02
   8.8680364e-01  -1.1700000e+02
   8.8700882e-01  -1.1650000e+02
   8.8721402e-01  -1.1600000e+02
   8.8741923e-01  -1.1550000e+02
   8.8762447e-01  -1.1500000e+02
   8.8782973e-01  -1.1450000e+02
   8.8803501e-01  -1.1400000e+02
   8.8824031e-01  -1.1350000e+02
   8.8844563e-01  -1.1300000e+02
   8.8865097e-01  -1.1250000e+02
   8.8885634e-01  -1.1200000e+02
   8.8906173e-01  -1.1150000e+02
   8.8926714e-01  -1.1100000e+02
   8.8947258e-01  -1.1050000e+02
   8.8967803e-01  -1.1000000e+02
   8.8988352e-01  -1.0950000e+02
   8.9008902e-01  -1.0900000e+02
   8.9029455e-01  -1.0850000e+02
   8.9050011e-01  -1.0800000e+02
   8.9070569e-01  -1.0750000e+02
   8.9091129e-01  -1.0700000e+02
   8.9111692e-01  -1.0650000e+02
   8.9132258e-01  -1.0600000e+02
   8.9152826e-01  -1.0550000e+02
   8.9173397e-01  -1.0500000e+02
   8.9193971e-01  -1.0450000e+02
   8.9214547e-01  -1.0400000e+02
   8.9235126e-01  -1.0350000e+02
   8.9255707e-01  -1.0300000e+02
   8.9276292e-01  -1.0250000e+02
   8.9296879e-01  -1.0200000e+02
   8.9317469e-01  -1.0150000e+02
   8.9338062e-01  -1.0100000e+02
   8.9358658e-01  -1.0050000e+02
   8.9379257e-01  -1.0000000e+02
   8.9399859e-01  -9.9500000e+01
   8.9420464e-01  -9.9000000e+01
   8.9441072e-01  -9.8500000e+01
   8.9461683e-01  -9.8000000e+01
   8.9482297e-01  -9.7500000e+01
   8.9502914e-01  -9.7000000e+01
   8.9523534e-01  -9.6500000e+01
   8.9544158e-01  -9.6000000e+01
   8.9564784e-01  -9.5500000e+01
   8.9585414e-01  -9.5000000e+01
   8.9606048e-01  -9.4500000e+01
   8.9626684e-01  -9.4000000e+01
   8.9647324e-01  -9.3500000e+01
   8.9667968e-01  -9.3000000e+01
   8.9688614e-01  -9.2500000e+01
   8.9709264e-01  -9.2000000e+01
   8.9729918e-01  -9.1500000e+01
   8.9750575e-01  -9.1000000e+01
   8.9771236e-01  -9.0500000e+01
   8.9791900e-01  -9.0000000e+01
   8.9812568e-01  -8.9500000e+01
   8.9833240e-01  -8.9000000e+01
   8.9853915e-01  -8.8500000e+01
   8.9874594e-01  -8.8000000e+01
   8.9895277e-01  -8.7500000e+01
   8.9915963e-01  -8.7000000e+01
   8.9936654e-01  -8.6500000e+01
   8.9957348e-01  -8.6000000e+01
   8.9978046e-01  -8.5500000e+01
   8.9998748e-01  -8.5000000e+01
   9.0019453e-01  -8.4500000e+01
   9.0040163e-01  -8.4000000e+01
   9.0060877e-01  -8.3500000e+01
   9.0081595e-01  -8.3000000e+01
   9.0102317e-01  -8.2500000e+01
   9.0123043e-01  -8.2000000e+01
   9.0143774e-01  -8.1500000e+01
   9.0164508e-01  -8.1000000e+01
   9.0185247e-01  -8.0500000e+01
   9.0205990e-01  -8.0000000e+01
   9.0226737e-01  -7.9500000e+01
   9.0247489e-01  -7.9000000e+01
   9.0268245e-01  -7.8500000e+01
   9.0289005e-01  -7.8000000e+01
   9.0309770e-01  -7.7500000e+01
   9.0330539e-01  -7.7000000e+01
   9.0351313e-01  -7.6500000e+01
   9.0372091e-01  -7.6000000e+01
   9.0392874e-01  -7.5500000e+01
   9.0413662e-01  -7.5000000e+01
   9.0434454e-01  -7.4500000e+01
   9.0455251e-01  -7.4000000e+01
   9.0476053e-01  -7.3500000e+01
   9.0496859e-01  -7.3000000e+01
   9.0517670e-01  -7.2500000e+01
   9.0538486e-01  -7.2000000e+01
   9.0559307e-01  -7.1500000e+01
   9.0580133e-01  -7.1000000e+01
   9.0600964e-01  -7.0500000e+01
   9.0621799e-01  -7.0000000e+01
   9.0642640e-01  -6.9500000e+01
   9.0663486e-01  -6.9000000e+01
   9.0684337e-01  -6.8500000e+01
   9.0705193e-01  -6.8000000e+01
   9.0726054e-01  -6.7500000e+01
   9.0746921e-01  -6.7000000e+01
   9.0767792e-01  -6.6500000e+01
   9.0788669e-01  -6.6000000e+01
   9.0809552e-01  -6.5500000e+01
   9.0830439e-01  -6.5000000e+01
   9.0851332e-01  -6.4500000e+01
   9.0872231e-01  -6.4000000e+01
   9.0893135e-01  -6.3500000e+01
   9.0914044e-01  -6.3000000e+01
   9.0934959e-01  -6.2500000e+01
   9.0955880e-01  -6.2000000e+01
   9.0976806e-01  -6.1500000e+01
   9.0997738e-01  -6.1000000e+01
   9.1018676e-01  -6.0500000e+01
   9.1039619e-01  -6.0000000e+01
   9.1060568e-01  -5.9500000e+01
   9.1081523e-01  -5.9000000e+01
   9.1102484e-01  -5.8500000e+01
   9.1123451e-01  -5.8000000e+01
   9.1144424e-01  -5.7500000e+01
   9.1165402e-01  -5.7000000e+01
   9.1186387e-01  -5.6500000e+01
   9.1207378e-01  -5.6000000e+01
   9.1228375e-01  -5.5500000e+01
   9.1249378e-01  -5.5000000e+01
   9.1270387e-01  -5.4500000e+01
   9.1291402e-01  -5.4000000e+01
   9.1312424e-01  -5.3500000e+01
   9.1333452e-01  -5.3000000e+01
   9.1354486e-01  -5.2500000e+01
   9.1375527e-01  -5.2000000e+01
   9.1396574e-01  -5.1500000e+01
   9.1417628e-01  -5.1000000e+01
   9.1438688e-01  -5.0500000e+01
   9.1459754e-01  -5.0000000e+01
   9.1480828e-01  -4.9500000e+01
   9.1501907e-01  -4.9000000e+01
   9.1522994e-01  -4.8500000e+01
   9.1544087e-01  -4.8000000e+01
   9.1565187e-01  -4.7500000e+01
   9.1586294e-01  -4.7000000e+01
   9.1607408e-01  -4.6500000e+01
   9.1628528e-01  -4.6000000e+01
   9.1649656e-01  -4.5500000e+01
   9.1670790e-01  -4.5000000e+01
   9.1691931e-01  -4.4500000e+01
   9.1713080e-01  -4.4000000e+01
   9.1734235e-01  -4.3500000e+01
   9.1755398e-01  -4.3000000e+01
   9.1776568e-01  -4.2500000e+01
   9.1797745e-01  -4.2000000e+01
   9.1818929e-01  -4.1500000e+01
   9.1840121e-01  -4.1000000e+01
   9.1861320e-01  -4.0500000e+01
   9.1882526e-01  -4.0000000e+01
   9.1903740e-01  -3.9500000e+01
   9.1924961e-01  -3.9000000e+01
   9.1946190e-01  -3.8500000e+01
   9.1967426e-01  -3.8000000e+01
   9.1988670e-01  -3.7500000e+01
   9.2009921e-01  -3.7000000e+01
   9.2031180e-01  -3.6500000e+01
   9.2052447e-01  -3.6000000e+01
   9.2073722e-01  -3.5500000e+01
   9.2095005e-01  -3.5000000e+01
   9.2116295e-01  -3.4500000e+01
   9.2137593e-01  -3.4000000e+01
   9.2158899e-01  -3.3500000e+01
   9.2180214e-01  -3.3000000e+01
   9.2201536e-01  -3.2500000e+01
   9.2222866e-01  -3.2000000e+01
   9.2244205e-01  -3.1500000e+01
   9.2265551e-01  -3.1000000e+01
   9.2286906e-01  -3.0500000e+01
   9.2308269e-01  -3.0000000e+01
   9.2329641e-01  -2.9500000e+01
   9.2351020e-01  -2.9000000e+01
   9.2372408e-01  -2.8500000e+01
   9.2393805e-01  -2.8000000e+01
   9.2415210e-01  -2.7500000e+01
   9.2436623e-01  -2.7000000e+01
   9.2458046e-01  -2.6500000e+01
   9.2479476e-01  -2.6000000e+01
   9.2500916e-01  -2.5500000e+01
   9.2522364e-01  -2.5000000e+01
   9.2543821e-01  -2.4500000e+01
   9.2565286e-01  -2.4000000e+01
   9.2586761e-01  -2.3500000e+01
   9.2608244e-01  -2.3000000e+01
   9.2629736e-01  -2.2500000e+01
   9.2651238e-01  -2.2000000e+01
   9.2672748e-01  -2.1500000e+01
   9.2694267e-01  -2.1000000e+01
   9.2715796e-01  -2.0500000e+01
   9.2737333e-01  -2.0000000e+01
   9.2758880e-01  -1.9500000e+01
   9.2780436e-01  -1.9000000e+01
   9.2802001e-01  -1.8500000e+01
   9.2823576e-01  -1.8000000e+01
   9.2845160e-01  -1.7500000e+01
   9.2866754e-01  -1.7000000e+01
   9.2888357e-01  -1.6500000e+01
   9.2909969e-01  -1.6000000e+01
   9.2931592e-01  -1.5500000e+01
   9.2953223e-01  -1.5000000e+01
   9.2974865e-01  -1.4500000e+01
   9.2996516e-01  -1.4000000e+01
   9.3018177e-01  -1.3500000e+01
   9.3039847e-01  -1.3000000e+01
   9.3061528e-01  -1.2500000e+01
   9.3083219e-01  -1.2000000e+01
   9.3104919e-01  -1.1500000e+01
   9.3126629e-01  -1.1000000e+01
   9.3148350e-01  -1.0500000e+01
   9.3170080e-01  -1.0000000e+01
   9.3191821e-01  -9.5000000e+00
   9.3213572e-01  -9.0000000e+00
   9.3235333e-01  -8.5000000e+00
   9.3257105e-01  -8.0000000e+00
   9.3278886e-01  -7.5000000e+00
   9.3300679e-01  -7.0000000e+00
   9.3322481e-01  -6.5000000e+00
   9.3344294e-01  -6.0000000e+00
   9.3366118e-01  -5.5000000e+00
   9.3387952e-01  -5.0000000e+00
   9.3409797e-01  -4.5000000e+00
   9.3431652e-01  -4.0000000e+00
   9.3453518e-01  -3.5000000e+00
   9.3475395e-01  -3.0000000e+00
   9.3497283e-01  -2.5000000e+00
   9.3519182e-01  -2.0000000e+00
   9.3541091e-01  -1.5000000e+00
   9.3563012e-01  -1.0000000e+00
   9.3584943e-01  -5.0000000e-01
   9.3606886e-01   0.0000000e+00
   9.3628840e-01   5.0000000e-01
   9.3650805e-01   1.0000000e+00
   9.3672781e-01   1.5000000e+00
   9.3694768e-01   2.0000000e+00
   9.3716767e-01   2.5000000e+00
   9.3738777e-01   3.0000000e+00
   9.3760798e-01   3.5000000e+00
   9.3782831e-01   4.0000000e+00
   9.3804875e-01   4.5000000e+00
   9.3826931e-01   5.0000000e+00
   9.3848999e-01   5.5000000e+00
   9.3871078e-01   6.0000000e+00
   9.3893169e-01   6.5000000e+00
   9.3915271e-01   7.0000000e+00
   9.3937386e-01   7.5000000e+00
   9.3959512e-01   8.0000000e+00
   9.3981650e-01   8.5000000e+00
   9.4003801e-01   9.0000000e+00
   9.4025963e-01   9.5000000e+00
   9.4048137e-01   1.0000000e+01
   9.4070323e-01   1.0500000e+01
   9.4092522e-01   1.1000000e+01
   9.4114732e-01   1.1500000e+01
   9.4136955e-01   1.2000000e+01
   9.4159191e-01   1.2500000e+01
   9.4181438e-01   1.3000000e+01
   9.4203698e-01   1.3500000e+01
   9.4225971e-01   1.4000000e+01
   9.4248256e-01   1.4500000e+01
   9.4270553e-01   1.5000000e+01
   9.4292863e-01   1.5500000e+01
   9.4315186e-01   1.6000000e+01
   9.4337522e-01   1.6500000e+01
   9.4359870e-01   1.7000000e+01
   9.4382231e-01   1.7500000e+01
   9.4404605e-01   1.8000000e+01
   9.4426992e-01   1.8500000e+01
   9.4449392e-01   1.9000000e+01
   9.4471805e-01   1.9500000e+01
   9.4494231e-01   2.0000000e+01
   9.4516670e-01   2.0500000e+01
   9.4539123e-01   2.1000000e+01
   9.4561588e-01   2.1500000e+01
   9.4584067e-01   2.2000000e+01
   9.4606559e-01   2.2500000e+01
   9.4629065e-01   2.3000000e+01
   9.4651584e-01   2.3500000e+01
   9.4674116e-01   2.4000000e+01
   9.4696662e-01   2.4500000e+01
   9.4719222e-01   2.5000000e+01
   9.4741795e-01   2.5500000e+01
   9.4764382e-01   2.6000000e+01
   9.4786983e-01   2.6500000e+01
   9.4809597e-01   2.7000000e+01
   9.4832226e-01   2.7500000e+01
   9.4854868e-01   2.8000000e+01
   9.4877524e-01   2.8500000e+01
   9.4900195e-01   2.9000000e+01
   9.4922879e-01   2.9500000e+01
   9.4945578e-01   3.0000000e+01
   9.4968290e-01   3.0500000e+01
   9.4991017e-01   3.1000000e+01
   9.5013758e-01   3.1500000e+01
   9.5036514e-01   3.2000000e+01
   9.5059284e-01   3.2500000e+01
   9.5082068e-01   3.3000000e+01
   9.5104867e-01   3.3500000e+01
   9.5127680e-01   3.4000000e+01
   9.5150508e-01   3.4500000e+01
   9.5173351e-01   3.5000000e+01
   9.5196208e-01   3.5500000e+01
   9.5219080e-01   3.6000000e+01
   9.5241967e-01   3.6500000e+01
   9.5264869e-01   3.7000000e+01
   9.5287785e-01   3.7500000e+01
   9.5310717e-01   3.8000000e+01
   9.5333664e-01   3.8500000e+01
   9.5356625e-01   3.9000000e+01
   9.5379602e-01   3.9500000e+01
   9.5402594e-01   4.0000000e+01
   9.5425602e-01   4.0500000e+01
   9.5448624e-01   4.1000000e+01
   9.5471662e-01   4.1500000e+01
   9.5494716e-01   4.2000000e+01
   9.5517784e-01   4.2500000e+01
   9.5540869e-01   4.3000000e+01
   9.5563969e-01   4.3500000e+01
   9.5587084e-01   4.4000000e+01
   9.5610215e-01   4.4500000e+01
   9.5633362e-01   4.5000000e+01
   9.5656525e-01   4.5500000e+01
   9.5679704e-01   4.6000000e+01
   9.5702898e-01   4.6500000e+01
   9.5726109e-01   4.7000000e+01
   9.5749335e-01   4.7500000e+01
   9.5772577e-01   4.8000000e+01
   9.5795836e-01   4.8500000e+01
   9.5819111e-01   4.9000000e+01
   9.5842402e-01   4.9500000e+01
   9.5865709e-01   5.0000000e+01
   9.5889033e-01   5.0500000e+01
   9.5912373e-01   5.1000000e+01
   9.5935729e-01   5.1500000e+01
   9.5959102e-01   5.2000000e+01
   9.5982491e-01   5.2500000e+01
   9.6005897e-01   5.3000000e+01
   9.6029320e-01   5.3500000e+01
   9.6052759e-01   5.4000000e+01
   9.6076216e-01   5.4500000e+01
   9.6099689e-01   5.5000000e+01
   9.6123179e-01   5.5500000e+01
   9.6146685e-01   5.6000000e+01
   9.6170209e-01   5.6500000e+01
   9.6193750e-01   5.7000000e+01
   9.6217308e-01   5.7500000e+01
   9.6240883e-01   5.8000000e+01
   9.6264476e-01   5.8500000e+01
   9.6288085e-01   5.9000000e+01
   9.6311712e-01   5.9500000e+01
   9.6335357e-01   6.0000000e+01
   9.6359019e-01   6.0500000e+01
   9.6382698e-01   6.1000000e+01
   9.6406395e-01   6.1500000e+01
   9.6430109e-01   6.2000000e+01
   9.6453841e-01   6.2500000e+01
   9.6477591e-01   6.3000000e+01
   9.6501359e-01   6.3500000e+01
   9.6525144e-01   6.4000000e+01
   9.6548947e-01   6.4500000e+01
   9.6572769e-01   6.5000000e+01
   9.6596608e-01   6.5500000e+01
   9.6620465e-01   6.6000000e+01
   9.6644341e-01   6.6500000e+01
   9.6668234e-01   6.7000000e+01
   9.6692146e-01   6.7500000e+01
   9.6716076e-01   6.8000000e+01
   9.6740024e-01   6.8500000e+01
   9.6763991e-01   6.9000000e+01
   9.6787977e-01   6.9500000e+01
   9.6811980e-01   7.0000000e+01
   9.6836003e-01   7.0500000e+01
   9.6860044e-01   7.1000000e+01
   9.6884103e-01   7.1500000e+01
   9.6908181e-01   7.2000000e+01
   9.6932279e-01   7.2500000e+01
   9.6956395e-01   7.3000000e+01
   9.6980529e-01   7.3500000e+01
   9.7004683e-01   7.4000000e+01
   9.7028856e-01   7.4500000e+01
   9.7053048e-01   7.5000000e+01
   9.7077259e-01   7.5500000e+01
   9.7101489e-01   7.6000000e+01
   9.7125739e-01   7.6500000e+01
   9.7150008e-01   7.7000000e+01
   9.7174296e-01   7.7500000e+01
   9.7198603e-01   7.8000000e+01
   9.7222930e-01   7.8500000e+01
   9.7247277e-01   7.9000000e+01
   9.7271643e-01   7.9500000e+01
   9.7296029e-01   8.0000000e+01
   9.7320434e-01   8.0500000e+01
   9.7344859e-01   8.1000000e+01
   9.7369304e-01   8.1500000e+01
   9.7393769e-01   8.2000000e+01
   9.7418254e-01   8.2500000e+01
   9.7442759e-01   8.3000000e+01
   9.7467284e-01   8.3500000e+01
   9.7491829e-01   8.4000000e+01
   9.7516394e-01   8.4500000e+01
   9.7540979e-01   8.5000000e+01
   9.7565585e-01   8.5500000e+01
   9.7590210e-01   8.6000000e+01
   9.7614857e-01   8.6500000e+01
   9.7639523e-01   8.7000000e+01
   9.7664211e-01   8.7500000e+01
   9.7688919e-01   8.8000000e+01
   9.7713647e-01   8.8500000e+01
   9.7738396e-01   8.9000000e+01
   9.7763166e-01   8.9500000e+01
   9.7787956e-01   9.0000000e+01
   9.7812768e-01   9.0500000e+01
   9.7837600e-01   9.1000000e+01
   9.7862453e-01   9.1500000e+01
   9.7887328e-01   9.2000000e+01
   9.7912223e-01   9.2500000e+01
   9.7937140e-01   9.3000000e+01
   9.7962077e-01   9.3500000e+01
   9.7987036e-01   9.4000000e+01
   9.8012017e-01   9.4500000e+01
   9.8037018e-01   9.5000000e+01
   9.8062041e-01   9.5500000e+01
   9.8087086e-01   9.6000000e+01
   9.8112152e-01   9.6500000e+01
   9.8137240e-01   9.7000000e+01
   9.8162349e-01   9.7500000e+01
   9.8187480e-01   9.8000000e+01
   9.8212633e-01   9.8500000e+01
   9.8237807e-01   9.9000000e+01
   9.8263004e-01   9.9500000e+01
   9.8288222e-01   1.0000000e+02
   9.8313463e-01   1.0050000e+02
   9.8338725e-01   1.0100000e+02
   9.8364010e-01   1.0150000e+02
   9.8389317e-01   1.0200000e+02
   9.8414646e-01   1.0250000e+02
   9.8439997e-01   1.0300000e+02
   9.8465371e-01   1.0350000e+02
   9.8490767e-01   1.0400000e+02
   9.8516186e-01   1.0450000e+02
   9.8541627e-01   1.0500000e+02
   9.8567091e-01   1.0550000e+02
   9.8592577e-01   1.0600000e+02
   9.8618086e-01   1.0650000e+02
   9.8643618e-01   1.0700000e+02
   9.8669172e-01   1.0750000e+02
   9.8694750e-01   1.0800000e+02
   9.8720350e-01   1.0850000e+02
   9.8745974e-01   1.0900000e+02
   9.8771620e-01   1.0950000e+02
   9.8797290e-01   1.1000000e+02
   9.8822982e-01   1.1050000e+02
   9.8848698e-01   1.1100000e+02
   9.8874437e-01   1.1150000e+02
   9.8900200e-01   1.1200000e+02
   9.8925986e-01   1.1250000e+02
   9.8951795e-01   1.1300000e+02
   9.8977628e-01   1.1350000e+02
   9.9003485e-01   1.1400000e+02
   9.9029365e-01   1.1450000e+02
   9.9055269e-01   1.1500000e+02
   9.9081196e-01   1.1550000e+02
   9.9107148e-01   1.1600000e+02
   9.9133123e-01   1.1650000e+02
   9.9159122e-01   1.1700000e+02
   9.9185145e-01   1.1750000e+02
   9.9211192e-01   1.1800000e+02
   9.9237264e-01   1.1850000e+02
   9.9263359e-01   1.1900000e+02
   9.9289479e-01   1.1950000e+02
   9.9315623e-01   1.2000000e+02
   9.9341791e-01   1.2050000e+02
   9.9367984e-01   1.2100000e+02
   9.9394201e-01   1.2150000e+02
   9.9420442e-01   1.2200000e+02
   9.9446709e-01   1.2250000e+02
   9.9472999e-01   1.2300000e+02
   9.9499315e-01   1.2350000e+02
   9.9525655e-01   1.2400000e+02
   9.9552020e-01   1.2450000e+02
   9.9578410e-01   1.2500000e+02
   9.9604825e-01   1.2550000e+02
   9.9631265e-01   1.2600000e+02
   9.9657729e-01   1.2650000e+02
   9.9684219e-01   1.2700000e+02
   9.9710734e-01   1.2750000e+02
   9.9737275e-01   1.2800000e+02
   9.9763840e-01   1.2850000e+02
   9.9790431e-01   1.2900000e+02
   9.9817047e-01   1.2950000e+02
   9.9843689e-01   1.3000000e+02
   9.9870356e-01   1.3050000e+02
   9.9897049e-01   1.3100000e+02
   9.9923767e-01   1.3150000e+02
   9.9950511e-01   1.3200000e+02
   9.9977281e-01   1.3250000e+02
   1.0000408e+00   1.3300000e+02
   1.0003090e+00   1.3350000e+02
   1.0005774e+00   1.3400000e+02
   1.0008462e+00   1.3450000e+02
   1.0011152e+00   1.3500000e+02
   1.0013844e+00   1.3550000e+02
   1.0016539e+00   1.3600000e+02
   1.0019237e+00   1.3650000e+02
   1.0021938e+00   1.3700000e+02
   1.0024641e+00   1.3750000e+02
   1.0027346e+00   1.3800000e+02
   1.0030055e+00   1.3850000e+02
   1.0032766e+00   1.3900000e+02
   1.0035479e+00   1.3950000e+02
   1.0038195e+00   1.4000000e+02
   1.0040914e+00   1.4050000e+02
   1.0043636e+00   1.4100000e+02
   1.0046360e+00   1.4150000e+02
   1.0049087e+00   1.4200000e+02
   1.0051817e+00   1.4250000e+02
   1.0054549e+00   1.4300000e+02
   1.0057284e+00   1.4350000e+02
   1.0060022e+00   1.4400000e+02
   1.0062763e+00   1.4450000e+02
   1.0065506e+00   1.4500000e+02
   1.0068252e+00   1.4550000e+02
   1.0071000e+00   1.4600000e+02
   1.0073752e+00   1.4650000e+02
   1.0076506e+00   1.4700000e+02
   1.0079263e+00   1.4750000e+02
   1.0082022e+00   1.4800000e+02
   1.0084785e+00   1.4850000e+02
   1.0087550e+00   1.4900000e+02
   1.0090318e+00   1.4950000e+02
   1.0093089e+00   1.5000000e+02
   1.0095862e+00   1.5050000e+02
   1.0098638e+00   1.5100000e+02
   1.0101418e+00   1.5150000e+02
   1.0104199e+00   1.5200000e+02
   1.0106984e+00   1.5250000e+02
   1.0109772e+00   1.5300000e+02
   1.0112562e+00   1.5350000e+02
   1.0115355e+00   1.5400000e+02
   1.0118151e+00   1.5450000e+02
   1.0120950e+00   1.5500000e+02
   1.0123751e+00   1.5550000e+02
   1.0126556e+00   1.5600000e+02
   1.0129363e+00   1.5650000e+02
   1.0132173e+00   1.5700000e+02
   1.0134986e+00   1.5750000e+02
   1.0137802e+00   1.5800000e+02
   1.0140621e+00   1.5850000e+02
   1.0143443e+00   1.5900000e+02
   1.0146267e+00   1.5950000e+02
   1.0149095e+00   1.6000000e+02
   1.0151925e+00   1.6050000e+02
   1.0154759e+00   1.6100000e+02
   1.0157595e+00   1.6150000e+02
   1.0160434e+00   1.6200000e+02
   1.0163276e+00   1.6250000e+02
   1.0166121e+00   1.6300000e+02
   1.0168969e+00   1.6350000e+02
   1.0171819e+00   1.6400000e+02
   1.0174673e+00   1.6450000e+02
   1.0177530e+00   1.6500000e+02
   1.0180390e+00   1.6550000e+02
   1.0183252e+00   1.6600000e+02
   1.0186118e+00   1.6650000e+02
   1.0188986e+00   1.6700000e+02
   1.0191858e+00   1.6750000e+02
   1.0194732e+00   1.6800000e+02
   1.0197610e+00   1.6850000e+02
   1.0200490e+00   1.6900000e+02
   1.0203374e+00   1.6950000e+02
   1.0206260e+00   1.7000000e+02
   1.0209150e+00   1.7050000e+02
   1.0212042e+00   1.7100000e+02
   1.0214938e+00   1.7150000e+02
   1.0217837e+00   1.7200000e+02
   1.0220738e+00   1.7250000e+02
   1.0223643e+00   1.7300000e+02
   1.0226551e+00   1.7350000e+02
   1.0229461e+00   1.7400000e+02
   1.0232375e+00   1.7450000e+02
   1.0235292e+00   1.7500000e+02
   1.0238212e+00   1.7550000e+02
   1.0241135e+00   1.7600000e+02
   1.0244061e+00   1.7650000e+02
   1.0246990e+00   1.7700000e+02
   1.0249923e+00   1.7750000e+02
   1.0252858e+00   1.7800000e+02
   1.0255797e+00   1.7850000e+02
   1.0258738e+00   1.7900000e+02
   1.0261683e+00   1.7950000e+02
   1.0264631e+00   1.8000000e+02
   1.0267582e+00   1.8050000e+02
   1.0270536e+00   1.8100000e+02
   1.0273493e+00   1.8150000e+02
   1.0276453e+00   1.8200000e+02
   1.0279417e+00   1.8250000e+02
   1.0282384e+00   1.8300000e+02
   1.0285353e+00   1.8350000e+02
   1.0288326e+00   1.8400000e+02
   1.0291303e+00   1.8450000e+02
   1.0294282e+00   1.8500000e+02
   1.0297264e+00   1.8550000e+02
   1.0300250e+00   1.8600000e+02
   1.0303239e+00   1.8650000e+02
   1.0306231e+00   1.8700000e+02
   1.0309227e+00   1.8750000e+02
   1.0312225e+00   1.8800000e+02
   1.0315227e+00   1.8850000e+02
   1.0318232e+00   1.8900000e+02
   1.0321240e+00   1.8950000e+02
   1.0324251e+00   1.9000000e+02
   1.0327266e+00   1.9050000e+02
   1.0330284e+00   1.9100000e+02
   1.0333305e+00   1.9150000e+02
   1.0336329e+00   1.9200000e+02
   1.0339357e+00   1.9250000e+02
   1.0342388e+00   1.9300000e+02
   1.0345422e+00   1.9350000e+02
   1.0348459e+00   1.9400000e+02
   1.0351500e+00   1.9450000e+02
   1.0354544e+00   1.9500000e+02
   1.0357592e+00   1.9550000e+02
   1.0360642e+00   1.9600000e+02
   1.0363696e+00   1.9650000e+02
   1.0366753e+00   1.9700000e+02
   1.0369814e+00   1.9750000e+02
   1.0372878e+00   1.9800000e+02
   1.0375945e+00   1.9850000e+02
   1.0379015e+00   1.9900000e+02
   1.0382089e+00   1.9950000e+02
   1.0385166e+00   2.0000000e+02
   1.0388247e+00   2.0050000e+02
   1.0391331e+00   2.0100000e+02
   1.0394418e+00   2.0150000e+02
   1.0397508e+00   2.0200000e+02
   1.0400602e+00   2.0250000e+02
   1.0403700e+00   2.0300000e+02
   1.0406800e+00   2.0350000e+02
   1.0409905e+00   2.0400000e+02
   1.0413012e+00   2.0450000e+02
   1.0416123e+00   2.0500000e+02
   1.0419237e+00   2.0550000e+02
   1.0422355e+00   2.0600000e+02
   1.0425476e+00   2.0650000e+02
   1.0428600e+00   2.0700000e+02
   1.0431728e+00   2.0750000e+02
   1.0434860e+00   2.0800000e+02
   1.0437994e+00   2.0850000e+02
   1.0441133e+00   2.0900000e+02
   1.0444274e+00   2.0950000e+02
   1.0447419e+00   2.1000000e+02
   1.0450568e+00   2.1050000e+02
   1.0453720e+00   2.1100000e+02
   1.0456875e+00   2.1150000e+02
   1.0460034e+00   2.1200000e+02
   1.0463197e+00   2.1250000e+02
   1.0466363e+00   2.1300000e+02
   1.0469532e+00   2.1350000e+02
   1.0472705e+00   2.1400000e+02
   1.0475881e+00   2.1450000e+02
   1.0479061e+00   2.1500000e+02
   1.0482244e+00   2.1550000e+02
   1.0485431e+00   2.1600000e+02
   1.0488622e+00   2.1650000e+02
   1.0491816e+00   2.1700000e+02
   1.0495013e+00   2.1750000e+02
   1.0498214e+00   2.1800000e+02
   1.0501419e+00   2.1850000e+02
   1.0504627e+00   2.1900000e+02
   1.0507838e+00   2.1950000e+02
   1.0511053e+00   2.2000000e+02
   1.0514272e+00   2.2050000e+02
   1.0517494e+00   2.2100000e+02
   1.0520720e+00   2.2150000e+02
   1.0523949e+00   2.2200000e+02
   1.0527182e+00   2.2250000e+02
   1.0530419e+00   2.2300000e+02
   1.0533659e+00   2.2350000e+02
   1.0536903e+00   2.2400000e+02
   1.0540150e+00   2.2450000e+02
   1.0543401e+00   2.2500000e+02
   1.0546656e+00   2.2550000e+02
   1.0549914e+00   2.2600000e+02
   1.0553176e+00   2.2650000e+02
   1.0556441e+00   2.2700000e+02
   1.0559710e+00   2.2750000e+02
   1.0562983e+00   2.2800000e+02
   1.0566259e+00   2.2850000e+02
   1.0569539e+00   2.2900000e+02
   1.0572822e+00   2.2950000e+02
   1.0576110e+00   2.3000000e+02
   1.0579400e+00   2.3050000e+02
   1.0582695e+00   2.3100000e+02
   1.0585993e+00   2.3150000e+02
   1.0589295e+00   2.3200000e+02
   1.0592601e+00   2.3250000e+02
   1.0595910e+00   2.3300000e+02
   1.0599223e+00   2.3350000e+02
   1.0602539e+00   2.3400000e+02
   1.0605860e+00   2.3450000e+02
   1.0609184e+00   2.3500000e+02
   1.0612511e+00   2.3550000e+02
   1.0615843e+00   2.3600000e+02
   1.0619178e+00   2.3650000e+02
   1.0622517e+00   2.3700000e+02
   1.0625859e+00   2.3750000e+02
   1.0629206e+00   2.3800000e+02
   1.0632556e+00   2.3850000e+02
   1.0635910e+00   2.3900000e+02
   1.0639267e+00   2.3950000e+02
   1.0642628e+00   2.4000000e+02
   1.0645993e+00   2.4050000e+02
   1.0649362e+00   2.4100000e+02
   1.0652735e+00   2.4150000e+02
   1.0656111e+00   2.4200000e+02
   1.0659491e+00   2.4250000e+02
   1.0662875e+00   2.4300000e+02
   1.0666263e+00   2.4350000e+02
   1.0669654e+00   2.4400000e+02
   1.0673049e+00   2.4450000e+02
   1.0676448e+00   2.4500000e+02
   1.0679851e+00   2.4550000e+02
   1.0683258e+00   2.4600000e+02
   1.0686668e+00   2.4650000e+02
   1.0690083e+00   2.4700000e+02
   1.0693501e+00   2.4750000e+02
   1.0696923e+00   2.4800000e+02
   1.0700348e+00   2.4850000e+02
   1.0703778e+00   2.4900000e+02
   1.0707211e+00   2.4950000e+02
   1.0710649e+00   2.5000000e+02
   1.0714090e+00   2.5050000e+02
   1.0717535e+00   2.5100000e+02
   1.0720983e+00   2.5150000e+02
   1.0724436e+00   2.5200000e+02
   1.0727893e+00   2.5250000e+02
   1.0731353e+00   2.5300000e+02
   1.0734817e+00   2.5350000e+02
   1.0738285e+00   2.5400000e+02
   1.0741758e+00   2.5450000e+02
   1.0745233e+00   2.5500000e+02
   1.0748713e+00   2.5550000e+02
   1.0752197e+00   2.5600000e+02
   1.0755685e+00   2.5650000e+02
   1.0759176e+00   2.5700000e+02
   1.0762672e+00   2.5750000e+02
   1.0766171e+00   2.5800000e+02
   1.0769674e+00   2.5850000e+02
   1.0773181e+00   2.5900000e+02
   1.0776692e+00   2.5950000e+02
   1.0780207e+00   2.6000000e+02
   1.0783726e+00   2.6050000e+02
   1.0787249e+00   2.6100000e+02
   1.0790776e+00   2.6150000e+02
   1.0794307e+00   2.6200000e+02
   1.0797842e+00   2.6250000e+02
   1.0801380e+00   2.6300000e+02
   1.0804923e+00   2.6350000e+02
   1.0808470e+00   2.6400000e+02
   1.0812020e+00   2.6450000e+02
   1.0815575e+00   2.6500000e+02
   1.0819134e+00   2.6550000e+02
   1.0822696e+00   2.6600000e+02
   1.0826263e+00   2.6650000e+02
   1.0829833e+00   2.6700000e+02
   1.0833408e+00   2.6750000e+02
   1.0836986e+00   2.6800000e+02
   1.0840569e+00   2.6850000e+02
   1.0844155e+00   2.6900000e+02
   1.0847746e+00   2.6950000e+02
   1.0851340e+00   2.7000000e+02
   1.0854939e+00   2.7050000e+02
   1.0858542e+00   2.7100000e+02
   1.0862148e+00   2.7150000e+02
   1.0865759e+00   2.7200000e+02
   1.0869374e+00   2.7250000e+02
   1.0872992e+00   2.7300000e+02
   1.0876615e+00   2.7350000e+02
   1.0880242e+00   2.7400000e+02
   1.0883873e+00   2.7450000e+02
   1.0887508e+00   2.7500000e+02
   1.0891147e+00   2.7550000e+02
   1.0894790e+00   2.7600000e+02
   1.0898437e+00   2.7650000e+02
   1.0902088e+00   2.7700000e+02
   1.0905743e+00   2.7750000e+02
   1.0909403e+00   2.7800000e+02
   1.0913066e+00   2.7850000e+02
   1.0916734e+00   2.7900000e+02
   1.0920405e+00   2.7950000e+02
   1.0924081e+00   2.8000000e+02
   1.0927761e+00   2.8050000e+02
   1.0931445e+00   2.8100000e+02
   1.0935133e+00   2.8150000e+02
   1.0938825e+00   2.8200000e+02
   1.0942521e+00   2.8250000e+02
   1.0946221e+00   2.8300000e+02
   1.0949926e+00   2.8350000e+02
   1.0953634e+00   2.8400000e+02
   1.0957347e+00   2.8450000e+02
   1.0961064e+00   2.8500000e+02
   1.0964785e+00   2.8550000e+02
   1.0968510e+00   2.8600000e+02
   1.0972239e+00   2.8650000e+02
   1.0975973e+00   2.8700000e+02
   1.0979710e+00   2.8750000e+02
   1.0983452e+00   2.8800000e+02
   1.0987198e+00   2.8850000e+02
   1.0990948e+00   2.8900000e+02
   1.0994702e+00   2.8950000e+02
   1.0998460e+00   2.9000000e+02
   1.1002223e+00   2.9050000e+02
   1.1005990e+00   2.9100000e+02
   1.1009761e+00   2.9150000e+02
   1.1013536e+00   2.9200000e+02
   1.1017315e+00   2.9250000e+02
   1.1021098e+00   2.9300000e+02
   1.1024886e+00   2.9350000e+02
   1.1028678e+00   2.9400000e+02
   1.1032474e+00   2.9450000e+02
   1.1036274e+00   2.9500000e+02
   1.1040079e+00   2.9550000e+02
   1.1043887e+00   2.9600000e+02
   1.1047700e+00   2.9650000e+02
   1.1051517e+00   2.9700000e+02
   1.1055338e+00   2.9750000e+02
   1.1059164e+00   2.9800000e+02
   1.1062994e+00   2.9850000e+02
   1.1066828e+00   2.9900000e+02
   1.1070666e+00   2.9950000e+02
   1.1074508e+00   3.0000000e+02
   1.1078355e+00   3.0050000e+02
   1.1082206e+00   3.0100000e+02
   1.1086061e+00   3.0150000e+02
   1.1089920e+00   3.0200000e+02
   1.1093784e+00   3.0250000e+02
   1.1097652e+00   3.0300000e+02
   1.1101524e+00   3.0350000e+02
   1.1105401e+00   3.0400000e+02
   1.1109281e+00   3.0450000e+02
   1.1113166e+00   3.0500000e+02
   1.1117055e+00   3.0550000e+02
   1.1120949e+00   3.0600000e+02
   1.1124847e+00   3.0650000e+02
   1.1128749e+00   3.0700000e+02
   1.1132655e+00   3.0750000e+02
   1.1136566e+00   3.0800000e+02
   1.1140480e+00   3.0850000e+02
   1.1144400e+00   3.0900000e+02
   1.1148323e+00   3.0950000e+02
   1.1152251e+00   3.1000000e+02
   1.1156183e+00   3.1050000e+02
   1.1160119e+00   3.1100000e+02
   1.1164060e+00   3.1150000e+02
   1.1168005e+00   3.1200000e+02
   1.1171954e+00   3.1250000e+02
   1.1175908e+00   3.1300000e+02
   1.1179866e+00   3.1350000e+02
   1.1183828e+00   3.1400000e+02
   1.1187795e+00   3.1450000e+02
   1.1191765e+00   3.1500000e+02
   1.1195741e+00   3.1550000e+02
   1.1199720e+00   3.1600000e+02
   1.1203704e+00   3.1650000e+02
   1.1207692e+00   3.1700000e+02
   1.1211685e+00   3.1750000e+02
   1.1215682e+00   3.1800000e+02
   1.1219683e+00   3.1850000e+02
   1.1223688e+00   3.1900000e+02
   1.1227698e+00   3.1950000e+02
   1.1231712e+00   3.2000000e+02
   1.1235731e+00   3.2050000e+02
   1.1239754e+00   3.2100000e+02
   1.1243781e+00   3.2150000e+02
   1.1247813e+00   3.2200000e+02
   1.1251849e+00   3.2250000e+02
   1.1255889e+00   3.2300000e+02
   1.1259934e+00   3.2350000e+02
   1.1263983e+00   3.2400000e+02
   1.1268037e+00   3.2450000e+02
   1.1272094e+00   3.2500000e+02
   1.1276157e+00   3.2550000e+02
   1.1280223e+00   3.2600000e+02
   1.1284294e+00   3.2650000e+02
   1.1288370e+00   3.2700000e+02
   1.1292449e+00   3.2750000e+02
   1.1296534e+00   3.2800000e+02
   1.1300622e+00   3.2850000e+02
   1.1304715e+00   3.2900000e+02
   1.1308812e+00   3.2950000e+02
   1.1312914e+00   3.3000000e+02
   1.1317020e+00   3.3050000e+02
   1.1321131e+00   3.3100000e+02
   1.1325245e+00   3.3150000e+02
   1.1329365e+00   3.3200000e+02
   1.1333488e+00   3.3250000e+02
   1.1337617e+00   3.3300000e+02
   1.1341749e+00   3.3350000e+02
   1.1345886e+00   3.3400000e+02
   1.1350027e+00   3.3450000e+02
   1.1354173e+00   3.3500000e+02
   1.1358323e+00   3.3550000e+02
   1.1362478e+00   3.3600000e+02
   1.1366637e+00   3.3650000e+02
   1.1370800e+00   3.3700000e+02
   1.1374968e+00   3.3750000e+02
   1.1379140e+00   3.3800000e+02
   1.1383317e+00   3.3850000e+02
   1.1387498e+00   3.3900000e+02
   1.1391684e+00   3.3950000e+02
   1.1395874e+00   3.4000000e+02
   1.1400068e+00   3.4050000e+02
   1.1404267e+00   3.4100000e+02
   1.1408470e+00   3.4150000e+02
   1.1412678e+00   3.4200000e+02
   1.1416890e+00   3.4250000e+02
   1.1421107e+00   3.4300000e+02
   1.1425328e+00   3.4350000e+02
   1.1429553e+00   3.4400000e+02
   1.1433783e+00   3.4450000e+02
   1.1438018e+00   3.4500000e+02
   1.1442256e+00   3.4550000e+02
   1.1446500e+00   3.4600000e+02
   1.1450747e+00   3.4650000e+02
   1.1455000e+00   3.4700000e+02
   1.1459256e+00   3.4750000e+02
   1.1463517e+00   3.4800000e+02
   1.1467783e+00   3.4850000e+02
   1.1472053e+00   3.4900000e+02
   1.1476327e+00   3.4950000e+02
   1.1480606e+00   3.5000000e+02
   1.1484890e+00   3.5050000e+02
   1.1489178e+00   3.5100000e+02
   1.1493470e+00   3.5150000e+02
   1.1497767e+00   3.5200000e+02
   1.1502068e+00   3.5250000e+02
   1.1506374e+00   3.5300000e+02
   1.1510684e+00   3.5350000e+02
   1.1514999e+00   3.5400000e+02
   1.1519318e+00   3.5450000e+02
   1.1523641e+00   3.5500000e+02
   1.1527969e+00   3.5550000e+02
   1.1532302e+00   3.5600000e+02
   1.1536639e+00   3.5650000e+02
   1.1540981e+00   3.5700000e+02
   1.1545326e+00   3.5750000e+02
   1.1549677e+00   3.5800000e+02
   1.1554032e+00   3.5850000e+02
   1.1558391e+00   3.5900000e+02
   1.1562755e+00   3.5950000e+02
   1.1567124e+00   3.6000000e+02
   1.1571496e+00   3.6050000e+02
   1.1575874e+00   3.6100000e+02
   1.1580256e+00   3.6150000e+02
   1.1584642e+00   3.6200000e+02
   1.1589033e+00   3.6250000e+02
   1.1593428e+00   3.6300000e+02
   1.1597828e+00   3.6350000e+02
   1.1602232e+00   3.6400000e+02
   1.1606641e+00   3.6450000e+02
   1.1611054e+00   3.6500000e+02
   1.1615472e+00   3.6550000e+02
   1.1619894e+00   3.6600000e+02
   1.1624320e+00   3.6650000e+02
   1.1628752e+00   3.6700000e+02
   1.1633187e+00   3.6750000e+02
   1.1637627e+00   3.6800000e+02
   1.1642072e+00   3.6850000e+02
   1.1646521e+00   3.6900000e+02
   1.1650975e+00   3.6950000e+02
   1.1655433e+00   3.7000000e+02
   1.1659896e+00   3.7050000e+02
   1.1664363e+00   3.7100000e+02
   1.1668834e+00   3.7150000e+02
   1.1673310e+00   3.7200000e+02
   1.1677791e+00   3.7250000e+02
   1.1682276e+00   3.7300000e+02
   1.1686765e+00   3.7350000e+02
   1.1691260e+00   3.7400000e+02
   1.1695758e+00   3.7450000e+02
   1.1700261e+00   3.7500000e+02
   1.1704769e+00   3.7550000e+02
   1.1709281e+00   3.7600000e+02
   1.1713797e+00   3.7650000e+02
   1.1718318e+00   3.7700000e+02
   1.1722844e+00   3.7750000e+02
   1.1727374e+00   3.7800000e+02
   1.1731908e+00   3.7850000e+02
   1.1736447e+00   3.7900000e+02
   1.1740990e+00   3.7950000e+02
   1.1745538e+00   3.8000000e+02
   1.1750091e+00   3.8050000e+02
   1.1754648e+00   3.8100000e+02
   1.1759209e+00   3.8150000e+02
   1.1763775e+00   3.8200000e+02
   1.1768346e+00   3.8250000e+02
   1.1772920e+00   3.8300000e+02
   1.1777500e+00   3.8350000e+02
   1.1782084e+00   3.8400000e+02
   1.1786672e+00   3.8450000e+02
   1.1791265e+00   3.8500000e+02
   1.1795862e+00   3.8550000e+02
   1.1800464e+00   3.8600000e+02
   1.1805070e+00   3.8650000e+02
   1.1809681e+00   3.8700000e+02
   1.1814296e+00   3.8750000e+02
   1.1818916e+00   3.8800000e+02
   1.1823540e+00   3.8850000e+02
   1.1828169e+00   3.8900000e+02
   1.1832802e+00   3.8950000e+02
   1.1837440e+00   3.9000000e+02
   1.1842082e+00   3.9050000e+02
   1.1846729e+00   3.9100000e+02
   1.1851380e+00   3.9150000e+02
   1.1856035e+00   3.9200000e+02
   1.1860695e+00   3.9250000e+02
   1.1865360e+00   3.9300000e+02
   1.1870029e+00   3.9350000e+02
   1.1874702e+00   3.9400000e+02
   1.1879380e+00   3.9450000e+02
   1.1884063e+00   3.9500000e+02
   1.1888750e+00   3.9550000e+02
   1.1893441e+00   3.9600000e+02
   1.1898137e+00   3.9650000e+02
   1.1902837e+00   3.9700000e+02
   1.1907542e+00   3.9750000e+02
   1.1912251e+00   3.9800000e+02
   1.1916965e+00   3.9850000e+02
   1.1921683e+00   3.9900000e+02
   1.1926406e+00   3.9950000e+02
   1.1931133e+00   4.0000000e+02
   1.1935864e+00   4.0050000e+02
   1.1940600e+00   4.0100000e+02
   1.1945341e+00   4.0150000e+02
   1.1950086e+00   4.0200000e+02
   1.1954835e+00   4.0250000e+02
   1.1959589e+00   4.0300000e+02
   1.1964347e+00   4.0350000e+02
   1.1969110e+00   4.0400000e+02
   1.1973877e+00   4.0450000e+02
   1.1978648e+00   4.0500000e+02
   1.1983424e+00   4.0550000e+02
   1.1988205e+00   4.0600000e+02
   1.1992990e+00   4.0650000e+02
   1.1997779e+00   4.0700000e+02
   1.2002573e+00   4.0750000e+02
   1.2007371e+00   4.0800000e+02
   1.2012174e+00   4.0850000e+02
   1.2016981e+00   4.0900000e+02
   1.2021792e+00   4.0950000e+02
   1.2026608e+00   4.1000000e+02
   1.2031429e+00   4.1050000e+02
   1.2036253e+00   4.1100000e+02
   1.2041083e+00   4.1150000e+02
   1.2045916e+00   4.1200000e+02
   1.2050754e+00   4.1250000e+02
   1.2055597e+00   4.1300000e+02
   1.2060443e+00   4.1350000e+02
   1.2065295e+00   4.1400000e+02
   1.2070150e+00   4.1450000e+02
   1.2075010e+00   4.1500000e+02
   1.2079875e+00   4.1550000e+02
   1.2084744e+00   4.1600000e+02
   1.2089617e+00   4.1650000e+02
   1.2094495e+00   4.1700000e+02
   1.2099377e+00   4.1750000e+02
   1.2104263e+00   4.1800000e+02
   1.2109154e+00   4.1850000e+02
   1.2114049e+00   4.1900000e+02
   1.2118949e+00   4.1950000e+02
   1.2123853e+00   4.2000000e+02
   1.2128761e+00   4.2050000e+02
   1.2133674e+00   4.2100000e+02
   1.2138591e+00   4.2150000e+02
   1.2143512e+00   4.2200000e+02
   1.2148438e+00   4.2250000e+02
   1.2153368e+00   4.2300000e+02
   1.2158303e+00   4.2350000e+02
   1.2163242e+00   4.2400000e+02
   1.2168185e+00   4.2450000e+02
   1.2173133e+00   4.2500000e+02
   1.2178085e+00   4.2550000e+02
   1.2183041e+00   4.2600000e+02
   1.2188002e+00   4.2650000e+02
   1.2192967e+00   4.2700000e+02
   1.2197936e+00   4.2750000e+02
   1.2202910e+00   4.2800000e+02
   1.2207888e+00   4.2850000e+02
   1.2212870e+00   4.2900000e+02
   1.2217857e+00   4.2950000e+02
   1.2222848e+00   4.3000000e+02
   1.2227843e+00   4.3050000e+02
   1.2232843e+00   4.3100000e+02
   1.2237847e+00   4.3150000e+02
   1.2242855e+00   4.3200000e+02
   1.2247867e+00   4.3250000e+02
   1.2252884e+00   4.3300000e+02
   1.2257905e+00   4.3350000e+02
   1.2262931e+00   4.3400000e+02
   1.2267961e+00   4.3450000e+02
   1.2272995e+00   4.3500000e+02
   1.2278033e+00   4.3550000e+02
   1.2283075e+00   4.3600000e+02
   1.2288122e+00   4.3650000e+02
   1.2293173e+00   4.3700000e+02
   1.2298229e+00   4.3750000e+02
   1.2303288e+00   4.3800000e+02
   1.2308352e+00   4.3850000e+02
   1.2313421e+00   4.3900000e+02
   1.2318493e+00   4.3950000e+02
   1.2323570e+00   4.4000000e+02
   1.2328651e+00   4.4050000e+02
   1.2333736e+00   4.4100000e+02
   1.2338825e+00   4.4150000e+02
   1.2343919e+00   4.4200000e+02
   1.2349017e+00   4.4250000e+02
   1.2354119e+00   4.4300000e+02
   1.2359225e+00   4.4350000e+02
   1.2364336e+00   4.4400000e+02
   1.2369450e+00   4.4450000e+02
   1.2374569e+00   4.4500000e+02
   1.2379692e+00   4.4550000e+02
   1.2384820e+00   4.4600000e+02
   1.2389951e+00   4.4650000e+02
   1.2395087e+00   4.4700000e+02
   1.2400227e+00   4.4750000e+02
   1.2405371e+00   4.4800000e+02
   1.2410520e+00   4.4850000e+02
   1.2415672e+00   4.4900000e+02
   1.2420829e+00   4.4950000e+02
   1.2425989e+00   4.5000000e+02
   1.2431154e+00   4.5050000e+02
   1.2436324e+00   4.5100000e+02
   1.2441497e+00   4.5150000e+02
   1.2446674e+00   4.5200000e+02
   1.2451856e+00   4.5250000e+02
   1.2457042e+00   4.5300000e+02
   1.2462231e+00   4.5350000e+02
   1.2467425e+00   4.5400000e+02
   1.2472623e+00   4.5450000e+02
   1.2477826e+00   4.5500000e+02
   1.2483032e+00   4.5550000e+02
   1.2488242e+00   4.5600000e+02
   1.2493457e+00   4.5650000e+02
   1.2498675e+00   4.5700000e+02
   1.2503898e+00   4.5750000e+02
   1.2509125e+00   4.5800000e+02
   1.2514356e+00   4.5850000e+02
   1.2519591e+00   4.5900000e+02
   1.2524830e+00   4.5950000e+02
   1.2530073e+00   4.6000000e+02
   1.2535320e+00   4.6050000e+02
   1.2540571e+00   4.6100000e+02
   1.2545826e+00   4.6150000e+02
   1.2551086e+00   4.6200000e+02
   1.2556349e+00   4.6250000e+02
   1.2561616e+00   4.6300000e+02
   1.2566888e+00   4.6350000e+02
   1.2572163e+00   4.6400000e+02
   1.2577443e+00   4.6450000e+02
   1.2582726e+00   4.6500000e+02
   1.2588014e+00   4.6550000e+02
   1.2593305e+00   4.6600000e+02
   1.2598600e+00   4.6650000e+02
   1.2603900e+00   4.6700000e+02
   1.2609203e+00   4.6750000e+02
   1.2614511e+00   4.6800000e+02
   1.2619822e+00   4.6850000e+02
   1.2625137e+00   4.6900000e+02
   1.2630457e+00   4.6950000e+02
   1.2635780e+00   4.7000000e+02
   1.2641107e+00   4.7050000e+02
   1.2646438e+00   4.7100000e+02
   1.2651773e+00   4.7150000e+02
   1.2657112e+00   4.7200000e+02
   1.2662455e+00   4.7250000e+02
   1.2667802e+00   4.7300000e+02
   1.2673153e+00   4.7350000e+02
   1.2678507e+00   4.7400000e+02
   1.2683866e+00   4.7450000e+02
   1.2689228e+00   4.7500000e+02
   1.2694594e+00   4.7550000e+02
   1.2699964e+00   4.7600000e+02
   1.2705338e+00   4.7650000e+02
   1.2710716e+00   4.7700000e+02
   1.2716098e+00   4.7750000e+02
   1.2721484e+00   4.7800000e+02
   1.2726873e+00   4.7850000e+02
   1.2732266e+00   4.7900000e+02
   1.2737663e+00   4.7950000e+02
   1.2743064e+00   4.8000000e+02
   1.2748469e+00   4.8050000e+02
   1.2753878e+00   4.8100000e+02
   1.2759290e+00   4.8150000e+02
   1.2764706e+00   4.8200000e+02
   1.2770126e+00   4.8250000e+02
   1.2775550e+00   4.8300000e+02
   1.2780977e+00   4.8350000e+02
   1.2786409e+00   4.8400000e+02
   1.2791844e+00   4.8450000e+02
   1.2797282e+00   4.8500000e+02
   1.2802725e+00   4.8550000e+02
   1.2808171e+00   4.8600000e+02
   1.2813621e+00   4.8650000e+02
   1.2819075e+00   4.8700000e+02
   1.2824532e+00   4.8750000e+02
   1.2829993e+00   4.8800000e+02
   1.2835458e+00   4.8850000e+02
   1.2840927e+00   4.8900000e+02
   1.2846399e+00   4.8950000e+02
   1.2851875e+00   4.9000000e+02
   1.2857354e+00   4.9050000e+02
   1.2862837e+00   4.9100000e+02
   1.2868324e+00   4.9150000e+02
   1.2873815e+00   4.9200000e+02
   1.2879309e+00   4.9250000e+02
   1.2884807e+00   4.9300000e+02
   1.2890308e+00   4.9350000e+02
   1.2895813e+00   4.9400000e+02
   1.2901322e+00   4.9450000e+02
   1.2906834e+00   4.9500000e+02
   1.2912350e+00   4.9550000e+02
   1.2917869e+00   4.9600000e+02
   1.2923392e+00   4.9650000e+02
   1.2928919e+00   4.9700000e+02
   1.2934449e+00   4.9750000e+02
   1.2939982e+00   4.9800000e+02
   1.2945520e+00   4.9850000e+02
   1.2951060e+00   4.9900000e+02
   1.2956605e+00   4.9950000e+02
   1.2962152e+00   5.0000000e+02
   1.2967704e+00   5.0050000e+02
   1.2973259e+00   5.0100000e+02
   1.2978817e+00   5.0150000e+02
   1.2984379e+00   5.0200000e+02
   1.2989944e+00   5.0250000e+02
   1.2995512e+00   5.0300000e+02
   1.3001085e+00   5.0350000e+02
   1.3006660e+00   5.0400000e+02
   1.3012239e+00   5.0450000e+02
   1.3017822e+00   5.0500000e+02
   1.3023408e+00   5.0550000e+02
   1.3028997e+00   5.0600000e+02
   1.3034590e+00   5.0650000e+02
   1.3040186e+00   5.0700000e+02
   1.3045785e+00   5.0750000e+02
   1.3051388e+00   5.0800000e+02
   1.3056994e+00   5.0850000e+02
   1.3062604e+00   5.0900000e+02
   1.3068217e+00   5.0950000e+02
   1.3073833e+00   5.1000000e+02
   1.3079453e+00   5.1050000e+02
   1.3085076e+00   5.1100000e+02
   1.3090702e+00   5.1150000e+02
   1.3096332e+00   5.1200000e+02
   1.3101965e+00   5.1250000e+02
   1.3107601e+00   5.1300000e+02
   1.3113240e+00   5.1350000e+02
   1.3118883e+00   5.1400000e+02
   1.3124529e+00   5.1450000e+02
   1.3130178e+00   5.1500000e+02
   1.3135830e+00   5.1550000e+02
   1.3141486e+00   5.1600000e+02
   1.3147145e+00   5.1650000e+02
   1.3152807e+00   5.1700000e+02
   1.3158472e+00   5.1750000e+02
   1.3164141e+00   5.1800000e+02
   1.3169812e+00   5.1850000e+02
   1.3175487e+00   5.1900000e+02
   1.3181165e+00   5.1950000e+02
   1.3186846e+00   5.2000000e+02
   1.3192531e+00   5.2050000e+02
   1.3198218e+00   5.2100000e+02
   1.3203908e+00   5.2150000e+02
   1.3209602e+00   5.2200000e+02
   1.3215299e+00   5.2250000e+02
   1.3220998e+00   5.2300000e+02
   1.3226701e+00   5.2350000e+02
   1.3232407e+00   5.2400000e+02
   1.3238116e+00   5.2450000e+02
   1.3243828e+00   5.2500000e+02
   1.3249543e+00   5.2550000e+02
   1.3255261e+00   5.2600000e+02
   1.3260983e+00   5.2650000e+02
   1.3266707e+00   5.2700000e+02
   1.3272434e+00   5.2750000e+02
   1.3278164e+00   5.2800000e+02
   1.3283897e+00   5.2850000e+02
   1.3289633e+00   5.2900000e+02
   1.3295372e+00   5.2950000e+02
   1.3301114e+00   5.3000000e+02
   1.3306859e+00   5.3050000e+02
   1.3312606e+00   5.3100000e+02
   1.3318357e+00   5.3150000e+02
   1.3324111e+00   5.3200000e+02
   1.3329867e+00   5.3250000e+02
   1.3335626e+00   5.3300000e+02
   1.3341388e+00   5.3350000e+02
   1.3347153e+00   5.3400000e+02
   1.3352921e+00   5.3450000e+02
   1.3358692e+00   5.3500000e+02
   1.3364465e+00   5.3550000e+02
   1.3370242e+00   5.3600000e+02
   1.3376021e+00   5.3650000e+02
   1.3381803e+00   5.3700000e+02
   1.3387587e+00   5.3750000e+02
   1.3393375e+00   5.3800000e+02
   1.3399165e+00   5.3850000e+02
   1.3404958e+00   5.3900000e+02
   1.3410753e+00   5.3950000e+02
   1.3416552e+00   5.4000000e+02
   1.3422353e+00   5.4050000e+02
   1.3428156e+00   5.4100000e+02
   1.3433963e+00   5.4150000e+02
   1.3439772e+00   5.4200000e+02
   1.3445583e+00   5.4250000e+02
   1.3451398e+00   5.4300000e+02
   1.3457215e+00   5.4350000e+02
   1.3463034e+00   5.4400000e+02
   1.3468856e+00   5.4450000e+02
   1.3474681e+00   5.4500000e+02
   1.3480509e+00   5.4550000e+02
   1.3486338e+00   5.4600000e+02
   1.3492171e+00   5.4650000e+02
   1.3498006e+00   5.4700000e+02
   1.3503843e+00   5.4750000e+02
   1.3509684e+00   5.4800000e+02
   1.3515526e+00   5.4850000e+02
   1.3521371e+00   5.4900000e+02
   1.3527219e+00   5.4950000e+02
   1.3533069e+00   5.5000000e+02
   1.3538921e+00   5.5050000e+02
   1.3544776e+00   5.5100000e+02
   1.3550633e+00   5.5150000e+02
   1.3556493e+00   5.5200000e+02
   1.3562355e+00   5.5250000e+02
   1.3568220e+00   5.5300000e+02
   1.3574087e+00   5.5350000e+02
   1.3579956e+00   5.5400000e+02
   1.3585828e+00   5.5450000e+02
   1.3591702e+00   5.5500000e+02
   1.3597578e+00   5.5550000e+02
   1.3603456e+00   5.5600000e+02
   1.3609337e+00   5.5650000e+02
   1.3615221e+00   5.5700000e+02
   1.3621106e+00   5.5750000e+02
   1.3626994e+00   5.5800000e+02
   1.3632884e+00   5.5850000e+02
   1.3638776e+00   5.5900000e+02
   1.3644670e+00   5.5950000e+02
   1.3650567e+00   5.6000000e+02
   1.3656466e+00   5.6050000e+02
   1.3662367e+00   5.6100000e+02
   1.3668270e+00   5.6150000e+02
   1.3674175e+00   5.6200000e+02
   1.3680083e+00   5.6250000e+02
   1.3685992e+00   5.6300000e+02
   1.3691904e+00   5.6350000e+02
   1.3697818e+00   5.6400000e+02
   1.3703734e+00   5.6450000e+02
   1.3709652e+00   5.6500000e+02
   1.3715572e+00   5.6550000e+02
   1.3721494e+00   5.6600000e+02
   1.3727418e+00   5.6650000e+02
   1.3733344e+00   5.6700000e+02
   1.3739272e+00   5.6750000e+02
   1.3745202e+00   5.6800000e+02
   1.3751134e+00   5.6850000e+02
   1.3757068e+00   5.6900000e+02
   1.3763004e+00   5.6950000e+02
   1.3768942e+00   5.7000000e+02
   1.3774882e+00   5.7050000e+02
   1.3780823e+00   5.7100000e+02
   1.3786767e+00   5.7150000e+02
   1.3792712e+00   5.7200000e+02
   1.3798659e+00   5.7250000e+02
   1.3804609e+00   5.7300000e+02
   1.3810560e+00   5.7350000e+02
   1.3816512e+00   5.7400000e+02
   1.3822467e+00   5.7450000e+02
   1.3828423e+00   5.7500000e+02
   1.3834381e+00   5.7550000e+02
   1.3840341e+00   5.7600000e+02
   1.3846303e+00   5.7650000e+02
   1.3852266e+00   5.7700000e+02
   1.3858231e+00   5.7750000e+02
   1.3864198e+00   5.7800000e+02
   1.3870166e+00   5.7850000e+02
   1.3876136e+00   5.7900000e+02
   1.3882108e+00   5.7950000e+02
   1.3888081e+00   5.8000000e+02
   1.3894056e+00   5.8050000e+02
   1.3900033e+00   5.8100000e+02
   1.3906011e+00   5.8150000e+02
   1.3911991e+00   5.8200000e+02
   1.3917972e+00   5.8250000e+02
   1.3923955e+00   5.8300000e+02
   1.3929939e+00   5.8350000e+02
   1.3935925e+00   5.8400000e+02
   1.3941912e+00   5.8450000e+02
   1.3947901e+00   5.8500000e+02
   1.3953891e+00   5.8550000e+02
   1.3959883e+00   5.8600000e+02
   1.3965876e+00   5.8650000e+02
   1.3971870e+00   5.8700000e+02
   1.3977866e+00   5.8750000e+02
   1.3983864e+00   5.8800000e+02
   1.3989862e+00   5.8850000e+02
   1.3995862e+00   5.8900000e+02
   1.4001864e+00   5.8950000e+02
   1.4007867e+00   5.9000000e+02
   1.4013871e+00   5.9050000e+02
   1.4019876e+00   5.9100000e+02
   1.4025882e+00   5.9150000e+02
   1.4031890e+00   5.9200000e+02
   1.4037899e+00   5.9250000e+02
   1.4043909e+00   5.9300000e+02
   1.4049921e+00   5.9350000e+02
   1.4055934e+00   5.9400000e+02
   1.4061947e+00   5.9450000e+02
   1.4067962e+00   5.9500000e+02
   1.4073979e+00   5.9550000e+02
   1.4079996e+00   5.9600000e+02
   1.4086014e+00   5.9650000e+02
   1.4092034e+00   5.9700000e+02
   1.4098054e+00   5.9750000e+02
   1.4104076e+00   5.9800000e+02
   1.4110098e+00   5.9850000e+02
   1.4116122e+00   5.9900000e+02
   1.4122146e+00   5.9950000e+02
   1.4128172e+00   6.0000000e+02
   1.4134199e+00   6.0050000e+02
   1.4140226e+00   6.0100000e+02
   1.4146255e+00   6.0150000e+02
   1.4152284e+00   6.0200000e+02
   1.4158314e+00   6.0250000e+02
   1.4164345e+00   6.0300000e+02
   1.4170378e+00   6.0350000e+02
   1.4176410e+00   6.0400000e+02
   1.4182444e+00   6.0450000e+02
   1.4188479e+00   6.0500000e+02
   1.4194514e+00   6.0550000e+02
   1.4200550e+00   6.0600000e+02
   1.4206587e+00   6.0650000e+02
   1.4212625e+00   6.0700000e+02
   1.4218663e+00   6.0750000e+02
   1.4224702e+00   6.0800000e+02
   1.4230742e+00   6.0850000e+02
   1.4236782e+00   6.0900000e+02
   1.4242823e+00   6.0950000e+02
   1.4248865e+00   6.1000000e+02
   1.4254908e+00   6.1050000e+02
   1.4260950e+00   6.1100000e+02
   1.4266994e+00   6.1150000e+02
   1.4273038e+00   6.1200000e+02
   1.4279083e+00   6.1250000e+02
   1.4285128e+00   6.1300000e+02
   1.4291174e+00   6.1350000e+02
   1.4297220e+00   6.1400000e+02
   1.4303267e+00   6.1450000e+02
   1.4309314e+00   6.1500000e+02
   1.4315361e+00   6.1550000e+02
   1.4321409e+00   6.1600000e+02
   1.4327458e+00   6.1650000e+02
   1.4333507e+00   6.1700000e+02
   1.4339556e+00   6.1750000e+02
   1.4345605e+00   6.1800000e+02
   1.4351655e+00   6.1850000e+02
   1.4357705e+00   6.1900000e+02
   1.4363756e+00   6.1950000e+02
   1.4369806e+00   6.2000000e+02
   1.4375857e+00   6.2050000e+02
   1.4381909e+00   6.2100000e+02
   1.4387960e+00   6.2150000e+02
   1.4394012e+00   6.2200000e+02
   1.4400064e+00   6.2250000e+02
   1.4406116e+00   6.2300000e+02
   1.4412168e+00   6.2350000e+02
   1.4418220e+00   6.2400000e+02
   1.4424272e+00   6.2450000e+02
   1.4430325e+00   6.2500000e+02
   1.4436377e+00   6.2550000e+02
   1.4442430e+00   6.2600000e+02
   1.4448483e+00   6.2650000e+02
   1.4454535e+00   6.2700000e+02
   1.4460588e+00   6.2750000e+02
   1.4466640e+00   6.2800000e+02
   1.4472693e+00   6.2850000e+02
   1.4478745e+00   6.2900000e+02
   1.4484798e+00   6.2950000e+02
   1.4490850e+00   6.3000000e+02
   1.4496902e+00   6.3050000e+02
   1.4502954e+00   6.3100000e+02
   1.4509006e+00   6.3150000e+02
   1.4515058e+00   6.3200000e+02
   1.4521109e+00   6.3250000e+02
   1.4527160e+00   6.3300000e+02
   1.4533211e+00   6.3350000e+02
   1.4539262e+00   6.3400000e+02
   1.4545312e+00   6.3450000e+02
   1.4551362e+00   6.3500000e+02
   1.4557412e+00   6.3550000e+02
   1.4563462e+00   6.3600000e+02
   1.4569511e+00   6.3650000e+02
   1.4575560e+00   6.3700000e+02
   1.4581608e+00   6.3750000e+02
   1.4587656e+00   6.3800000e+02
   1.4593703e+00   6.3850000e+02
   1.4599750e+00   6.3900000e+02
   1.4605797e+00   6.3950000e+02
   1.4611843e+00   6.4000000e+02
   1.4617888e+00   6.4050000e+02
   1.4623933e+00   6.4100000e+02
   1.4629978e+00   6.4150000e+02
   1.4636021e+00   6.4200000e+02
   1.4642065e+00   6.4250000e+02
   1.4648107e+00   6.4300000e+02
   1.4654149e+00   6.4350000e+02
   1.4660190e+00   6.4400000e+02
   1.4666231e+00   6.4450000e+02
   1.4672271e+00   6.4500000e+02
   1.4678310e+00   6.4550000e+02
   1.4684348e+00   6.4600000e+02
   1.4690386e+00   6.4650000e+02
   1.4696423e+00   6.4700000e+02
   1.4702459e+00   6.4750000e+02
   1.4708494e+00   6.4800000e+02
   1.4714528e+00   6.4850000e+02
   1.4720562e+00   6.4900000e+02
   1.4726594e+00   6.4950000e+02
   1.4732626e+00   6.5000000e+02
   1.4738657e+00   6.5050000e+02
   1.4744686e+00   6.5100000e+02
   1.4750715e+00   6.5150000e+02
   1.4756743e+00   6.5200000e+02
   1.4762770e+00   6.5250000e+02
   1.4768796e+00   6.5300000e+02
   1.4774820e+00   6.5350000e+02
   1.4780844e+00   6.5400000e+02
   1.4786866e+00   6.5450000e+02
   1.4792888e+00   6.5500000e+02
   1.4798908e+00   6.5550000e+02
   1.4804927e+00   6.5600000e+02
   1.4810945e+00   6.5650000e+02
   1.4816961e+00   6.5700000e+02
   1.4822977e+00   6.5750000e+02
   1.4828991e+00   6.5800000e+02
   1.4835004e+00   6.5850000e+02
   1.4841015e+00   6.5900000e+02
   1.4847025e+00   6.5950000e+02
   1.4853034e+00   6.6000000e+02
   1.4859042e+00   6.6050000e+02
   1.4865048e+00   6.6100000e+02
   1.4871053e+00   6.6150000e+02
   1.4877056e+00   6.6200000e+02
   1.4883058e+00   6.6250000e+02
   1.4889058e+00   6.6300000e+02
   1.4895057e+00   6.6350000e+02
   1.4901054e+00   6.6400000e+02
   1.4907050e+00   6.6450000e+02
   1.4913044e+00   6.6500000e+02
   1.4919037e+00   6.6550000e+02
   1.4925028e+00   6.6600000e+02
   1.4931018e+00   6.6650000e+02
   1.4937005e+00   6.6700000e+02
   1.4942992e+00   6.6750000e+02
   1.4948976e+00   6.6800000e+02
   1.4954959e+00   6.6850000e+02
   1.4960940e+00   6.6900000e+02
   1.4966919e+00   6.6950000e+02
   1.4972896e+00   6.7000000e+02
   1.4978872e+00   6.7050000e+02
   1.4984846e+00   6.7100000e+02
   1.4990818e+00   6.7150000e+02
   1.4996788e+00   6.7200000e+02
   1.5002756e+00   6.7250000e+02
   1.5008722e+00   6.7300000e+02
   1.5014686e+00   6.7350000e+02
   1.5020649e+00   6.7400000e+02
   1.5026609e+00   6.7450000e+02
   1.5032567e+00   6.7500000e+02
   1.5038524e+00   6.7550000e+02
   1.5044478e+00   6.7600000e+02
   1.5050430e+00   6.7650000e+02
   1.5056380e+00   6.7700000e+02
   1.5062328e+00   6.7750000e+02
   1.5068274e+00   6.7800000e+02
   1.5074217e+00   6.7850000e+02
   1.5080159e+00   6.7900000e+02
   1.5086098e+00   6.7950000e+02
   1.5092035e+00   6.8000000e+02
   1.5097970e+00   6.8050000e+02
   1.5103902e+00   6.8100000e+02
   1.5109832e+00   6.8150000e+02
   1.5115760e+00   6.8200000e+02
   1.5121685e+00   6.8250000e+02
   1.5127608e+00   6.8300000e+02
   1.5133529e+00   6.8350000e+02
   1.5139447e+00   6.8400000e+02
   1.5145363e+00   6.8450000e+02
   1.5151276e+00   6.8500000e+02
   1.5157187e+00   6.8550000e+02
   1.5163095e+00   6.8600000e+02
   1.5169001e+00   6.8650000e+02
   1.5174904e+00   6.8700000e+02
   1.5180805e+00   6.8750000e+02
   1.5186703e+00   6.8800000e+02
   1.5192598e+00   6.8850000e+02
   1.5198491e+00   6.8900000e+02
   1.5204381e+00   6.8950000e+02
   1.5210268e+00   6.9000000e+02
   1.5216153e+00   6.9050000e+02
   1.5222034e+00   6.9100000e+02
   1.5227913e+00   6.9150000e+02
   1.5233790e+00   6.9200000e+02
   1.5239663e+00   6.9250000e+02
   1.5245533e+00   6.9300000e+02
   1.5251401e+00   6.9350000e+02
   1.5257266e+00   6.9400000e+02
   1.5263128e+00   6.9450000e+02
   1.5268987e+00   6.9500000e+02
   1.5274842e+00   6.9550000e+02
   1.5280695e+00   6.9600000e+02
   1.5286545e+00   6.9650000e+02
   1.5292392e+00   6.9700000e+02
   1.5298236e+00   6.9750000e+02
   1.5304077e+00   6.9800000e+02
   1.5309914e+00   6.9850000e+02
   1.5315749e+00   6.9900000e+02
   1.5321580e+00   6.9950000e+02
   1.5327408e+00   7.0000000e+02
   1.5333233e+00   7.0050000e+02
   1.5339054e+00   7.0100000e+02
   1.5344873e+00   7.0150000e+02
   1.5350688e+00   7.0200000e+02
   1.5356500e+00   7.0250000e+02
   1.5362308e+00   7.0300000e+02
   1.5368113e+00   7.0350000e+02
   1.5373915e+00   7.0400000e+02
   1.5379713e+00   7.0450000e+02
   1.5385508e+00   7.0500000e+02
   1.5391299e+00   7.0550000e+02
   1.5397087e+00   7.0600000e+02
   1.5402872e+00   7.0650000e+02
   1.5408653e+00   7.0700000e+02
   1.5414430e+00   7.0750000e+02
   1.5420204e+00   7.0800000e+02
   1.5425974e+00   7.0850000e+02
   1.5431740e+00   7.0900000e+02
   1.5437503e+00   7.0950000e+02
   1.5443262e+00   7.1000000e+02
   1.5449018e+00   7.1050000e+02
   1.5454770e+00   7.1100000e+02
   1.5460518e+00   7.1150000e+02
   1.5466262e+00   7.1200000e+02
   1.5472002e+00   7.1250000e+02
   1.5477739e+00   7.1300000e+02
   1.5483471e+00   7.1350000e+02
   1.5489200e+00   7.1400000e+02
   1.5494925e+00   7.1450000e+02
   1.5500646e+00   7.1500000e+02
   1.5506363e+00   7.1550000e+02
   1.5512076e+00   7.1600000e+02
   1.5517785e+00   7.1650000e+02
   1.5523491e+00   7.1700000e+02
   1.5529191e+00   7.1750000e+02
   1.5534888e+00   7.1800000e+02
   1.5540581e+00   7.1850000e+02
   1.5546270e+00   7.1900000e+02
   1.5551954e+00   7.1950000e+02
   1.5557635e+00   7.2000000e+02
   1.5563311e+00   7.2050000e+02
   1.5568983e+00   7.2100000e+02
   1.5574650e+00   7.2150000e+02
   1.5580314e+00   7.2200000e+02
   1.5585973e+00   7.2250000e+02
   1.5591628e+00   7.2300000e+02
   1.5597278e+00   7.2350000e+02
   1.5602924e+00   7.2400000e+02
   1.5608566e+00   7.2450000e+02
   1.5614203e+00   7.2500000e+02
   1.5619835e+00   7.2550000e+02
   1.5625464e+00   7.2600000e+02
   1.5631087e+00   7.2650000e+02
   1.5636706e+00   7.2700000e+02
   1.5642321e+00   7.2750000e+02
   1.5647931e+00   7.2800000e+02
   1.5653536e+00   7.2850000e+02
   1.5659137e+00   7.2900000e+02
   1.5664733e+00   7.2950000e+02
   1.5670325e+00   7.3000000e+02
   1.5675911e+00   7.3050000e+02
   1.5681493e+00   7.3100000e+02
   1.5687070e+00   7.3150000e+02
   1.5692643e+00   7.3200000e+02
   1.5698210e+00   7.3250000e+02
   1.5703773e+00   7.3300000e+02
   1.5709331e+00   7.3350000e+02
   1.5714884e+00   7.3400000e+02
   1.5720432e+00   7.3450000e+02
   1.5725975e+00   7.3500000e+02
   1.5731513e+00   7.3550000e+02
   1.5737046e+00   7.3600000e+02
   1.5742574e+00   7.3650000e+02
   1.5748097e+00   7.3700000e+02
   1.5753615e+00   7.3750000e+02
   1.5759128e+00   7.3800000e+02
   1.5764636e+00   7.3850000e+02
   1.5770138e+00   7.3900000e+02
   1.5775636e+00   7.3950000e+02
   1.5781128e+00   7.4000000e+02
   1.5786615e+00   7.4050000e+02
   1.5792097e+00   7.4100000e+02
   1.5797573e+00   7.4150000e+02
   1.5803044e+00   7.4200000e+02
   1.5808510e+00   7.4250000e+02
   1.5813970e+00   7.4300000e+02
   1.5819425e+00   7.4350000e+02
   1.5824875e+00   7.4400000e+02
   1.5830319e+00   7.4450000e+02
   1.5835758e+00   7.4500000e+02
   1.5841191e+00   7.4550000e+02
   1.5846619e+00   7.4600000e+02
   1.5852041e+00   7.4650000e+02
   1.5857457e+00   7.4700000e+02
   1.5862868e+00   7.4750000e+02
   1.5868274e+00   7.4800000e+02
   1.5873673e+00   7.4850000e+02
   1.5879067e+00   7.4900000e+02
   1.5884455e+00   7.4950000e+02
   1.5889838e+00   7.5000000e+02
   1.5895215e+00   7.5050000e+02
   1.5900586e+00   7.5100000e+02
   1.5905951e+00   7.5150000e+02
   1.5911310e+00   7.5200000e+02
   1.5916664e+00   7.5250000e+02
   1.5922012e+00   7.5300000e+02
   1.5927353e+00   7.5350000e+02
   1.5932689e+00   7.5400000e+02
   1.5938019e+00   7.5450000e+02
   1.5943343e+00   7.5500000e+02
   1.5948661e+00   7.5550000e+02
   1.5953972e+00   7.5600000e+02
   1.5959278e+00   7.5650000e+02
   1.5964578e+00   7.5700000e+02
   1.5969871e+00   7.5750000e+02
   1.5975158e+00   7.5800000e+02
   1.5980439e+00   7.5850000e+02
   1.5985714e+00   7.5900000e+02
   1.5990983e+00   7.5950000e+02
   1.5996245e+00   7.6000000e+02
   1.6001502e+00   7.6050000e+02
   1.6006751e+00   7.6100000e+02
   1.6011995e+00   7.6150000e+02
   1.6017232e+00   7.6200000e+02
   1.6022463e+00   7.6250000e+02
   1.6027687e+00   7.6300000e+02
   1.6032905e+00   7.6350000e+02
   1.6038116e+00   7.6400000e+02
   1.6043321e+00   7.6450000e+02
   1.6048520e+00   7.6500000e+02
   1.6053712e+00   7.6550000e+02
   1.6058897e+00   7.6600000e+02
   1.6064075e+00   7.6650000e+02
   1.6069247e+00   7.6700000e+02
   1.6074413e+00   7.6750000e+02
   1.6079572e+00   7.6800000e+02
   1.6084723e+00   7.6850000e+02
   1.6089869e+00   7.6900000e+02
   1.6095007e+00   7.6950000e+02
   1.6100139e+00   7.7000000e+02
   1.6105264e+00   7.7050000e+02
   1.6110382e+00   7.7100000e+02
   1.6115493e+00   7.7150000e+02
   1.6120597e+00   7.7200000e+02
   1.6125695e+00   7.7250000e+02
   1.6130785e+00   7.7300000e+02
   1.6135868e+00   7.7350000e+02
   1.6140945e+00   7.7400000e+02
   1.6146014e+00   7.7450000e+02
   1.6151077e+00   7.7500000e+02
   1.6156132e+00   7.7550000e+02
   1.6161180e+00   7.7600000e+02
   1.6166221e+00   7.7650000e+02
   1.6171255e+00   7.7700000e+02
   1.6176281e+00   7.7750000e+02
   1.6181301e+00   7.7800000e+02
   1.6186313e+00   7.7850000e+02
   1.6191318e+00   7.7900000e+02
   1.6196316e+00   7.7950000e+02
   1.6201306e+00   7.8000000e+02
   1.6206289e+00   7.8050000e+02
   1.6211264e+00   7.8100000e+02
   1.6216233e+00   7.8150000e+02
   1.6221193e+00   7.8200000e+02
   1.6226147e+00   7.8250000e+02
   1.6231093e+00   7.8300000e+02
   1.6236031e+00   7.8350000e+02
   1.6240962e+00   7.8400000e+02
   1.6245885e+00   7.8450000e+02
   1.6250800e+00   7.8500000e+02
   1.6255708e+00   7.8550000e+02
   1.6260609e+00   7.8600000e+02
   1.6265501e+00   7.8650000e+02
   1.6270386e+00   7.8700000e+02
   1.6275264e+00   7.8750000e+02
   1.6280133e+00   7.8800000e+02
   1.6284995e+00   7.8850000e+02
   1.6289849e+00   7.8900000e+02
   1.6294695e+00   7.8950000e+02
   1.6299533e+00   7.9000000e+02
   1.6304364e+00   7.9050000e+02
   1.6309186e+00   7.9100000e+02
   1.6314001e+00   7.9150000e+02
   1.6318807e+00   7.9200000e+02
   1.6323606e+00   7.9250000e+02
   1.6328396e+00   7.9300000e+02
   1.6333179e+00   7.9350000e+02
   1.6337953e+00   7.9400000e+02
   1.6342720e+00   7.9450000e+02
   1.6347478e+00   7.9500000e+02
   1.6352228e+00   7.9550000e+02
   1.6356970e+00   7.9600000e+02
   1.6361703e+00   7.9650000e+02
   1.6366429e+00   7.9700000e+02
   1.6371146e+00   7.9750000e+02
   1.6375855e+00   7.9800000e+02
   1.6380556e+00   7.9850000e+02
   1.6385248e+00   7.9900000e+02
   1.6389932e+00   7.9950000e+02
   1.6394607e+00   8.0000000e+02
