   1.3473324e+00   1.5551912e+00  -1.6700000e+02
   1.3473285e+00   1.5548199e+00  -1.6650000e+02
   1.3473246e+00   1.5544488e+00  -1.6600000e+02
   1.3473209e+00   1.5540781e+00  -1.6550000e+02
   1.3473172e+00   1.5537076e+00  -1.6500000e+02
   1.3473135e+00   1.5533373e+00  -1.6450000e+02
   1.3473100e+00   1.5529673e+00  -1.6400000e+02
   1.3473065e+00   1.5525976e+00  -1.6350000e+02
   1.3473031e+00   1.5522282e+00  -1.6300000e+02
   1.3472998e+00   1.5518590e+00  -1.6250000e+02
   1.3472965e+00   1.5514900e+00  -1.6200000e+02
   1.3472933e+00   1.5511213e+00  -1.6150000e+02
   1.3472902e+00   1.5507529e+00  -1.6100000e+02
   1.3472872e+00   1.5503848e+00  -1.6050000e+02
   1.3472842e+00   1.5500169e+00  -1.6000000e+02
   1.3472813e+00   1.5496492e+00  -1.5950000e+02
   1.3472785e+00   1.5492819e+00  -1.5900000e+02
   1.3472758e+00   1.5489147e+00  -1.5850000e+02
   1.3472732e+00   1.5485479e+00  -1.5800000e+02
   1.3472706e+00   1.5481813e+00  -1.5750000e+02
   1.3472681e+00   1.5478149e+00  -1.5700000e+02
   1.3472657e+00   1.5474488e+00  -1.5650000e+02
   1.3472633e+00   1.5470830e+00  -1.5600000e+02
   1.3472611e+00   1.5467174e+00  -1.5550000e+02
   1.3472589e+00   1.5463521e+00  -1.5500000e+02
   1.3472567e+00   1.5459870e+00  -1.5450000e+02
   1.3472547e+00   1.5456222e+00  -1.5400000e+02
   1.3472527e+00   1.5452576e+00  -1.5350000e+02
   1.3472509e+00   1.5448933e+00  -1.5300000e+02
   1.3472491e+00   1.5445293e+00  -1.5250000e+02
   1.3472473e+00   1.5441655e+00  -1.5200000e+02
   1.3472457e+00   1.5438019e+00  -1.5150000e+02
   1.3472441e+00   1.5434387e+00  -1.5100000e+02
   1.3472426e+00   1.5430756e+00  -1.5050000e+02
   1.3472412e+00   1.5427128e+00  -1.5000000e+02
   1.3472399e+00   1.5423503e+00  -1.4950000e+02
   1.3472386e+00   1.5419880e+00  -1.4900000e+02
   1.3472374e+00   1.5416260e+00  -1.4850000e+02
   1.3472363e+00   1.5412642e+00  -1.4800000e+02
   1.3472353e+00   1.5409027e+00  -1.4750000e+02
   1.3472343e+00   1.5405414e+00  -1.4700000e+02
   1.3472335e+00   1.5401803e+00  -1.4650000e+02
   1.3472327e+00   1.5398196e+00  -1.4600000e+02
   1.3472320e+00   1.5394590e+00  -1.4550000e+02
   1.3472313e+00   1.5390987e+00  -1.4500000e+02
   1.3472308e+00   1.5387387e+00  -1.4450000e+02
   1.3472303e+00   1.5383789e+00  -1.4400000e+02
   1.3472299e+00   1.5380194e+00  -1.4350000e+02
   1.3472296e+00   1.5376601e+00  -1.4300000e+02
   1.3472294e+00   1.5373010e+00  -1.4250000e+02
   1.3472293e+00   1.5369422e+00  -1.4200000e+02
   1.3472292e+00   1.5365837e+00  -1.4150000e+02
   1.3472292e+00   1.5362254e+00  -1.4100000e+02
   1.3472293e+00   1.5358673e+00  -1.4050000e+02
   1.3472295e+00   1.5355095e+00  -1.4000000e+02
   1.3472297e+00   1.5351519e+00  -1.3950000e+02
   1.3472301e+00   1.5347946e+00  -1.3900000e+02
   1.3472305e+00   1.5344375e+00  -1.3850000e+02
   1.3472310e+00   1.5340807e+00  -1.3800000e+02
   1.3472316e+00   1.5337241e+00  -1.3750000e+02
   1.3472323e+00   1.5333677e+00  -1.3700000e+02
   1.3472330e+00   1.5330116e+00  -1.3650000e+02
   1.3472339e+00   1.5326558e+00  -1.3600000e+02
   1.3472348e+00   1.5323001e+00  -1.3550000e+02
   1.3472358e+00   1.5319448e+00  -1.3500000e+02
   1.3472369e+00   1.5315896e+00  -1.3450000e+02
   1.3472380e+00   1.5312347e+00  -1.3400000e+02
   1.3472393e+00   1.5308801e+00  -1.3350000e+02
   1.3472406e+00   1.5305256e+00  -1.3300000e+02
   1.3472420e+00   1.5301715e+00  -1.3250000e+02
   1.3472435e+00   1.5298175e+00  -1.3200000e+02
   1.3472451e+00   1.5294638e+00  -1.3150000e+02
   1.3472468e+00   1.5291104e+00  -1.3100000e+02
   1.3472486e+00   1.5287571e+00  -1.3050000e+02
   1.3472504e+00   1.5284042e+00  -1.3000000e+02
   1.3472523e+00   1.5280514e+00  -1.2950000e+02
   1.3472544e+00   1.5276989e+00  -1.2900000e+02
   1.3472565e+00   1.5273466e+00  -1.2850000e+02
   1.3472587e+00   1.5269946e+00  -1.2800000e+02
   1.3472609e+00   1.5266428e+00  -1.2750000e+02
   1.3472633e+00   1.5262913e+00  -1.2700000e+02
   1.3472657e+00   1.5259400e+00  -1.2650000e+02
   1.3472683e+00   1.5255889e+00  -1.2600000e+02
   1.3472709e+00   1.5252380e+00  -1.2550000e+02
   1.3472736e+00   1.5248874e+00  -1.2500000e+02
   1.3472764e+00   1.5245370e+00  -1.2450000e+02
   1.3472793e+00   1.5241869e+00  -1.2400000e+02
   1.3472823e+00   1.5238370e+00  -1.2350000e+02
   1.3472853e+00   1.5234873e+00  -1.2300000e+02
   1.3472885e+00   1.5231379e+00  -1.2250000e+02
   1.3472917e+00   1.5227887e+00  -1.2200000e+02
   1.3472951e+00   1.5224397e+00  -1.2150000e+02
   1.3472985e+00   1.5220910e+00  -1.2100000e+02
   1.3473020e+00   1.5217424e+00  -1.2050000e+02
   1.3473056e+00   1.5213942e+00  -1.2000000e+02
   1.3473093e+00   1.5210461e+00  -1.1950000e+02
   1.3473131e+00   1.5206983e+00  -1.1900000e+02
   1.3473169e+00   1.5203507e+00  -1.1850000e+02
   1.3473209e+00   1.5200034e+00  -1.1800000e+02
   1.3473249e+00   1.5196563e+00  -1.1750000e+02
   1.3473291e+00   1.5193094e+00  -1.1700000e+02
   1.3473333e+00   1.5189627e+00  -1.1650000e+02
   1.3473377e+00   1.5186163e+00  -1.1600000e+02
   1.3473421e+00   1.5182701e+00  -1.1550000e+02
   1.3473466e+00   1.5179241e+00  -1.1500000e+02
   1.3473512e+00   1.5175784e+00  -1.1450000e+02
   1.3473559e+00   1.5172329e+00  -1.1400000e+02
   1.3473607e+00   1.5168876e+00  -1.1350000e+02
   1.3473656e+00   1.5165425e+00  -1.1300000e+02
   1.3473706e+00   1.5161977e+00  -1.1250000e+02
   1.3473757e+00   1.5158531e+00  -1.1200000e+02
   1.3473808e+00   1.5155087e+00  -1.1150000e+02
   1.3473861e+00   1.5151646e+00  -1.1100000e+02
   1.3473915e+00   1.5148207e+00  -1.1050000e+02
   1.3473969e+00   1.5144770e+00  -1.1000000e+02
   1.3474025e+00   1.5141335e+00  -1.0950000e+02
   1.3474081e+00   1.5137903e+00  -1.0900000e+02
   1.3474139e+00   1.5134473e+00  -1.0850000e+02
   1.3474197e+00   1.5131045e+00  -1.0800000e+02
   1.3474256e+00   1.5127619e+00  -1.0750000e+02
   1.3474317e+00   1.5124196e+00  -1.0700000e+02
   1.3474378e+00   1.5120775e+00  -1.0650000e+02
   1.3474440e+00   1.5117356e+00  -1.0600000e+02
   1.3474504e+00   1.5113939e+00  -1.0550000e+02
   1.3474568e+00   1.5110524e+00  -1.0500000e+02
   1.3474633e+00   1.5107112e+00  -1.0450000e+02
   1.3474700e+00   1.5103702e+00  -1.0400000e+02
   1.3474767e+00   1.5100294e+00  -1.0350000e+02
   1.3474835e+00   1.5096889e+00  -1.0300000e+02
   1.3474904e+00   1.5093486e+00  -1.0250000e+02
   1.3474974e+00   1.5090084e+00  -1.0200000e+02
   1.3475046e+00   1.5086686e+00  -1.0150000e+02
   1.3475118e+00   1.5083289e+00  -1.0100000e+02
   1.3475191e+00   1.5079894e+00  -1.0050000e+02
   1.3475266e+00   1.5076502e+00  -1.0000000e+02
   1.3475341e+00   1.5073112e+00  -9.9500000e+01
   1.3475417e+00   1.5069724e+00  -9.9000000e+01
   1.3475495e+00   1.5066338e+00  -9.8500000e+01
   1.3475573e+00   1.5062955e+00  -9.8000000e+01
   1.3475652e+00   1.5059574e+00  -9.7500000e+01
   1.3475733e+00   1.5056195e+00  -9.7000000e+01
   1.3475814e+00   1.5052818e+00  -9.6500000e+01
   1.3475897e+00   1.5049443e+00  -9.6000000e+01
   1.3475980e+00   1.5046070e+00  -9.5500000e+01
   1.3476065e+00   1.5042700e+00  -9.5000000e+01
   1.3476151e+00   1.5039332e+00  -9.4500000e+01
   1.3476238e+00   1.5035966e+00  -9.4000000e+01
   1.3476325e+00   1.5032602e+00  -9.3500000e+01
   1.3476414e+00   1.5029240e+00  -9.3000000e+01
   1.3476504e+00   1.5025881e+00  -9.2500000e+01
   1.3476595e+00   1.5022523e+00  -9.2000000e+01
   1.3476687e+00   1.5019168e+00  -9.1500000e+01
   1.3476780e+00   1.5015815e+00  -9.1000000e+01
   1.3476875e+00   1.5012464e+00  -9.0500000e+01
   1.3476970e+00   1.5009115e+00  -9.0000000e+01
   1.3477066e+00   1.5005769e+00  -8.9500000e+01
   1.3477164e+00   1.5002424e+00  -8.9000000e+01
   1.3477262e+00   1.4999082e+00  -8.8500000e+01
   1.3477362e+00   1.4995742e+00  -8.8000000e+01
   1.3477463e+00   1.4992404e+00  -8.7500000e+01
   1.3477565e+00   1.4989068e+00  -8.7000000e+01
   1.3477668e+00   1.4985734e+00  -8.6500000e+01
   1.3477772e+00   1.4982402e+00  -8.6000000e+01
   1.3477877e+00   1.4979073e+00  -8.5500000e+01
   1.3477983e+00   1.4975745e+00  -8.5000000e+01
   1.3478091e+00   1.4972420e+00  -8.4500000e+01
   1.3478199e+00   1.4969097e+00  -8.4000000e+01
   1.3478309e+00   1.4965776e+00  -8.3500000e+01
   1.3478420e+00   1.4962457e+00  -8.3000000e+01
   1.3478532e+00   1.4959140e+00  -8.2500000e+01
   1.3478645e+00   1.4955825e+00  -8.2000000e+01
   1.3478759e+00   1.4952513e+00  -8.1500000e+01
   1.3478875e+00   1.4949202e+00  -8.1000000e+01
   1.3478991e+00   1.4945894e+00  -8.0500000e+01
   1.3479109e+00   1.4942587e+00  -8.0000000e+01
   1.3479228e+00   1.4939283e+00  -7.9500000e+01
   1.3479348e+00   1.4935981e+00  -7.9000000e+01
   1.3479469e+00   1.4932681e+00  -7.8500000e+01
   1.3479591e+00   1.4929383e+00  -7.8000000e+01
   1.3479715e+00   1.4926087e+00  -7.7500000e+01
   1.3479840e+00   1.4922793e+00  -7.7000000e+01
   1.3479966e+00   1.4919502e+00  -7.6500000e+01
   1.3480093e+00   1.4916212e+00  -7.6000000e+01
   1.3480221e+00   1.4912925e+00  -7.5500000e+01
   1.3480351e+00   1.4909639e+00  -7.5000000e+01
   1.3480481e+00   1.4906356e+00  -7.4500000e+01
   1.3480613e+00   1.4903074e+00  -7.4000000e+01
   1.3480746e+00   1.4899795e+00  -7.3500000e+01
   1.3480881e+00   1.4896518e+00  -7.3000000e+01
   1.3481016e+00   1.4893243e+00  -7.2500000e+01
   1.3481153e+00   1.4889970e+00  -7.2000000e+01
   1.3481291e+00   1.4886699e+00  -7.1500000e+01
   1.3481430e+00   1.4883430e+00  -7.1000000e+01
   1.3481571e+00   1.4880163e+00  -7.0500000e+01
   1.3481712e+00   1.4876898e+00  -7.0000000e+01
   1.3481855e+00   1.4873635e+00  -6.9500000e+01
   1.3482000e+00   1.4870374e+00  -6.9000000e+01
   1.3482145e+00   1.4867115e+00  -6.8500000e+01
   1.3482292e+00   1.4863859e+00  -6.8000000e+01
   1.3482440e+00   1.4860604e+00  -6.7500000e+01
   1.3482589e+00   1.4857351e+00  -6.7000000e+01
   1.3482739e+00   1.4854101e+00  -6.6500000e+01
   1.3482891e+00   1.4850852e+00  -6.6000000e+01
   1.3483044e+00   1.4847606e+00  -6.5500000e+01
   1.3483198e+00   1.4844361e+00  -6.5000000e+01
   1.3483354e+00   1.4841119e+00  -6.4500000e+01
   1.3483511e+00   1.4837878e+00  -6.4000000e+01
   1.3483669e+00   1.4834640e+00  -6.3500000e+01
   1.3483828e+00   1.4831403e+00  -6.3000000e+01
   1.3483989e+00   1.4828169e+00  -6.2500000e+01
   1.3484151e+00   1.4824936e+00  -6.2000000e+01
   1.3484315e+00   1.4821706e+00  -6.1500000e+01
   1.3484479e+00   1.4818477e+00  -6.1000000e+01
   1.3484645e+00   1.4815251e+00  -6.0500000e+01
   1.3484813e+00   1.4812027e+00  -6.0000000e+01
   1.3484981e+00   1.4808804e+00  -5.9500000e+01
   1.3485151e+00   1.4805584e+00  -5.9000000e+01
   1.3485322e+00   1.4802365e+00  -5.8500000e+01
   1.3485495e+00   1.4799149e+00  -5.8000000e+01
   1.3485669e+00   1.4795934e+00  -5.7500000e+01
   1.3485844e+00   1.4792722e+00  -5.7000000e+01
   1.3486021e+00   1.4789512e+00  -5.6500000e+01
   1.3486199e+00   1.4786303e+00  -5.6000000e+01
   1.3486379e+00   1.4783097e+00  -5.5500000e+01
   1.3486559e+00   1.4779892e+00  -5.5000000e+01
   1.3486742e+00   1.4776689e+00  -5.4500000e+01
   1.3486925e+00   1.4773489e+00  -5.4000000e+01
   1.3487110e+00   1.4770290e+00  -5.3500000e+01
   1.3487296e+00   1.4767094e+00  -5.3000000e+01
   1.3487484e+00   1.4763899e+00  -5.2500000e+01
   1.3487673e+00   1.4760706e+00  -5.2000000e+01
   1.3487864e+00   1.4757516e+00  -5.1500000e+01
   1.3488056e+00   1.4754327e+00  -5.1000000e+01
   1.3488249e+00   1.4751140e+00  -5.0500000e+01
   1.3488444e+00   1.4747955e+00  -5.0000000e+01
   1.3488640e+00   1.4744772e+00  -4.9500000e+01
   1.3488837e+00   1.4741591e+00  -4.9000000e+01
   1.3489036e+00   1.4738412e+00  -4.8500000e+01
   1.3489237e+00   1.4735235e+00  -4.8000000e+01
   1.3489439e+00   1.4732060e+00  -4.7500000e+01
   1.3489642e+00   1.4728887e+00  -4.7000000e+01
   1.3489847e+00   1.4725716e+00  -4.6500000e+01
   1.3490053e+00   1.4722547e+00  -4.6000000e+01
   1.3490260e+00   1.4719379e+00  -4.5500000e+01
   1.3490470e+00   1.4716214e+00  -4.5000000e+01
   1.3490680e+00   1.4713050e+00  -4.4500000e+01
   1.3490892e+00   1.4709889e+00  -4.4000000e+01
   1.3491106e+00   1.4706729e+00  -4.3500000e+01
   1.3491321e+00   1.4703572e+00  -4.3000000e+01
   1.3491537e+00   1.4700416e+00  -4.2500000e+01
   1.3491755e+00   1.4697262e+00  -4.2000000e+01
   1.3491975e+00   1.4694110e+00  -4.1500000e+01
   1.3492196e+00   1.4690960e+00  -4.1000000e+01
   1.3492418e+00   1.4687812e+00  -4.0500000e+01
   1.3492642e+00   1.4684666e+00  -4.0000000e+01
   1.3492868e+00   1.4681522e+00  -3.9500000e+01
   1.3493095e+00   1.4678380e+00  -3.9000000e+01
   1.3493323e+00   1.4675239e+00  -3.8500000e+01
   1.3493553e+00   1.4672101e+00  -3.8000000e+01
   1.3493785e+00   1.4668964e+00  -3.7500000e+01
   1.3494018e+00   1.4665830e+00  -3.7000000e+01
   1.3494253e+00   1.4662697e+00  -3.6500000e+01
   1.3494489e+00   1.4659566e+00  -3.6000000e+01
   1.3494727e+00   1.4656437e+00  -3.5500000e+01
   1.3494966e+00   1.4653310e+00  -3.5000000e+01
   1.3495207e+00   1.4650185e+00  -3.4500000e+01
   1.3495450e+00   1.4647061e+00  -3.4000000e+01
   1.3495694e+00   1.4643940e+00  -3.3500000e+01
   1.3495940e+00   1.4640821e+00  -3.3000000e+01
   1.3496187e+00   1.4637703e+00  -3.2500000e+01
   1.3496436e+00   1.4634587e+00  -3.2000000e+01
   1.3496686e+00   1.4631473e+00  -3.1500000e+01
   1.3496938e+00   1.4628361e+00  -3.1000000e+01
   1.3497192e+00   1.4625251e+00  -3.0500000e+01
   1.3497447e+00   1.4622143e+00  -3.0000000e+01
   1.3497704e+00   1.4619037e+00  -2.9500000e+01
   1.3497963e+00   1.4615932e+00  -2.9000000e+01
   1.3498223e+00   1.4612830e+00  -2.8500000e+01
   1.3498485e+00   1.4609729e+00  -2.8000000e+01
   1.3498748e+00   1.4606630e+00  -2.7500000e+01
   1.3499013e+00   1.4603533e+00  -2.7000000e+01
   1.3499280e+00   1.4600438e+00  -2.6500000e+01
   1.3499548e+00   1.4597345e+00  -2.6000000e+01
   1.3499818e+00   1.4594254e+00  -2.5500000e+01
   1.3500090e+00   1.4591164e+00  -2.5000000e+01
   1.3500363e+00   1.4588076e+00  -2.4500000e+01
   1.3500638e+00   1.4584991e+00  -2.4000000e+01
   1.3500915e+00   1.4581907e+00  -2.3500000e+01
   1.3501193e+00   1.4578825e+00  -2.3000000e+01
   1.3501474e+00   1.4575744e+00  -2.2500000e+01
   1.3501755e+00   1.4572666e+00  -2.2000000e+01
   1.3502039e+00   1.4569589e+00  -2.1500000e+01
   1.3502324e+00   1.4566515e+00  -2.1000000e+01
   1.3502611e+00   1.4563442e+00  -2.0500000e+01
   1.3502900e+00   1.4560371e+00  -2.0000000e+01
   1.3503190e+00   1.4557302e+00  -1.9500000e+01
   1.3503482e+00   1.4554234e+00  -1.9000000e+01
   1.3503776e+00   1.4551169e+00  -1.8500000e+01
   1.3504072e+00   1.4548105e+00  -1.8000000e+01
   1.3504369e+00   1.4545043e+00  -1.7500000e+01
   1.3504668e+00   1.4541984e+00  -1.7000000e+01
   1.3504969e+00   1.4538925e+00  -1.6500000e+01
   1.3505271e+00   1.4535869e+00  -1.6000000e+01
   1.3505576e+00   1.4532815e+00  -1.5500000e+01
   1.3505882e+00   1.4529762e+00  -1.5000000e+01
   1.3506190e+00   1.4526711e+00  -1.4500000e+01
   1.3506500e+00   1.4523662e+00  -1.4000000e+01
   1.3506811e+00   1.4520615e+00  -1.3500000e+01
   1.3507124e+00   1.4517569e+00  -1.3000000e+01
   1.3507440e+00   1.4514526e+00  -1.2500000e+01
   1.3507756e+00   1.4511484e+00  -1.2000000e+01
   1.3508075e+00   1.4508444e+00  -1.1500000e+01
   1.3508396e+00   1.4505406e+00  -1.1000000e+01
   1.3508718e+00   1.4502370e+00  -1.0500000e+01
   1.3509042e+00   1.4499335e+00  -1.0000000e+01
   1.3509368e+00   1.4496303e+00  -9.5000000e+00
   1.3509696e+00   1.4493272e+00  -9.0000000e+00
   1.3510026e+00   1.4490243e+00  -8.5000000e+00
   1.3510358e+00   1.4487215e+00  -8.0000000e+00
   1.3510691e+00   1.4484190e+00  -7.5000000e+00
   1.3511026e+00   1.4481166e+00  -7.0000000e+00
   1.3511364e+00   1.4478144e+00  -6.5000000e+00
   1.3511703e+00   1.4475124e+00  -6.0000000e+00
   1.3512044e+00   1.4472106e+00  -5.5000000e+00
   1.3512386e+00   1.4469090e+00  -5.0000000e+00
   1.3512731e+00   1.4466075e+00  -4.5000000e+00
   1.3513078e+00   1.4463062e+00  -4.0000000e+00
   1.3513426e+00   1.4460051e+00  -3.5000000e+00
   1.3513777e+00   1.4457042e+00  -3.0000000e+00
   1.3514129e+00   1.4454034e+00  -2.5000000e+00
   1.3514483e+00   1.4451028e+00  -2.0000000e+00
   1.3514840e+00   1.4448024e+00  -1.5000000e+00
   1.3515198e+00   1.4445022e+00  -1.0000000e+00
   1.3515558e+00   1.4442022e+00  -5.0000000e-01
   1.3515920e+00   1.4439023e+00   0.0000000e+00
   1.3516284e+00   1.4436026e+00   5.0000000e-01
   1.3516650e+00   1.4433031e+00   1.0000000e+00
   1.3517018e+00   1.4430038e+00   1.5000000e+00
   1.3517388e+00   1.4427047e+00   2.0000000e+00
   1.3517760e+00   1.4424057e+00   2.5000000e+00
   1.3518134e+00   1.4421069e+00   3.0000000e+00
   1.3518509e+00   1.4418083e+00   3.5000000e+00
   1.3518887e+00   1.4415098e+00   4.0000000e+00
   1.3519267e+00   1.4412116e+00   4.5000000e+00
   1.3519649e+00   1.4409135e+00   5.0000000e+00
   1.3520033e+00   1.4406156e+00   5.5000000e+00
   1.3520419e+00   1.4403178e+00   6.0000000e+00
   1.3520807e+00   1.4400203e+00   6.5000000e+00
   1.3521197e+00   1.4397229e+00   7.0000000e+00
   1.3521589e+00   1.4394257e+00   7.5000000e+00
   1.3521983e+00   1.4391286e+00   8.0000000e+00
   1.3522379e+00   1.4388318e+00   8.5000000e+00
   1.3522777e+00   1.4385351e+00   9.0000000e+00
   1.3523177e+00   1.4382386e+00   9.5000000e+00
   1.3523579e+00   1.4379423e+00   1.0000000e+01
   1.3523984e+00   1.4376461e+00   1.0500000e+01
   1.3524390e+00   1.4373501e+00   1.1000000e+01
   1.3524798e+00   1.4370543e+00   1.1500000e+01
   1.3525209e+00   1.4367587e+00   1.2000000e+01
   1.3525622e+00   1.4364633e+00   1.2500000e+01
   1.3526037e+00   1.4361680e+00   1.3000000e+01
   1.3526454e+00   1.4358729e+00   1.3500000e+01
   1.3526873e+00   1.4355779e+00   1.4000000e+01
   1.3527294e+00   1.4352832e+00   1.4500000e+01
   1.3527717e+00   1.4349886e+00   1.5000000e+01
   1.3528142e+00   1.4346942e+00   1.5500000e+01
   1.3528570e+00   1.4344000e+00   1.6000000e+01
   1.3529000e+00   1.4341059e+00   1.6500000e+01
   1.3529432e+00   1.4338120e+00   1.7000000e+01
   1.3529866e+00   1.4335183e+00   1.7500000e+01
   1.3530302e+00   1.4332248e+00   1.8000000e+01
   1.3530740e+00   1.4329314e+00   1.8500000e+01
   1.3531181e+00   1.4326382e+00   1.9000000e+01
   1.3531623e+00   1.4323452e+00   1.9500000e+01
   1.3532068e+00   1.4320523e+00   2.0000000e+01
   1.3532516e+00   1.4317597e+00   2.0500000e+01
   1.3532965e+00   1.4314672e+00   2.1000000e+01
   1.3533416e+00   1.4311748e+00   2.1500000e+01
   1.3533870e+00   1.4308827e+00   2.2000000e+01
   1.3534326e+00   1.4305907e+00   2.2500000e+01
   1.3534784e+00   1.4302989e+00   2.3000000e+01
   1.3535245e+00   1.4300072e+00   2.3500000e+01
   1.3535708e+00   1.4297158e+00   2.4000000e+01
   1.3536173e+00   1.4294245e+00   2.4500000e+01
   1.3536640e+00   1.4291333e+00   2.5000000e+01
   1.3537109e+00   1.4288424e+00   2.5500000e+01
   1.3537581e+00   1.4285516e+00   2.6000000e+01
   1.3538055e+00   1.4282610e+00   2.6500000e+01
   1.3538531e+00   1.4279705e+00   2.7000000e+01
   1.3539010e+00   1.4276803e+00   2.7500000e+01
   1.3539491e+00   1.4273902e+00   2.8000000e+01
   1.3539974e+00   1.4271003e+00   2.8500000e+01
   1.3540459e+00   1.4268105e+00   2.9000000e+01
   1.3540947e+00   1.4265209e+00   2.9500000e+01
   1.3541437e+00   1.4262315e+00   3.0000000e+01
   1.3541930e+00   1.4259423e+00   3.0500000e+01
   1.3542425e+00   1.4256532e+00   3.1000000e+01
   1.3542922e+00   1.4253643e+00   3.1500000e+01
   1.3543421e+00   1.4250756e+00   3.2000000e+01
   1.3543923e+00   1.4247870e+00   3.2500000e+01
   1.3544427e+00   1.4244986e+00   3.3000000e+01
   1.3544934e+00   1.4242104e+00   3.3500000e+01
   1.3545443e+00   1.4239223e+00   3.4000000e+01
   1.3545954e+00   1.4236345e+00   3.4500000e+01
   1.3546468e+00   1.4233467e+00   3.5000000e+01
   1.3546984e+00   1.4230592e+00   3.5500000e+01
   1.3547502e+00   1.4227718e+00   3.6000000e+01
   1.3548023e+00   1.4224846e+00   3.6500000e+01
   1.3548547e+00   1.4221976e+00   3.7000000e+01
   1.3549072e+00   1.4219107e+00   3.7500000e+01
   1.3549601e+00   1.4216240e+00   3.8000000e+01
   1.3550131e+00   1.4213375e+00   3.8500000e+01
   1.3550664e+00   1.4210512e+00   3.9000000e+01
   1.3551200e+00   1.4207650e+00   3.9500000e+01
   1.3551738e+00   1.4204789e+00   4.0000000e+01
   1.3552278e+00   1.4201931e+00   4.0500000e+01
   1.3552821e+00   1.4199074e+00   4.1000000e+01
   1.3553366e+00   1.4196219e+00   4.1500000e+01
   1.3553914e+00   1.4193366e+00   4.2000000e+01
   1.3554464e+00   1.4190514e+00   4.2500000e+01
   1.3555017e+00   1.4187664e+00   4.3000000e+01
   1.3555573e+00   1.4184815e+00   4.3500000e+01
   1.3556130e+00   1.4181969e+00   4.4000000e+01
   1.3556691e+00   1.4179124e+00   4.4500000e+01
   1.3557254e+00   1.4176280e+00   4.5000000e+01
   1.3557819e+00   1.4173439e+00   4.5500000e+01
   1.3558387e+00   1.4170599e+00   4.6000000e+01
   1.3558957e+00   1.4167760e+00   4.6500000e+01
   1.3559530e+00   1.4164924e+00   4.7000000e+01
   1.3560106e+00   1.4162089e+00   4.7500000e+01
   1.3560684e+00   1.4159256e+00   4.8000000e+01
   1.3561265e+00   1.4156424e+00   4.8500000e+01
   1.3561848e+00   1.4153594e+00   4.9000000e+01
   1.3562434e+00   1.4150766e+00   4.9500000e+01
   1.3563022e+00   1.4147939e+00   5.0000000e+01
   1.3563613e+00   1.4145114e+00   5.0500000e+01
   1.3564207e+00   1.4142291e+00   5.1000000e+01
   1.3564803e+00   1.4139470e+00   5.1500000e+01
   1.3565402e+00   1.4136650e+00   5.2000000e+01
   1.3566004e+00   1.4133831e+00   5.2500000e+01
   1.3566608e+00   1.4131015e+00   5.3000000e+01
   1.3567214e+00   1.4128200e+00   5.3500000e+01
   1.3567824e+00   1.4125387e+00   5.4000000e+01
   1.3568436e+00   1.4122575e+00   5.4500000e+01
   1.3569051e+00   1.4119765e+00   5.5000000e+01
   1.3569668e+00   1.4116957e+00   5.5500000e+01
   1.3570288e+00   1.4114151e+00   5.6000000e+01
   1.3570911e+00   1.4111346e+00   5.6500000e+01
   1.3571536e+00   1.4108542e+00   5.7000000e+01
   1.3572164e+00   1.4105741e+00   5.7500000e+01
   1.3572795e+00   1.4102941e+00   5.8000000e+01
   1.3573428e+00   1.4100143e+00   5.8500000e+01
   1.3574065e+00   1.4097346e+00   5.9000000e+01
   1.3574704e+00   1.4094551e+00   5.9500000e+01
   1.3575345e+00   1.4091758e+00   6.0000000e+01
   1.3575990e+00   1.4088966e+00   6.0500000e+01
   1.3576637e+00   1.4086176e+00   6.1000000e+01
   1.3577287e+00   1.4083388e+00   6.1500000e+01
   1.3577939e+00   1.4080602e+00   6.2000000e+01
   1.3578595e+00   1.4077817e+00   6.2500000e+01
   1.3579253e+00   1.4075033e+00   6.3000000e+01
   1.3579914e+00   1.4072252e+00   6.3500000e+01
   1.3580578e+00   1.4069472e+00   6.4000000e+01
   1.3581244e+00   1.4066693e+00   6.4500000e+01
   1.3581914e+00   1.4063917e+00   6.5000000e+01
   1.3582586e+00   1.4061142e+00   6.5500000e+01
   1.3583261e+00   1.4058368e+00   6.6000000e+01
   1.3583938e+00   1.4055596e+00   6.6500000e+01
   1.3584619e+00   1.4052826e+00   6.7000000e+01
   1.3585302e+00   1.4050058e+00   6.7500000e+01
   1.3585989e+00   1.4047291e+00   6.8000000e+01
   1.3586678e+00   1.4044526e+00   6.8500000e+01
   1.3587370e+00   1.4041763e+00   6.9000000e+01
   1.3588065e+00   1.4039001e+00   6.9500000e+01
   1.3588762e+00   1.4036241e+00   7.0000000e+01
   1.3589463e+00   1.4033482e+00   7.0500000e+01
   1.3590166e+00   1.4030725e+00   7.1000000e+01
   1.3590873e+00   1.4027970e+00   7.1500000e+01
   1.3591582e+00   1.4025216e+00   7.2000000e+01
   1.3592294e+00   1.4022464e+00   7.2500000e+01
   1.3593009e+00   1.4019714e+00   7.3000000e+01
   1.3593727e+00   1.4016965e+00   7.3500000e+01
   1.3594448e+00   1.4014218e+00   7.4000000e+01
   1.3595172e+00   1.4011473e+00   7.4500000e+01
   1.3595899e+00   1.4008729e+00   7.5000000e+01
   1.3596629e+00   1.4005987e+00   7.5500000e+01
   1.3597361e+00   1.4003247e+00   7.6000000e+01
   1.3598097e+00   1.4000508e+00   7.6500000e+01
   1.3598836e+00   1.3997771e+00   7.7000000e+01
   1.3599577e+00   1.3995036e+00   7.7500000e+01
   1.3600322e+00   1.3992302e+00   7.8000000e+01
   1.3601070e+00   1.3989570e+00   7.8500000e+01
   1.3601820e+00   1.3986839e+00   7.9000000e+01
   1.3602574e+00   1.3984110e+00   7.9500000e+01
   1.3603330e+00   1.3981383e+00   8.0000000e+01
   1.3604090e+00   1.3978657e+00   8.0500000e+01
   1.3604853e+00   1.3975933e+00   8.1000000e+01
   1.3605618e+00   1.3973211e+00   8.1500000e+01
   1.3606387e+00   1.3970490e+00   8.2000000e+01
   1.3607159e+00   1.3967771e+00   8.2500000e+01
   1.3607934e+00   1.3965054e+00   8.3000000e+01
   1.3608712e+00   1.3962338e+00   8.3500000e+01
   1.3609493e+00   1.3959624e+00   8.4000000e+01
   1.3610277e+00   1.3956911e+00   8.4500000e+01
   1.3611064e+00   1.3954201e+00   8.5000000e+01
   1.3611854e+00   1.3951491e+00   8.5500000e+01
   1.3612647e+00   1.3948784e+00   8.6000000e+01
   1.3613444e+00   1.3946078e+00   8.6500000e+01
   1.3614243e+00   1.3943374e+00   8.7000000e+01
   1.3615046e+00   1.3940671e+00   8.7500000e+01
   1.3615852e+00   1.3937970e+00   8.8000000e+01
   1.3616661e+00   1.3935270e+00   8.8500000e+01
   1.3617473e+00   1.3932573e+00   8.9000000e+01
   1.3618288e+00   1.3929877e+00   8.9500000e+01
   1.3619107e+00   1.3927182e+00   9.0000000e+01
   1.3619928e+00   1.3924489e+00   9.0500000e+01
   1.3620753e+00   1.3921798e+00   9.1000000e+01
   1.3621581e+00   1.3919109e+00   9.1500000e+01
   1.3622412e+00   1.3916421e+00   9.2000000e+01
   1.3623247e+00   1.3913734e+00   9.2500000e+01
   1.3624084e+00   1.3911050e+00   9.3000000e+01
   1.3624925e+00   1.3908367e+00   9.3500000e+01
   1.3625769e+00   1.3905685e+00   9.4000000e+01
   1.3626616e+00   1.3903006e+00   9.4500000e+01
   1.3627467e+00   1.3900327e+00   9.5000000e+01
   1.3628320e+00   1.3897651e+00   9.5500000e+01
   1.3629177e+00   1.3894976e+00   9.6000000e+01
   1.3630037e+00   1.3892303e+00   9.6500000e+01
   1.3630901e+00   1.3889631e+00   9.7000000e+01
   1.3631768e+00   1.3886962e+00   9.7500000e+01
   1.3632638e+00   1.3884293e+00   9.8000000e+01
   1.3633511e+00   1.3881627e+00   9.8500000e+01
   1.3634388e+00   1.3878962e+00   9.9000000e+01
   1.3635267e+00   1.3876298e+00   9.9500000e+01
   1.3636151e+00   1.3873636e+00   1.0000000e+02
   1.3637037e+00   1.3870976e+00   1.0050000e+02
   1.3637927e+00   1.3868318e+00   1.0100000e+02
   1.3638820e+00   1.3865661e+00   1.0150000e+02
   1.3639717e+00   1.3863006e+00   1.0200000e+02
   1.3640617e+00   1.3860352e+00   1.0250000e+02
   1.3641520e+00   1.3857700e+00   1.0300000e+02
   1.3642426e+00   1.3855050e+00   1.0350000e+02
   1.3643336e+00   1.3852401e+00   1.0400000e+02
   1.3644250e+00   1.3849754e+00   1.0450000e+02
   1.3645166e+00   1.3847109e+00   1.0500000e+02
   1.3646087e+00   1.3844465e+00   1.0550000e+02
   1.3647010e+00   1.3841823e+00   1.0600000e+02
   1.3647937e+00   1.3839183e+00   1.0650000e+02
   1.3648867e+00   1.3836544e+00   1.0700000e+02
   1.3649801e+00   1.3833907e+00   1.0750000e+02
   1.3650738e+00   1.3831271e+00   1.0800000e+02
   1.3651679e+00   1.3828637e+00   1.0850000e+02
   1.3652623e+00   1.3826005e+00   1.0900000e+02
   1.3653571e+00   1.3823374e+00   1.0950000e+02
   1.3654522e+00   1.3820745e+00   1.1000000e+02
   1.3655476e+00   1.3818118e+00   1.1050000e+02
   1.3656434e+00   1.3815492e+00   1.1100000e+02
   1.3657395e+00   1.3812868e+00   1.1150000e+02
   1.3658360e+00   1.3810245e+00   1.1200000e+02
   1.3659329e+00   1.3807625e+00   1.1250000e+02
   1.3660301e+00   1.3805005e+00   1.1300000e+02
   1.3661276e+00   1.3802388e+00   1.1350000e+02
   1.3662255e+00   1.3799772e+00   1.1400000e+02
   1.3663238e+00   1.3797158e+00   1.1450000e+02
   1.3664224e+00   1.3794545e+00   1.1500000e+02
   1.3665213e+00   1.3791934e+00   1.1550000e+02
   1.3666206e+00   1.3789325e+00   1.1600000e+02
   1.3667203e+00   1.3786717e+00   1.1650000e+02
   1.3668203e+00   1.3784111e+00   1.1700000e+02
   1.3669207e+00   1.3781506e+00   1.1750000e+02
   1.3670215e+00   1.3778904e+00   1.1800000e+02
   1.3671226e+00   1.3776302e+00   1.1850000e+02
   1.3672240e+00   1.3773703e+00   1.1900000e+02
   1.3673258e+00   1.3771105e+00   1.1950000e+02
   1.3674280e+00   1.3768509e+00   1.2000000e+02
   1.3675306e+00   1.3765914e+00   1.2050000e+02
   1.3676335e+00   1.3763321e+00   1.2100000e+02
   1.3677368e+00   1.3760730e+00   1.2150000e+02
   1.3678404e+00   1.3758140e+00   1.2200000e+02
   1.3679444e+00   1.3755552e+00   1.2250000e+02
   1.3680488e+00   1.3752966e+00   1.2300000e+02
   1.3681535e+00   1.3750381e+00   1.2350000e+02
   1.3682586e+00   1.3747798e+00   1.2400000e+02
   1.3683641e+00   1.3745216e+00   1.2450000e+02
   1.3684699e+00   1.3742637e+00   1.2500000e+02
   1.3685761e+00   1.3740058e+00   1.2550000e+02
   1.3686827e+00   1.3737482e+00   1.2600000e+02
   1.3687896e+00   1.3734907e+00   1.2650000e+02
   1.3688970e+00   1.3732334e+00   1.2700000e+02
   1.3690047e+00   1.3729762e+00   1.2750000e+02
   1.3691127e+00   1.3727192e+00   1.2800000e+02
   1.3692212e+00   1.3724624e+00   1.2850000e+02
   1.3693300e+00   1.3722057e+00   1.2900000e+02
   1.3694392e+00   1.3719492e+00   1.2950000e+02
   1.3695488e+00   1.3716929e+00   1.3000000e+02
   1.3696587e+00   1.3714367e+00   1.3050000e+02
   1.3697691e+00   1.3711807e+00   1.3100000e+02
   1.3698798e+00   1.3709249e+00   1.3150000e+02
   1.3699909e+00   1.3706692e+00   1.3200000e+02
   1.3701023e+00   1.3704137e+00   1.3250000e+02
   1.3702142e+00   1.3701583e+00   1.3300000e+02
   1.3703264e+00   1.3699031e+00   1.3350000e+02
   1.3704390e+00   1.3696481e+00   1.3400000e+02
   1.3705520e+00   1.3693933e+00   1.3450000e+02
   1.3706654e+00   1.3691386e+00   1.3500000e+02
   1.3707792e+00   1.3688841e+00   1.3550000e+02
   1.3708934e+00   1.3686297e+00   1.3600000e+02
   1.3710079e+00   1.3683755e+00   1.3650000e+02
   1.3711228e+00   1.3681215e+00   1.3700000e+02
   1.3712381e+00   1.3678676e+00   1.3750000e+02
   1.3713539e+00   1.3676139e+00   1.3800000e+02
   1.3714700e+00   1.3673604e+00   1.3850000e+02
   1.3715865e+00   1.3671070e+00   1.3900000e+02
   1.3717033e+00   1.3668539e+00   1.3950000e+02
   1.3718206e+00   1.3666008e+00   1.4000000e+02
   1.3719383e+00   1.3663480e+00   1.4050000e+02
   1.3720563e+00   1.3660953e+00   1.4100000e+02
   1.3721748e+00   1.3658427e+00   1.4150000e+02
   1.3722937e+00   1.3655903e+00   1.4200000e+02
   1.3724129e+00   1.3653381e+00   1.4250000e+02
   1.3725326e+00   1.3650861e+00   1.4300000e+02
   1.3726526e+00   1.3648342e+00   1.4350000e+02
   1.3727730e+00   1.3645825e+00   1.4400000e+02
   1.3728939e+00   1.3643310e+00   1.4450000e+02
   1.3730151e+00   1.3640796e+00   1.4500000e+02
   1.3731368e+00   1.3638284e+00   1.4550000e+02
   1.3732588e+00   1.3635774e+00   1.4600000e+02
   1.3733813e+00   1.3633265e+00   1.4650000e+02
   1.3735041e+00   1.3630758e+00   1.4700000e+02
   1.3736274e+00   1.3628253e+00   1.4750000e+02
   1.3737511e+00   1.3625749e+00   1.4800000e+02
   1.3738751e+00   1.3623247e+00   1.4850000e+02
   1.3739996e+00   1.3620746e+00   1.4900000e+02
   1.3741245e+00   1.3618248e+00   1.4950000e+02
   1.3742498e+00   1.3615751e+00   1.5000000e+02
   1.3743755e+00   1.3613255e+00   1.5050000e+02
   1.3745016e+00   1.3610761e+00   1.5100000e+02
   1.3746281e+00   1.3608269e+00   1.5150000e+02
   1.3747550e+00   1.3605779e+00   1.5200000e+02
   1.3748824e+00   1.3603290e+00   1.5250000e+02
   1.3750101e+00   1.3600803e+00   1.5300000e+02
   1.3751383e+00   1.3598318e+00   1.5350000e+02
   1.3752669e+00   1.3595834e+00   1.5400000e+02
   1.3753959e+00   1.3593352e+00   1.5450000e+02
   1.3755253e+00   1.3590872e+00   1.5500000e+02
   1.3756552e+00   1.3588393e+00   1.5550000e+02
   1.3757854e+00   1.3585916e+00   1.5600000e+02
   1.3759161e+00   1.3583441e+00   1.5650000e+02
   1.3760472e+00   1.3580967e+00   1.5700000e+02
   1.3761787e+00   1.3578495e+00   1.5750000e+02
   1.3763106e+00   1.3576025e+00   1.5800000e+02
   1.3764430e+00   1.3573557e+00   1.5850000e+02
   1.3765757e+00   1.3571090e+00   1.5900000e+02
   1.3767089e+00   1.3568624e+00   1.5950000e+02
   1.3768426e+00   1.3566161e+00   1.6000000e+02
   1.3769766e+00   1.3563699e+00   1.6050000e+02
   1.3771111e+00   1.3561239e+00   1.6100000e+02
   1.3772460e+00   1.3558781e+00   1.6150000e+02
   1.3773813e+00   1.3556324e+00   1.6200000e+02
   1.3775171e+00   1.3553869e+00   1.6250000e+02
   1.3776532e+00   1.3551415e+00   1.6300000e+02
   1.3777899e+00   1.3548964e+00   1.6350000e+02
   1.3779269e+00   1.3546514e+00   1.6400000e+02
   1.3780644e+00   1.3544065e+00   1.6450000e+02
   1.3782023e+00   1.3541619e+00   1.6500000e+02
   1.3783406e+00   1.3539174e+00   1.6550000e+02
   1.3784794e+00   1.3536730e+00   1.6600000e+02
   1.3786186e+00   1.3534289e+00   1.6650000e+02
   1.3787582e+00   1.3531849e+00   1.6700000e+02
   1.3788983e+00   1.3529411e+00   1.6750000e+02
   1.3790388e+00   1.3526974e+00   1.6800000e+02
   1.3791798e+00   1.3524540e+00   1.6850000e+02
   1.3793212e+00   1.3522107e+00   1.6900000e+02
   1.3794630e+00   1.3519675e+00   1.6950000e+02
   1.3796053e+00   1.3517246e+00   1.7000000e+02
   1.3797480e+00   1.3514818e+00   1.7050000e+02
   1.3798911e+00   1.3512391e+00   1.7100000e+02
   1.3800347e+00   1.3509967e+00   1.7150000e+02
   1.3801788e+00   1.3507544e+00   1.7200000e+02
   1.3803233e+00   1.3505123e+00   1.7250000e+02
   1.3804682e+00   1.3502703e+00   1.7300000e+02
   1.3806136e+00   1.3500286e+00   1.7350000e+02
   1.3807594e+00   1.3497870e+00   1.7400000e+02
   1.3809056e+00   1.3495455e+00   1.7450000e+02
   1.3810524e+00   1.3493043e+00   1.7500000e+02
   1.3811995e+00   1.3490632e+00   1.7550000e+02
   1.3813471e+00   1.3488223e+00   1.7600000e+02
   1.3814952e+00   1.3485815e+00   1.7650000e+02
   1.3816437e+00   1.3483410e+00   1.7700000e+02
   1.3817927e+00   1.3481006e+00   1.7750000e+02
   1.3819421e+00   1.3478603e+00   1.7800000e+02
   1.3820920e+00   1.3476203e+00   1.7850000e+02
   1.3822423e+00   1.3473804e+00   1.7900000e+02
   1.3823931e+00   1.3471407e+00   1.7950000e+02
   1.3825443e+00   1.3469012e+00   1.8000000e+02
   1.3826960e+00   1.3466618e+00   1.8050000e+02
   1.3828482e+00   1.3464226e+00   1.8100000e+02
   1.3830008e+00   1.3461836e+00   1.8150000e+02
   1.3831538e+00   1.3459447e+00   1.8200000e+02
   1.3833074e+00   1.3457060e+00   1.8250000e+02
   1.3834613e+00   1.3454675e+00   1.8300000e+02
   1.3836158e+00   1.3452292e+00   1.8350000e+02
   1.3837707e+00   1.3449911e+00   1.8400000e+02
   1.3839261e+00   1.3447531e+00   1.8450000e+02
   1.3840819e+00   1.3445153e+00   1.8500000e+02
   1.3842382e+00   1.3442776e+00   1.8550000e+02
   1.3843950e+00   1.3440402e+00   1.8600000e+02
   1.3845522e+00   1.3438029e+00   1.8650000e+02
   1.3847099e+00   1.3435658e+00   1.8700000e+02
   1.3848681e+00   1.3433288e+00   1.8750000e+02
   1.3850268e+00   1.3430921e+00   1.8800000e+02
   1.3851859e+00   1.3428555e+00   1.8850000e+02
   1.3853454e+00   1.3426190e+00   1.8900000e+02
   1.3855055e+00   1.3423828e+00   1.8950000e+02
   1.3856660e+00   1.3421467e+00   1.9000000e+02
   1.3858270e+00   1.3419108e+00   1.9050000e+02
   1.3859885e+00   1.3416751e+00   1.9100000e+02
   1.3861504e+00   1.3414396e+00   1.9150000e+02
   1.3863128e+00   1.3412042e+00   1.9200000e+02
   1.3864757e+00   1.3409690e+00   1.9250000e+02
   1.3866391e+00   1.3407340e+00   1.9300000e+02
   1.3868030e+00   1.3404992e+00   1.9350000e+02
   1.3869673e+00   1.3402645e+00   1.9400000e+02
   1.3871321e+00   1.3400300e+00   1.9450000e+02
   1.3872974e+00   1.3397957e+00   1.9500000e+02
   1.3874631e+00   1.3395616e+00   1.9550000e+02
   1.3876294e+00   1.3393276e+00   1.9600000e+02
   1.3877961e+00   1.3390938e+00   1.9650000e+02
   1.3879633e+00   1.3388602e+00   1.9700000e+02
   1.3881310e+00   1.3386268e+00   1.9750000e+02
   1.3882992e+00   1.3383935e+00   1.9800000e+02
   1.3884679e+00   1.3381604e+00   1.9850000e+02
   1.3886370e+00   1.3379275e+00   1.9900000e+02
   1.3888067e+00   1.3376948e+00   1.9950000e+02
   1.3889768e+00   1.3374623e+00   2.0000000e+02
   1.3891474e+00   1.3372299e+00   2.0050000e+02
   1.3893185e+00   1.3369977e+00   2.0100000e+02
   1.3894901e+00   1.3367657e+00   2.0150000e+02
   1.3896622e+00   1.3365338e+00   2.0200000e+02
   1.3898348e+00   1.3363022e+00   2.0250000e+02
   1.3900078e+00   1.3360707e+00   2.0300000e+02
   1.3901814e+00   1.3358394e+00   2.0350000e+02
   1.3903555e+00   1.3356083e+00   2.0400000e+02
   1.3905300e+00   1.3353773e+00   2.0450000e+02
   1.3907051e+00   1.3351466e+00   2.0500000e+02
   1.3908806e+00   1.3349160e+00   2.0550000e+02
   1.3910567e+00   1.3346856e+00   2.0600000e+02
   1.3912332e+00   1.3344553e+00   2.0650000e+02
   1.3914102e+00   1.3342253e+00   2.0700000e+02
   1.3915878e+00   1.3339954e+00   2.0750000e+02
   1.3917658e+00   1.3337657e+00   2.0800000e+02
   1.3919444e+00   1.3335362e+00   2.0850000e+02
   1.3921234e+00   1.3333069e+00   2.0900000e+02
   1.3923030e+00   1.3330777e+00   2.0950000e+02
   1.3924830e+00   1.3328488e+00   2.1000000e+02
   1.3926636e+00   1.3326200e+00   2.1050000e+02
   1.3928446e+00   1.3323914e+00   2.1100000e+02
   1.3930262e+00   1.3321629e+00   2.1150000e+02
   1.3932083e+00   1.3319347e+00   2.1200000e+02
   1.3933908e+00   1.3317066e+00   2.1250000e+02
   1.3935739e+00   1.3314787e+00   2.1300000e+02
   1.3937575e+00   1.3312510e+00   2.1350000e+02
   1.3939416e+00   1.3310235e+00   2.1400000e+02
   1.3941263e+00   1.3307962e+00   2.1450000e+02
   1.3943114e+00   1.3305690e+00   2.1500000e+02
   1.3944970e+00   1.3303420e+00   2.1550000e+02
   1.3946832e+00   1.3301152e+00   2.1600000e+02
   1.3948699e+00   1.3298886e+00   2.1650000e+02
   1.3950571e+00   1.3296622e+00   2.1700000e+02
   1.3952448e+00   1.3294360e+00   2.1750000e+02
   1.3954330e+00   1.3292099e+00   2.1800000e+02
   1.3956217e+00   1.3289840e+00   2.1850000e+02
   1.3958110e+00   1.3287583e+00   2.1900000e+02
   1.3960008e+00   1.3285328e+00   2.1950000e+02
   1.3961911e+00   1.3283075e+00   2.2000000e+02
   1.3963819e+00   1.3280823e+00   2.2050000e+02
   1.3965732e+00   1.3278573e+00   2.2100000e+02
   1.3967651e+00   1.3276326e+00   2.2150000e+02
   1.3969574e+00   1.3274080e+00   2.2200000e+02
   1.3971503e+00   1.3271836e+00   2.2250000e+02
   1.3973438e+00   1.3269593e+00   2.2300000e+02
   1.3975377e+00   1.3267353e+00   2.2350000e+02
   1.3977322e+00   1.3265114e+00   2.2400000e+02
   1.3979272e+00   1.3262878e+00   2.2450000e+02
   1.3981228e+00   1.3260643e+00   2.2500000e+02
   1.3983188e+00   1.3258410e+00   2.2550000e+02
   1.3985154e+00   1.3256179e+00   2.2600000e+02
   1.3987125e+00   1.3253949e+00   2.2650000e+02
   1.3989102e+00   1.3251722e+00   2.2700000e+02
   1.3991084e+00   1.3249496e+00   2.2750000e+02
   1.3993071e+00   1.3247272e+00   2.2800000e+02
   1.3995063e+00   1.3245051e+00   2.2850000e+02
   1.3997061e+00   1.3242831e+00   2.2900000e+02
   1.3999064e+00   1.3240613e+00   2.2950000e+02
   1.4001073e+00   1.3238396e+00   2.3000000e+02
   1.4003087e+00   1.3236182e+00   2.3050000e+02
   1.4005106e+00   1.3233969e+00   2.3100000e+02
   1.4007131e+00   1.3231759e+00   2.3150000e+02
   1.4009161e+00   1.3229550e+00   2.3200000e+02
   1.4011196e+00   1.3227343e+00   2.3250000e+02
   1.4013237e+00   1.3225138e+00   2.3300000e+02
   1.4015283e+00   1.3222935e+00   2.3350000e+02
   1.4017335e+00   1.3220734e+00   2.3400000e+02
   1.4019392e+00   1.3218534e+00   2.3450000e+02
   1.4021455e+00   1.3216337e+00   2.3500000e+02
   1.4023523e+00   1.3214141e+00   2.3550000e+02
   1.4025596e+00   1.3211948e+00   2.3600000e+02
   1.4027675e+00   1.3209756e+00   2.3650000e+02
   1.4029759e+00   1.3207566e+00   2.3700000e+02
   1.4031849e+00   1.3205378e+00   2.3750000e+02
   1.4033944e+00   1.3203192e+00   2.3800000e+02
   1.4036045e+00   1.3201008e+00   2.3850000e+02
   1.4038152e+00   1.3198826e+00   2.3900000e+02
   1.4040263e+00   1.3196645e+00   2.3950000e+02
   1.4042381e+00   1.3194467e+00   2.4000000e+02
   1.4044503e+00   1.3192290e+00   2.4050000e+02
   1.4046632e+00   1.3190116e+00   2.4100000e+02
   1.4048766e+00   1.3187943e+00   2.4150000e+02
   1.4050905e+00   1.3185772e+00   2.4200000e+02
   1.4053050e+00   1.3183603e+00   2.4250000e+02
   1.4055201e+00   1.3181436e+00   2.4300000e+02
   1.4057357e+00   1.3179271e+00   2.4350000e+02
   1.4059518e+00   1.3177108e+00   2.4400000e+02
   1.4061686e+00   1.3174947e+00   2.4450000e+02
   1.4063859e+00   1.3172787e+00   2.4500000e+02
   1.4066037e+00   1.3170630e+00   2.4550000e+02
   1.4068221e+00   1.3168475e+00   2.4600000e+02
   1.4070411e+00   1.3166321e+00   2.4650000e+02
   1.4072606e+00   1.3164170e+00   2.4700000e+02
   1.4074807e+00   1.3162020e+00   2.4750000e+02
   1.4077014e+00   1.3159872e+00   2.4800000e+02
   1.4079226e+00   1.3157727e+00   2.4850000e+02
   1.4081444e+00   1.3155583e+00   2.4900000e+02
   1.4083667e+00   1.3153441e+00   2.4950000e+02
   1.4085897e+00   1.3151301e+00   2.5000000e+02
   1.4088131e+00   1.3149163e+00   2.5050000e+02
   1.4090372e+00   1.3147027e+00   2.5100000e+02
   1.4092618e+00   1.3144893e+00   2.5150000e+02
   1.4094870e+00   1.3142761e+00   2.5200000e+02
   1.4097128e+00   1.3140631e+00   2.5250000e+02
   1.4099391e+00   1.3138503e+00   2.5300000e+02
   1.4101660e+00   1.3136377e+00   2.5350000e+02
   1.4103935e+00   1.3134252e+00   2.5400000e+02
   1.4106216e+00   1.3132130e+00   2.5450000e+02
   1.4108502e+00   1.3130010e+00   2.5500000e+02
   1.4110794e+00   1.3127892e+00   2.5550000e+02
   1.4113092e+00   1.3125775e+00   2.5600000e+02
   1.4115396e+00   1.3123661e+00   2.5650000e+02
   1.4117705e+00   1.3121549e+00   2.5700000e+02
   1.4120020e+00   1.3119438e+00   2.5750000e+02
   1.4122341e+00   1.3117330e+00   2.5800000e+02
   1.4124668e+00   1.3115223e+00   2.5850000e+02
   1.4127001e+00   1.3113119e+00   2.5900000e+02
   1.4129339e+00   1.3111016e+00   2.5950000e+02
   1.4131683e+00   1.3108916e+00   2.6000000e+02
   1.4134033e+00   1.3106817e+00   2.6050000e+02
   1.4136389e+00   1.3104721e+00   2.6100000e+02
   1.4138751e+00   1.3102627e+00   2.6150000e+02
   1.4141119e+00   1.3100534e+00   2.6200000e+02
   1.4143492e+00   1.3098444e+00   2.6250000e+02
   1.4145871e+00   1.3096355e+00   2.6300000e+02
   1.4148257e+00   1.3094269e+00   2.6350000e+02
   1.4150648e+00   1.3092184e+00   2.6400000e+02
   1.4153045e+00   1.3090102e+00   2.6450000e+02
   1.4155448e+00   1.3088021e+00   2.6500000e+02
   1.4157857e+00   1.3085943e+00   2.6550000e+02
   1.4160271e+00   1.3083867e+00   2.6600000e+02
   1.4162692e+00   1.3081792e+00   2.6650000e+02
   1.4165118e+00   1.3079720e+00   2.6700000e+02
   1.4167551e+00   1.3077650e+00   2.6750000e+02
   1.4169989e+00   1.3075581e+00   2.6800000e+02
   1.4172434e+00   1.3073515e+00   2.6850000e+02
   1.4174884e+00   1.3071451e+00   2.6900000e+02
   1.4177341e+00   1.3069389e+00   2.6950000e+02
   1.4179803e+00   1.3067329e+00   2.7000000e+02
   1.4182271e+00   1.3065270e+00   2.7050000e+02
   1.4184746e+00   1.3063214e+00   2.7100000e+02
   1.4187226e+00   1.3061160e+00   2.7150000e+02
   1.4189712e+00   1.3059108e+00   2.7200000e+02
   1.4192205e+00   1.3057059e+00   2.7250000e+02
   1.4194703e+00   1.3055011e+00   2.7300000e+02
   1.4197207e+00   1.3052965e+00   2.7350000e+02
   1.4199718e+00   1.3050921e+00   2.7400000e+02
   1.4202234e+00   1.3048879e+00   2.7450000e+02
   1.4204757e+00   1.3046840e+00   2.7500000e+02
   1.4207286e+00   1.3044802e+00   2.7550000e+02
   1.4209820e+00   1.3042767e+00   2.7600000e+02
   1.4212361e+00   1.3040733e+00   2.7650000e+02
   1.4214908e+00   1.3038702e+00   2.7700000e+02
   1.4217461e+00   1.3036673e+00   2.7750000e+02
   1.4220020e+00   1.3034646e+00   2.7800000e+02
   1.4222585e+00   1.3032621e+00   2.7850000e+02
   1.4225156e+00   1.3030597e+00   2.7900000e+02
   1.4227733e+00   1.3028577e+00   2.7950000e+02
   1.4230317e+00   1.3026558e+00   2.8000000e+02
   1.4232907e+00   1.3024541e+00   2.8050000e+02
   1.4235502e+00   1.3022526e+00   2.8100000e+02
   1.4238104e+00   1.3020514e+00   2.8150000e+02
   1.4240712e+00   1.3018503e+00   2.8200000e+02
   1.4243327e+00   1.3016495e+00   2.8250000e+02
   1.4245947e+00   1.3014489e+00   2.8300000e+02
   1.4248574e+00   1.3012484e+00   2.8350000e+02
   1.4251207e+00   1.3010482e+00   2.8400000e+02
   1.4253846e+00   1.3008482e+00   2.8450000e+02
   1.4256491e+00   1.3006485e+00   2.8500000e+02
   1.4259142e+00   1.3004489e+00   2.8550000e+02
   1.4261800e+00   1.3002495e+00   2.8600000e+02
   1.4264464e+00   1.3000504e+00   2.8650000e+02
   1.4267134e+00   1.2998514e+00   2.8700000e+02
   1.4269810e+00   1.2996527e+00   2.8750000e+02
   1.4272493e+00   1.2994542e+00   2.8800000e+02
   1.4275182e+00   1.2992559e+00   2.8850000e+02
   1.4277877e+00   1.2990578e+00   2.8900000e+02
   1.4280578e+00   1.2988600e+00   2.8950000e+02
   1.4283286e+00   1.2986623e+00   2.9000000e+02
   1.4286000e+00   1.2984649e+00   2.9050000e+02
   1.4288720e+00   1.2982676e+00   2.9100000e+02
   1.4291447e+00   1.2980706e+00   2.9150000e+02
   1.4294180e+00   1.2978738e+00   2.9200000e+02
   1.4296919e+00   1.2976772e+00   2.9250000e+02
   1.4299664e+00   1.2974809e+00   2.9300000e+02
   1.4302416e+00   1.2972847e+00   2.9350000e+02
   1.4305175e+00   1.2970888e+00   2.9400000e+02
   1.4307939e+00   1.2968931e+00   2.9450000e+02
   1.4310710e+00   1.2966976e+00   2.9500000e+02
   1.4313487e+00   1.2965023e+00   2.9550000e+02
   1.4316271e+00   1.2963072e+00   2.9600000e+02
   1.4319061e+00   1.2961124e+00   2.9650000e+02
   1.4321857e+00   1.2959178e+00   2.9700000e+02
   1.4324660e+00   1.2957233e+00   2.9750000e+02
   1.4327469e+00   1.2955291e+00   2.9800000e+02
   1.4330285e+00   1.2953352e+00   2.9850000e+02
   1.4333107e+00   1.2951414e+00   2.9900000e+02
   1.4335935e+00   1.2949479e+00   2.9950000e+02
   1.4338770e+00   1.2947546e+00   3.0000000e+02
   1.4341611e+00   1.2945615e+00   3.0050000e+02
   1.4344459e+00   1.2943686e+00   3.0100000e+02
   1.4347313e+00   1.2941759e+00   3.0150000e+02
   1.4350174e+00   1.2939835e+00   3.0200000e+02
   1.4353041e+00   1.2937913e+00   3.0250000e+02
   1.4355915e+00   1.2935993e+00   3.0300000e+02
   1.4358795e+00   1.2934075e+00   3.0350000e+02
   1.4361681e+00   1.2932160e+00   3.0400000e+02
   1.4364574e+00   1.2930246e+00   3.0450000e+02
   1.4367474e+00   1.2928335e+00   3.0500000e+02
   1.4370380e+00   1.2926426e+00   3.0550000e+02
   1.4373292e+00   1.2924520e+00   3.0600000e+02
   1.4376211e+00   1.2922615e+00   3.0650000e+02
   1.4379137e+00   1.2920713e+00   3.0700000e+02
   1.4382069e+00   1.2918813e+00   3.0750000e+02
   1.4385008e+00   1.2916916e+00   3.0800000e+02
   1.4387953e+00   1.2915020e+00   3.0850000e+02
   1.4390905e+00   1.2913127e+00   3.0900000e+02
   1.4393863e+00   1.2911236e+00   3.0950000e+02
   1.4396828e+00   1.2909347e+00   3.1000000e+02
   1.4399800e+00   1.2907461e+00   3.1050000e+02
   1.4402778e+00   1.2905577e+00   3.1100000e+02
   1.4405762e+00   1.2903695e+00   3.1150000e+02
   1.4408754e+00   1.2901815e+00   3.1200000e+02
   1.4411752e+00   1.2899938e+00   3.1250000e+02
   1.4414756e+00   1.2898063e+00   3.1300000e+02
   1.4417767e+00   1.2896190e+00   3.1350000e+02
   1.4420785e+00   1.2894319e+00   3.1400000e+02
   1.4423809e+00   1.2892451e+00   3.1450000e+02
   1.4426840e+00   1.2890585e+00   3.1500000e+02
   1.4429878e+00   1.2888721e+00   3.1550000e+02
   1.4432923e+00   1.2886860e+00   3.1600000e+02
   1.4435974e+00   1.2885001e+00   3.1650000e+02
   1.4439031e+00   1.2883144e+00   3.1700000e+02
   1.4442096e+00   1.2881290e+00   3.1750000e+02
   1.4445167e+00   1.2879437e+00   3.1800000e+02
   1.4448245e+00   1.2877587e+00   3.1850000e+02
   1.4451329e+00   1.2875740e+00   3.1900000e+02
   1.4454420e+00   1.2873895e+00   3.1950000e+02
   1.4457518e+00   1.2872052e+00   3.2000000e+02
   1.4460623e+00   1.2870211e+00   3.2050000e+02
   1.4463734e+00   1.2868373e+00   3.2100000e+02
   1.4466852e+00   1.2866537e+00   3.2150000e+02
   1.4469977e+00   1.2864703e+00   3.2200000e+02
   1.4473109e+00   1.2862871e+00   3.2250000e+02
   1.4476247e+00   1.2861042e+00   3.2300000e+02
   1.4479392e+00   1.2859216e+00   3.2350000e+02
   1.4482544e+00   1.2857391e+00   3.2400000e+02
   1.4485703e+00   1.2855569e+00   3.2450000e+02
   1.4488868e+00   1.2853750e+00   3.2500000e+02
   1.4492040e+00   1.2851932e+00   3.2550000e+02
   1.4495219e+00   1.2850117e+00   3.2600000e+02
   1.4498405e+00   1.2848305e+00   3.2650000e+02
   1.4501598e+00   1.2846494e+00   3.2700000e+02
   1.4504797e+00   1.2844687e+00   3.2750000e+02
   1.4508004e+00   1.2842881e+00   3.2800000e+02
   1.4511217e+00   1.2841078e+00   3.2850000e+02
   1.4514437e+00   1.2839277e+00   3.2900000e+02
   1.4517664e+00   1.2837479e+00   3.2950000e+02
   1.4520897e+00   1.2835683e+00   3.3000000e+02
   1.4524138e+00   1.2833889e+00   3.3050000e+02
   1.4527385e+00   1.2832098e+00   3.3100000e+02
   1.4530639e+00   1.2830309e+00   3.3150000e+02
   1.4533901e+00   1.2828522e+00   3.3200000e+02
   1.4537169e+00   1.2826738e+00   3.3250000e+02
   1.4540444e+00   1.2824956e+00   3.3300000e+02
   1.4543726e+00   1.2823177e+00   3.3350000e+02
   1.4547014e+00   1.2821400e+00   3.3400000e+02
   1.4550310e+00   1.2819626e+00   3.3450000e+02
   1.4553613e+00   1.2817854e+00   3.3500000e+02
   1.4556922e+00   1.2816084e+00   3.3550000e+02
   1.4560239e+00   1.2814317e+00   3.3600000e+02
   1.4563562e+00   1.2812552e+00   3.3650000e+02
   1.4566893e+00   1.2810789e+00   3.3700000e+02
   1.4570230e+00   1.2809029e+00   3.3750000e+02
   1.4573574e+00   1.2807272e+00   3.3800000e+02
   1.4576925e+00   1.2805517e+00   3.3850000e+02
   1.4580284e+00   1.2803764e+00   3.3900000e+02
   1.4583649e+00   1.2802014e+00   3.3950000e+02
   1.4587021e+00   1.2800266e+00   3.4000000e+02
   1.4590400e+00   1.2798520e+00   3.4050000e+02
   1.4593787e+00   1.2796778e+00   3.4100000e+02
   1.4597180e+00   1.2795037e+00   3.4150000e+02
   1.4600580e+00   1.2793299e+00   3.4200000e+02
   1.4603988e+00   1.2791564e+00   3.4250000e+02
   1.4607402e+00   1.2789830e+00   3.4300000e+02
   1.4610823e+00   1.2788100e+00   3.4350000e+02
   1.4614252e+00   1.2786372e+00   3.4400000e+02
   1.4617687e+00   1.2784646e+00   3.4450000e+02
   1.4621130e+00   1.2782923e+00   3.4500000e+02
   1.4624579e+00   1.2781202e+00   3.4550000e+02
   1.4628036e+00   1.2779484e+00   3.4600000e+02
   1.4631500e+00   1.2777768e+00   3.4650000e+02
   1.4634971e+00   1.2776055e+00   3.4700000e+02
   1.4638448e+00   1.2774344e+00   3.4750000e+02
   1.4641934e+00   1.2772636e+00   3.4800000e+02
   1.4645426e+00   1.2770930e+00   3.4850000e+02
   1.4648925e+00   1.2769227e+00   3.4900000e+02
   1.4652431e+00   1.2767526e+00   3.4950000e+02
   1.4655945e+00   1.2765828e+00   3.5000000e+02
   1.4659465e+00   1.2764132e+00   3.5050000e+02
   1.4662993e+00   1.2762439e+00   3.5100000e+02
   1.4666528e+00   1.2760749e+00   3.5150000e+02
   1.4670070e+00   1.2759060e+00   3.5200000e+02
   1.4673619e+00   1.2757375e+00   3.5250000e+02
   1.4677176e+00   1.2755692e+00   3.5300000e+02
   1.4680739e+00   1.2754011e+00   3.5350000e+02
   1.4684310e+00   1.2752333e+00   3.5400000e+02
   1.4687888e+00   1.2750658e+00   3.5450000e+02
   1.4691473e+00   1.2748985e+00   3.5500000e+02
   1.4695065e+00   1.2747315e+00   3.5550000e+02
   1.4698665e+00   1.2745647e+00   3.5600000e+02
   1.4702272e+00   1.2743982e+00   3.5650000e+02
   1.4705885e+00   1.2742319e+00   3.5700000e+02
   1.4709507e+00   1.2740659e+00   3.5750000e+02
   1.4713135e+00   1.2739001e+00   3.5800000e+02
   1.4716771e+00   1.2737346e+00   3.5850000e+02
   1.4720413e+00   1.2735694e+00   3.5900000e+02
   1.4724064e+00   1.2734044e+00   3.5950000e+02
   1.4727721e+00   1.2732397e+00   3.6000000e+02
   1.4731386e+00   1.2730752e+00   3.6050000e+02
   1.4735058e+00   1.2729110e+00   3.6100000e+02
   1.4738737e+00   1.2727471e+00   3.6150000e+02
   1.4742423e+00   1.2725834e+00   3.6200000e+02
   1.4746117e+00   1.2724200e+00   3.6250000e+02
   1.4749818e+00   1.2722568e+00   3.6300000e+02
   1.4753526e+00   1.2720939e+00   3.6350000e+02
   1.4757242e+00   1.2719313e+00   3.6400000e+02
   1.4760965e+00   1.2717689e+00   3.6450000e+02
   1.4764695e+00   1.2716068e+00   3.6500000e+02
   1.4768433e+00   1.2714450e+00   3.6550000e+02
   1.4772178e+00   1.2712834e+00   3.6600000e+02
   1.4775930e+00   1.2711220e+00   3.6650000e+02
   1.4779690e+00   1.2709610e+00   3.6700000e+02
   1.4783456e+00   1.2708002e+00   3.6750000e+02
   1.4787231e+00   1.2706396e+00   3.6800000e+02
   1.4791012e+00   1.2704794e+00   3.6850000e+02
   1.4794802e+00   1.2703194e+00   3.6900000e+02
   1.4798598e+00   1.2701596e+00   3.6950000e+02
   1.4802402e+00   1.2700002e+00   3.7000000e+02
   1.4806213e+00   1.2698410e+00   3.7050000e+02
   1.4810032e+00   1.2696820e+00   3.7100000e+02
   1.4813858e+00   1.2695234e+00   3.7150000e+02
   1.4817691e+00   1.2693650e+00   3.7200000e+02
   1.4821532e+00   1.2692068e+00   3.7250000e+02
   1.4825380e+00   1.2690489e+00   3.7300000e+02
   1.4829236e+00   1.2688914e+00   3.7350000e+02
   1.4833099e+00   1.2687340e+00   3.7400000e+02
   1.4836969e+00   1.2685770e+00   3.7450000e+02
   1.4840847e+00   1.2684202e+00   3.7500000e+02
   1.4844733e+00   1.2682637e+00   3.7550000e+02
   1.4848625e+00   1.2681074e+00   3.7600000e+02
   1.4852526e+00   1.2679514e+00   3.7650000e+02
   1.4856434e+00   1.2677957e+00   3.7700000e+02
   1.4860349e+00   1.2676403e+00   3.7750000e+02
   1.4864272e+00   1.2674851e+00   3.7800000e+02
   1.4868202e+00   1.2673302e+00   3.7850000e+02
   1.4872140e+00   1.2671756e+00   3.7900000e+02
   1.4876085e+00   1.2670213e+00   3.7950000e+02
   1.4880037e+00   1.2668672e+00   3.8000000e+02
   1.4883998e+00   1.2667134e+00   3.8050000e+02
   1.4887965e+00   1.2665599e+00   3.8100000e+02
   1.4891941e+00   1.2664066e+00   3.8150000e+02
   1.4895924e+00   1.2662537e+00   3.8200000e+02
   1.4899914e+00   1.2661010e+00   3.8250000e+02
   1.4903912e+00   1.2659486e+00   3.8300000e+02
   1.4907917e+00   1.2657964e+00   3.8350000e+02
   1.4911930e+00   1.2656446e+00   3.8400000e+02
   1.4915951e+00   1.2654930e+00   3.8450000e+02
   1.4919979e+00   1.2653417e+00   3.8500000e+02
   1.4924014e+00   1.2651906e+00   3.8550000e+02
   1.4928058e+00   1.2650399e+00   3.8600000e+02
   1.4932108e+00   1.2648894e+00   3.8650000e+02
   1.4936167e+00   1.2647392e+00   3.8700000e+02
   1.4940233e+00   1.2645893e+00   3.8750000e+02
   1.4944306e+00   1.2644397e+00   3.8800000e+02
   1.4948388e+00   1.2642903e+00   3.8850000e+02
   1.4952476e+00   1.2641413e+00   3.8900000e+02
   1.4956573e+00   1.2639925e+00   3.8950000e+02
   1.4960677e+00   1.2638440e+00   3.9000000e+02
   1.4964788e+00   1.2636957e+00   3.9050000e+02
   1.4968908e+00   1.2635478e+00   3.9100000e+02
   1.4973035e+00   1.2634001e+00   3.9150000e+02
   1.4977169e+00   1.2632527e+00   3.9200000e+02
   1.4981311e+00   1.2631057e+00   3.9250000e+02
   1.4985461e+00   1.2629588e+00   3.9300000e+02
   1.4989619e+00   1.2628123e+00   3.9350000e+02
   1.4993784e+00   1.2626661e+00   3.9400000e+02
   1.4997957e+00   1.2625201e+00   3.9450000e+02
   1.5002138e+00   1.2623745e+00   3.9500000e+02
   1.5006326e+00   1.2622291e+00   3.9550000e+02
   1.5010522e+00   1.2620840e+00   3.9600000e+02
   1.5014725e+00   1.2619392e+00   3.9650000e+02
   1.5018937e+00   1.2617947e+00   3.9700000e+02
   1.5023156e+00   1.2616504e+00   3.9750000e+02
   1.5027382e+00   1.2615065e+00   3.9800000e+02
   1.5031617e+00   1.2613629e+00   3.9850000e+02
   1.5035859e+00   1.2612195e+00   3.9900000e+02
   1.5040109e+00   1.2610764e+00   3.9950000e+02
   1.5044367e+00   1.2609336e+00   4.0000000e+02
   1.5048632e+00   1.2607911e+00   4.0050000e+02
   1.5052905e+00   1.2606489e+00   4.0100000e+02
   1.5057186e+00   1.2605070e+00   4.0150000e+02
   1.5061475e+00   1.2603654e+00   4.0200000e+02
   1.5065771e+00   1.2602241e+00   4.0250000e+02
   1.5070075e+00   1.2600831e+00   4.0300000e+02
   1.5074387e+00   1.2599423e+00   4.0350000e+02
   1.5078707e+00   1.2598019e+00   4.0400000e+02
   1.5083035e+00   1.2596617e+00   4.0450000e+02
   1.5087370e+00   1.2595219e+00   4.0500000e+02
   1.5091713e+00   1.2593823e+00   4.0550000e+02
   1.5096064e+00   1.2592431e+00   4.0600000e+02
   1.5100422e+00   1.2591041e+00   4.0650000e+02
   1.5104789e+00   1.2589654e+00   4.0700000e+02
   1.5109163e+00   1.2588270e+00   4.0750000e+02
   1.5113545e+00   1.2586890e+00   4.0800000e+02
   1.5117935e+00   1.2585512e+00   4.0850000e+02
   1.5122333e+00   1.2584137e+00   4.0900000e+02
   1.5126739e+00   1.2582765e+00   4.0950000e+02
   1.5131152e+00   1.2581396e+00   4.1000000e+02
   1.5135574e+00   1.2580030e+00   4.1050000e+02
   1.5140003e+00   1.2578667e+00   4.1100000e+02
   1.5144440e+00   1.2577308e+00   4.1150000e+02
   1.5148885e+00   1.2575951e+00   4.1200000e+02
   1.5153338e+00   1.2574597e+00   4.1250000e+02
   1.5157798e+00   1.2573246e+00   4.1300000e+02
   1.5162267e+00   1.2571898e+00   4.1350000e+02
   1.5166743e+00   1.2570554e+00   4.1400000e+02
   1.5171228e+00   1.2569212e+00   4.1450000e+02
   1.5175720e+00   1.2567873e+00   4.1500000e+02
   1.5180220e+00   1.2566537e+00   4.1550000e+02
   1.5184728e+00   1.2565205e+00   4.1600000e+02
   1.5189244e+00   1.2563875e+00   4.1650000e+02
   1.5193768e+00   1.2562549e+00   4.1700000e+02
   1.5198300e+00   1.2561225e+00   4.1750000e+02
   1.5202839e+00   1.2559905e+00   4.1800000e+02
   1.5207387e+00   1.2558587e+00   4.1850000e+02
   1.5211942e+00   1.2557273e+00   4.1900000e+02
   1.5216506e+00   1.2555962e+00   4.1950000e+02
   1.5221077e+00   1.2554654e+00   4.2000000e+02
   1.5225657e+00   1.2553349e+00   4.2050000e+02
   1.5230244e+00   1.2552047e+00   4.2100000e+02
   1.5234839e+00   1.2550748e+00   4.2150000e+02
   1.5239443e+00   1.2549452e+00   4.2200000e+02
   1.5244054e+00   1.2548159e+00   4.2250000e+02
   1.5248673e+00   1.2546870e+00   4.2300000e+02
   1.5253300e+00   1.2545583e+00   4.2350000e+02
   1.5257936e+00   1.2544300e+00   4.2400000e+02
   1.5262579e+00   1.2543020e+00   4.2450000e+02
   1.5267230e+00   1.2541743e+00   4.2500000e+02
   1.5271889e+00   1.2540469e+00   4.2550000e+02
   1.5276556e+00   1.2539198e+00   4.2600000e+02
   1.5281232e+00   1.2537930e+00   4.2650000e+02
   1.5285915e+00   1.2536666e+00   4.2700000e+02
   1.5290606e+00   1.2535404e+00   4.2750000e+02
   1.5295305e+00   1.2534146e+00   4.2800000e+02
   1.5300013e+00   1.2532891e+00   4.2850000e+02
   1.5304728e+00   1.2531639e+00   4.2900000e+02
   1.5309451e+00   1.2530390e+00   4.2950000e+02
   1.5314183e+00   1.2529145e+00   4.3000000e+02
   1.5318922e+00   1.2527902e+00   4.3050000e+02
   1.5323670e+00   1.2526663e+00   4.3100000e+02
   1.5328426e+00   1.2525427e+00   4.3150000e+02
   1.5333189e+00   1.2524194e+00   4.3200000e+02
   1.5337961e+00   1.2522965e+00   4.3250000e+02
   1.5342741e+00   1.2521738e+00   4.3300000e+02