   3.1168758e+00   1.3924144e+00   2.2736235e+02
   3.1054413e+00   1.3910709e+00   2.2836235e+02
   3.0940543e+00   1.3897379e+00   2.2936235e+02
   3.0827146e+00   1.3884154e+00   2.3036235e+02
   3.0714221e+00   1.3871035e+00   2.3136235e+02
   3.0601768e+00   1.3858021e+00   2.3236235e+02
   3.0489785e+00   1.3845113e+00   2.3336235e+02
   3.0378272e+00   1.3832311e+00   2.3436235e+02
   3.0267228e+00   1.3819615e+00   2.3536235e+02
   3.0156652e+00   1.3807025e+00   2.3636235e+02
   3.0046543e+00   1.3794541e+00   2.3736235e+02
   2.9936900e+00   1.3782163e+00   2.3836235e+02
   2.9827722e+00   1.3769891e+00   2.3936235e+02
   2.9719008e+00   1.3757727e+00   2.4036235e+02
   2.9610758e+00   1.3745668e+00   2.4136235e+02
   2.9502970e+00   1.3733717e+00   2.4236235e+02
   2.9395644e+00   1.3721872e+00   2.4336235e+02
   2.9288779e+00   1.3710134e+00   2.4436235e+02
   2.9182373e+00   1.3698503e+00   2.4536235e+02
   2.9076426e+00   1.3686979e+00   2.4636235e+02
   2.8970938e+00   1.3675563e+00   2.4736235e+02
   2.8865906e+00   1.3664254e+00   2.4836235e+02
   2.8761331e+00   1.3653052e+00   2.4936235e+02
   2.8657211e+00   1.3641958e+00   2.5036235e+02
   2.8553545e+00   1.3630972e+00   2.5136235e+02
   2.8450333e+00   1.3620093e+00   2.5236235e+02
   2.8347574e+00   1.3609323e+00   2.5336235e+02
   2.8245266e+00   1.3598660e+00   2.5436235e+02
   2.8143409e+00   1.3588106e+00   2.5536235e+02
   2.8042002e+00   1.3577659e+00   2.5636235e+02
   2.7941044e+00   1.3567322e+00   2.5736235e+02
   2.7840534e+00   1.3557092e+00   2.5836235e+02
   2.7740471e+00   1.3546971e+00   2.5936235e+02
   2.7640855e+00   1.3536959e+00   2.6036235e+02
   2.7541684e+00   1.3527056e+00   2.6136235e+02
   2.7442958e+00   1.3517262e+00   2.6236235e+02
   2.7344675e+00   1.3507576e+00   2.6336235e+02
   2.7246835e+00   1.3498000e+00   2.6436235e+02
   2.7149437e+00   1.3488533e+00   2.6536235e+02
   2.7052480e+00   1.3479176e+00   2.6636235e+02
   2.6955963e+00   1.3469927e+00   2.6736235e+02
   2.6859884e+00   1.3460789e+00   2.6836235e+02
   2.6764245e+00   1.3451760e+00   2.6936235e+02
   2.6669042e+00   1.3442841e+00   2.7036235e+02
   2.6574276e+00   1.3434032e+00   2.7136235e+02
   2.6479946e+00   1.3425333e+00   2.7236235e+02
   2.6386050e+00   1.3416744e+00   2.7336235e+02
   2.6292588e+00   1.3408265e+00   2.7436235e+02
   2.6199558e+00   1.3399896e+00   2.7536235e+02
   2.6106961e+00   1.3391639e+00   2.7636235e+02
   2.6014795e+00   1.3383491e+00   2.7736235e+02
   2.5923058e+00   1.3375455e+00   2.7836235e+02
   2.5831752e+00   1.3367529e+00   2.7936235e+02
   2.5740873e+00   1.3359714e+00   2.8036235e+02
   2.5650422e+00   1.3352010e+00   2.8136235e+02
   2.5560397e+00   1.3344417e+00   2.8236235e+02
   2.5470798e+00   1.3336935e+00   2.8336235e+02
   2.5381624e+00   1.3329565e+00   2.8436235e+02
   2.5292874e+00   1.3322306e+00   2.8536235e+02
   2.5204547e+00   1.3315159e+00   2.8636235e+02
   2.5116641e+00   1.3308124e+00   2.8736235e+02
   2.5029157e+00   1.3301200e+00   2.8836235e+02
   2.4942093e+00   1.3294388e+00   2.8936235e+02
   2.4855449e+00   1.3287688e+00   2.9036235e+02
   2.4769223e+00   1.3281101e+00   2.9136235e+02
   2.4683414e+00   1.3274625e+00   2.9236235e+02
   2.4598022e+00   1.3268262e+00   2.9336235e+02
   2.4513046e+00   1.3262012e+00   2.9436235e+02
   2.4428485e+00   1.3255873e+00   2.9536235e+02
   2.4344338e+00   1.3249848e+00   2.9636235e+02
   2.4260604e+00   1.3243936e+00   2.9736235e+02
   2.4177282e+00   1.3238136e+00   2.9836235e+02
   2.4094371e+00   1.3232449e+00   2.9936235e+02
   2.4011871e+00   1.3226876e+00   3.0036235e+02
   2.3929780e+00   1.3221415e+00   3.0136235e+02
   2.3848098e+00   1.3216068e+00   3.0236235e+02
   2.3766823e+00   1.3210835e+00   3.0336235e+02
   2.3685955e+00   1.3205715e+00   3.0436235e+02
   2.3605493e+00   1.3200709e+00   3.0536235e+02
   2.3525436e+00   1.3195816e+00   3.0636235e+02
   2.3445783e+00   1.3191037e+00   3.0736235e+02
   2.3366534e+00   1.3186373e+00   3.0836235e+02
   2.3287686e+00   1.3181822e+00   3.0936235e+02
   2.3209240e+00   1.3177386e+00   3.1036235e+02
   2.3131195e+00   1.3173064e+00   3.1136235e+02
   2.3053549e+00   1.3168857e+00   3.1236235e+02
   2.2976301e+00   1.3164764e+00   3.1336235e+02
   2.2899452e+00   1.3160786e+00   3.1436235e+02
   2.2822999e+00   1.3156922e+00   3.1536235e+02
   2.2746942e+00   1.3153174e+00   3.1636235e+02
   2.2671281e+00   1.3149540e+00   3.1736235e+02
   2.2596014e+00   1.3146022e+00   3.1836235e+02
   2.2521140e+00   1.3142619e+00   3.1936235e+02
   2.2446658e+00   1.3139331e+00   3.2036235e+02
   2.2372568e+00   1.3136158e+00   3.2136235e+02
   2.2298868e+00   1.3133101e+00   3.2236235e+02
   2.2225558e+00   1.3130160e+00   3.2336235e+02
   2.2152637e+00   1.3127335e+00   3.2436235e+02
   2.2080104e+00   1.3124625e+00   3.2536235e+02
   2.2007958e+00   1.3122032e+00   3.2636235e+02
   2.1936198e+00   1.3119554e+00   3.2736235e+02
   2.1864823e+00   1.3117193e+00   3.2836235e+02
   2.1793832e+00   1.3114948e+00   3.2936235e+02
   2.1723225e+00   1.3112820e+00   3.3036235e+02
   2.1653001e+00   1.3110808e+00   3.3136235e+02
   2.1583158e+00   1.3108913e+00   3.3236235e+02
   2.1513695e+00   1.3107134e+00   3.3336235e+02
   2.1444613e+00   1.3105473e+00   3.3436235e+02
   2.1375909e+00   1.3103928e+00   3.3536235e+02
   2.1307584e+00   1.3102501e+00   3.3636235e+02
   2.1239635e+00   1.3101191e+00   3.3736235e+02
   2.1172063e+00   1.3099998e+00   3.3836235e+02
   2.1104866e+00   1.3098922e+00   3.3936235e+02
   2.1038043e+00   1.3097965e+00   3.4036235e+02
   2.0971594e+00   1.3097124e+00   3.4136235e+02
   2.0905518e+00   1.3096402e+00   3.4236235e+02
   2.0839813e+00   1.3095797e+00   3.4336235e+02
   2.0774480e+00   1.3095311e+00   3.4436235e+02
   2.0709516e+00   1.3094942e+00   3.4536235e+02
   2.0644921e+00   1.3094692e+00   3.4636235e+02
   2.0580694e+00   1.3094560e+00   3.4736235e+02
   2.0516835e+00   1.3094547e+00   3.4836235e+02
   2.0453341e+00   1.3094652e+00   3.4936235e+02
   2.0390214e+00   1.3094875e+00   3.5036235e+02
   2.0327450e+00   1.3095218e+00   3.5136235e+02
   2.0265051e+00   1.3095679e+00   3.5236235e+02
   2.0203014e+00   1.3096260e+00   3.5336235e+02
   2.0141339e+00   1.3096959e+00   3.5436235e+02
   2.0080025e+00   1.3097778e+00   3.5536235e+02
   2.0019071e+00   1.3098716e+00   3.5636235e+02
   1.9958476e+00   1.3099773e+00   3.5736235e+02
   1.9898239e+00   1.3100950e+00   3.5836235e+02
   1.9838360e+00   1.3102247e+00   3.5936235e+02
   1.9778837e+00   1.3103663e+00   3.6036235e+02
   1.9719670e+00   1.3105199e+00   3.6136235e+02
   1.9660857e+00   1.3106856e+00   3.6236235e+02
   1.9602398e+00   1.3108632e+00   3.6336235e+02
   1.9544292e+00   1.3110529e+00   3.6436235e+02
   1.9486538e+00   1.3112546e+00   3.6536235e+02
   1.9429134e+00   1.3114683e+00   3.6636235e+02
   1.9372081e+00   1.3116941e+00   3.6736235e+02
   1.9315378e+00   1.3119319e+00   3.6836235e+02
   1.9259022e+00   1.3121818e+00   3.6936235e+02
   1.9203014e+00   1.3124439e+00   3.7036235e+02
   1.9147353e+00   1.3127180e+00   3.7136235e+02
   1.9092037e+00   1.3130042e+00   3.7236235e+02
   1.9037066e+00   1.3133025e+00   3.7336235e+02
   1.8982439e+00   1.3136130e+00   3.7436235e+02
   1.8928155e+00   1.3139356e+00   3.7536235e+02
   1.8874213e+00   1.3142704e+00   3.7636235e+02
   1.8820612e+00   1.3146173e+00   3.7736235e+02
   1.8767352e+00   1.3149764e+00   3.7836235e+02
   1.8714430e+00   1.3153477e+00   3.7936235e+02
   1.8661847e+00   1.3157312e+00   3.8036235e+02
   1.8609602e+00   1.3161269e+00   3.8136235e+02
   1.8557694e+00   1.3165348e+00   3.8236235e+02
   1.8506121e+00   1.3169550e+00   3.8336235e+02
   1.8454883e+00   1.3173874e+00   3.8436235e+02
   1.8403979e+00   1.3178320e+00   3.8536235e+02
   1.8353408e+00   1.3182890e+00   3.8636235e+02
   1.8303169e+00   1.3187581e+00   3.8736235e+02
   1.8253262e+00   1.3192396e+00   3.8836235e+02
   1.8203685e+00   1.3197334e+00   3.8936235e+02
   1.8154437e+00   1.3202395e+00   3.9036235e+02
   1.8105518e+00   1.3207579e+00   3.9136235e+02
   1.8056927e+00   1.3212886e+00   3.9236235e+02
   1.8008662e+00   1.3218317e+00   3.9336235e+02
   1.7960723e+00   1.3223871e+00   3.9436235e+02
   1.7913110e+00   1.3229549e+00   3.9536235e+02
   1.7865820e+00   1.3235351e+00   3.9636235e+02
   1.7818853e+00   1.3241276e+00   3.9736235e+02
   1.7772209e+00   1.3247326e+00   3.9836235e+02
   1.7725887e+00   1.3253499e+00   3.9936235e+02
   1.7679884e+00   1.3259797e+00   4.0036235e+02
   1.7634202e+00   1.3266219e+00   4.0136235e+02
   1.7588838e+00   1.3272766e+00   4.0236235e+02
   1.7543791e+00   1.3279437e+00   4.0336235e+02
   1.7499062e+00   1.3286232e+00   4.0436235e+02
   1.7454649e+00   1.3293153e+00   4.0536235e+02
   1.7410550e+00   1.3300198e+00   4.0636235e+02
   1.7366766e+00   1.3307368e+00   4.0736235e+02
   1.7323296e+00   1.3314664e+00   4.0836235e+02
   1.7280137e+00   1.3322084e+00   4.0936235e+02
   1.7237290e+00   1.3329630e+00   4.1036235e+02
   1.7194754e+00   1.3337301e+00   4.1136235e+02
   1.7152528e+00   1.3345098e+00   4.1236235e+02
   1.7110610e+00   1.3353020e+00   4.1336235e+02
   1.7069000e+00   1.3361069e+00   4.1436235e+02
   1.7027697e+00   1.3369242e+00   4.1536235e+02
   1.6986701e+00   1.3377542e+00   4.1636235e+02
   1.6946009e+00   1.3385968e+00   4.1736235e+02
   1.6905622e+00   1.3394521e+00   4.1836235e+02
   1.6865538e+00   1.3403199e+00   4.1936235e+02
   1.6825757e+00   1.3412004e+00   4.2036235e+02
   1.6786277e+00   1.3420935e+00   4.2136235e+02
   1.6747098e+00   1.3429994e+00   4.2236235e+02
   1.6708219e+00   1.3439178e+00   4.2336235e+02
   1.6669639e+00   1.3448490e+00   4.2436235e+02
   1.6631357e+00   1.3457929e+00   4.2536235e+02
   1.6593371e+00   1.3467494e+00   4.2636235e+02
   1.6555683e+00   1.3477187e+00   4.2736235e+02
   1.6518289e+00   1.3487007e+00   4.2836235e+02
   1.6481190e+00   1.3496955e+00   4.2936235e+02
   1.6444384e+00   1.3507030e+00   4.3036235e+02
   1.6407871e+00   1.3517233e+00   4.3136235e+02
   1.6371650e+00   1.3527563e+00   4.3236235e+02
   1.6335720e+00   1.3538021e+00   4.3336235e+02
   1.6300079e+00   1.3548608e+00   4.3436235e+02
   1.6264728e+00   1.3559322e+00   4.3536235e+02
   1.6229664e+00   1.3570164e+00   4.3636235e+02
   1.6194888e+00   1.3581135e+00   4.3736235e+02
   1.6160398e+00   1.3592234e+00   4.3836235e+02
   1.6126194e+00   1.3603462e+00   4.3936235e+02
   1.6092274e+00   1.3614818e+00   4.4036235e+02
   1.6058638e+00   1.3626303e+00   4.4136235e+02
   1.6025284e+00   1.3637917e+00   4.4236235e+02
   1.5992213e+00   1.3649660e+00   4.4336235e+02
   1.5959422e+00   1.3661532e+00   4.4436235e+02
   1.5926912e+00   1.3673533e+00   4.4536235e+02
   1.5894680e+00   1.3685664e+00   4.4636235e+02
   1.5862727e+00   1.3697923e+00   4.4736235e+02
   1.5831051e+00   1.3710313e+00   4.4836235e+02
   1.5799651e+00   1.3722832e+00   4.4936235e+02
   1.5768528e+00   1.3735480e+00   4.5036235e+02
   1.5737678e+00   1.3748259e+00   4.5136235e+02
   1.5707103e+00   1.3761167e+00   4.5236235e+02
   1.5676800e+00   1.3774206e+00   4.5336235e+02
   1.5646769e+00   1.3787374e+00   4.5436235e+02
   1.5617010e+00   1.3800673e+00   4.5536235e+02
   1.5587520e+00   1.3814103e+00   4.5636235e+02
   1.5558300e+00   1.3827662e+00   4.5736235e+02
   1.5529348e+00   1.3841353e+00   4.5836235e+02
   1.5500664e+00   1.3855174e+00   4.5936235e+02
   1.5472246e+00   1.3869126e+00   4.6036235e+02
   1.5444093e+00   1.3883209e+00   4.6136235e+02
   1.5416206e+00   1.3897423e+00   4.6236235e+02
   1.5388582e+00   1.3911768e+00   4.6336235e+02
   1.5361222e+00   1.3926245e+00   4.6436235e+02
   1.5334123e+00   1.3940853e+00   4.6536235e+02
   1.5307286e+00   1.3955592e+00   4.6636235e+02
   1.5280709e+00   1.3970463e+00   4.6736235e+02
   1.5254391e+00   1.3985466e+00   4.6836235e+02
   1.5228331e+00   1.4000600e+00   4.6936235e+02
   1.5202530e+00   1.4015867e+00   4.7036235e+02
   1.5176985e+00   1.4031265e+00   4.7136235e+02
   1.5151695e+00   1.4046796e+00   4.7236235e+02
   1.5126661e+00   1.4062459e+00   4.7336235e+02
   1.5101880e+00   1.4078254e+00   4.7436235e+02
   1.5077353e+00   1.4094182e+00   4.7536235e+02
   1.5053078e+00   1.4110243e+00   4.7636235e+02
   1.5029054e+00   1.4126436e+00   4.7736235e+02
   1.5005280e+00   1.4142762e+00   4.7836235e+02
   1.4981756e+00   1.4159221e+00   4.7936235e+02
   1.4958481e+00   1.4175813e+00   4.8036235e+02
   1.4935453e+00   1.4192538e+00   4.8136235e+02
   1.4912672e+00   1.4209396e+00   4.8236235e+02
   1.4890137e+00   1.4226388e+00   4.8336235e+02
   1.4867847e+00   1.4243513e+00   4.8436235e+02
   1.4845800e+00   1.4260772e+00   4.8536235e+02
   1.4823998e+00   1.4278165e+00   4.8636235e+02
   1.4802437e+00   1.4295691e+00   4.8736235e+02
   1.4781118e+00   1.4313352e+00   4.8836235e+02
   1.4760039e+00   1.4331146e+00   4.8936235e+02
   1.4739200e+00   1.4349075e+00   4.9036235e+02
   1.4718599e+00   1.4367138e+00   4.9136235e+02
   1.4698237e+00   1.4385335e+00   4.9236235e+02
   1.4678111e+00   1.4403667e+00   4.9336235e+02
   1.4658221e+00   1.4422133e+00   4.9436235e+02
   1.4638567e+00   1.4440734e+00   4.9536235e+02
   1.4619146e+00   1.4459470e+00   4.9636235e+02
   1.4599959e+00   1.4478341e+00   4.9736235e+02
   1.4581004e+00   1.4497347e+00   4.9836235e+02
   1.4562281e+00   1.4516488e+00   4.9936235e+02
   1.4543788e+00   1.4535764e+00   5.0036235e+02
   1.4525526e+00   1.4555176e+00   5.0136235e+02
   1.4507491e+00   1.4574723e+00   5.0236235e+02
   1.4489685e+00   1.4594406e+00   5.0336235e+02
   1.4472106e+00   1.4614224e+00   5.0436235e+02
   1.4454753e+00   1.4634178e+00   5.0536235e+02
   1.4437625e+00   1.4654268e+00   5.0636235e+02
   1.4420721e+00   1.4674495e+00   5.0736235e+02
   1.4404041e+00   1.4694857e+00   5.0836235e+02
   1.4387584e+00   1.4715356e+00   5.0936235e+02
   1.4371347e+00   1.4735991e+00   5.1036235e+02
   1.4355332e+00   1.4756762e+00   5.1136235e+02
   1.4339537e+00   1.4777670e+00   5.1236235e+02
   1.4323960e+00   1.4798715e+00   5.1336235e+02
   1.4308601e+00   1.4819897e+00   5.1436235e+02
   1.4293460e+00   1.4841215e+00   5.1536235e+02
   1.4278535e+00   1.4862671e+00   5.1636235e+02
   1.4263825e+00   1.4884264e+00   5.1736235e+02
   1.4249329e+00   1.4905994e+00   5.1836235e+02
   1.4235048e+00   1.4927861e+00   5.1936235e+02
   1.4220978e+00   1.4949866e+00   5.2036235e+02
   1.4207121e+00   1.4972008e+00   5.2136235e+02
   1.4193474e+00   1.4994288e+00   5.2236235e+02
   1.4180037e+00   1.5016706e+00   5.2336235e+02
   1.4166809e+00   1.5039262e+00   5.2436235e+02
   1.4153790e+00   1.5061956e+00   5.2536235e+02
   1.4140977e+00   1.5084788e+00   5.2636235e+02
   1.4128371e+00   1.5107758e+00   5.2736235e+02
   1.4115970e+00   1.5130867e+00   5.2836235e+02
   1.4103774e+00   1.5154114e+00   5.2936235e+02
   1.4091782e+00   1.5177500e+00   5.3036235e+02
   1.4079992e+00   1.5201024e+00   5.3136235e+02
   1.4068404e+00   1.5224688e+00   5.3236235e+02
   1.4057017e+00   1.5248490e+00   5.3336235e+02
   1.4045830e+00   1.5272431e+00   5.3436235e+02
   1.4034842e+00   1.5296511e+00   5.3536235e+02
   1.4024053e+00   1.5320731e+00   5.3636235e+02
   1.4013461e+00   1.5345090e+00   5.3736235e+02
   1.4003065e+00   1.5369588e+00   5.3836235e+02
   1.3992865e+00   1.5394226e+00   5.3936235e+02
   1.3982859e+00   1.5419004e+00   5.4036235e+02
   1.3973047e+00   1.5443921e+00   5.4136235e+02
   1.3963428e+00   1.5468979e+00   5.4236235e+02
   1.3954001e+00   1.5494176e+00   5.4336235e+02
   1.3944766e+00   1.5519514e+00   5.4436235e+02
   1.3935720e+00   1.5544991e+00   5.4536235e+02
   1.3926863e+00   1.5570610e+00   5.4636235e+02
   1.3918195e+00   1.5596368e+00   5.4736235e+02
   1.3909714e+00   1.5622267e+00   5.4836235e+02
   1.3901420e+00   1.5648307e+00   5.4936235e+02
   1.3893312e+00   1.5674488e+00   5.5036235e+02
   1.3885388e+00   1.5700810e+00   5.5136235e+02
   1.3877648e+00   1.5727272e+00   5.5236235e+02
   1.3870091e+00   1.5753876e+00   5.5336235e+02
   1.3862717e+00   1.5780621e+00   5.5436235e+02
   1.3855523e+00   1.5807507e+00   5.5536235e+02
   1.3848510e+00   1.5834535e+00   5.5636235e+02
   1.3841676e+00   1.5861705e+00   5.5736235e+02
   1.3835020e+00   1.5889016e+00   5.5836235e+02
   1.3828542e+00   1.5916469e+00   5.5936235e+02
   1.3822241e+00   1.5944064e+00   5.6036235e+02
   1.3816115e+00   1.5971800e+00   5.6136235e+02
   1.3810165e+00   1.5999679e+00   5.6236235e+02
   1.3804388e+00   1.6027701e+00   5.6336235e+02
   1.3798784e+00   1.6055864e+00   5.6436235e+02
   1.3793353e+00   1.6084170e+00   5.6536235e+02
   1.3788093e+00   1.6112619e+00   5.6636235e+02
   1.3783003e+00   1.6141210e+00   5.6736235e+02
   1.3778083e+00   1.6169944e+00   5.6836235e+02
   1.3773331e+00   1.6198821e+00   5.6936235e+02
   1.3768747e+00   1.6227841e+00   5.7036235e+02
   1.3764330e+00   1.6257004e+00   5.7136235e+02
   1.3760079e+00   1.6286310e+00   5.7236235e+02
   1.3755992e+00   1.6315760e+00   5.7336235e+02
   1.3752070e+00   1.6345353e+00   5.7436235e+02
   1.3748311e+00   1.6375090e+00   5.7536235e+02
   1.3744714e+00   1.6404970e+00   5.7636235e+02
   1.3741279e+00   1.6434995e+00   5.7736235e+02
   1.3738004e+00   1.6465163e+00   5.7836235e+02
   1.3734889e+00   1.6495475e+00   5.7936235e+02
   1.3731932e+00   1.6525931e+00   5.8036235e+02
   1.3729133e+00   1.6556531e+00   5.8136235e+02
   1.3726491e+00   1.6587276e+00   5.8236235e+02
   1.3724006e+00   1.6618165e+00   5.8336235e+02
   1.3721675e+00   1.6649199e+00   5.8436235e+02
   1.3719498e+00   1.6680378e+00   5.8536235e+02
   1.3717475e+00   1.6711701e+00   5.8636235e+02
   1.3715604e+00   1.6743169e+00   5.8736235e+02
   1.3713885e+00   1.6774782e+00   5.8836235e+02
   1.3712316e+00   1.6806541e+00   5.8936235e+02
   1.3710897e+00   1.6838444e+00   5.9036235e+02
   1.3709627e+00   1.6870493e+00   5.9136235e+02
   1.3708504e+00   1.6902688e+00   5.9236235e+02
   1.3707529e+00   1.6935027e+00   5.9336235e+02
   1.3706700e+00   1.6967513e+00   5.9436235e+02
   1.3706016e+00   1.7000144e+00   5.9536235e+02
   1.3705476e+00   1.7032922e+00   5.9636235e+02
   1.3705080e+00   1.7065845e+00   5.9736235e+02
   1.3704826e+00   1.7098914e+00   5.9836235e+02
   1.3704714e+00   1.7132130e+00   5.9936235e+02
   1.3704743e+00   1.7165492e+00   6.0036235e+02
   1.3704911e+00   1.7199000e+00   6.0136235e+02
   1.3705218e+00   1.7232655e+00   6.0236235e+02
   1.3705664e+00   1.7266457e+00   6.0336235e+02
   1.3706246e+00   1.7300405e+00   6.0436235e+02
   1.3706965e+00   1.7334500e+00   6.0536235e+02
   1.3707819e+00   1.7368743e+00   6.0636235e+02
   1.3708807e+00   1.7403132e+00   6.0736235e+02
   1.3709929e+00   1.7437669e+00   6.0836235e+02
   1.3711184e+00   1.7472352e+00   6.0936235e+02
   1.3712570e+00   1.7507184e+00   6.1036235e+02
   1.3714088e+00   1.7542163e+00   6.1136235e+02
   1.3715735e+00   1.7577289e+00   6.1236235e+02
   1.3717511e+00   1.7612564e+00   6.1336235e+02
   1.3719415e+00   1.7647986e+00   6.1436235e+02
   1.3721447e+00   1.7683556e+00   6.1536235e+02
   1.3723605e+00   1.7719275e+00   6.1636235e+02
   1.3725888e+00   1.7755141e+00   6.1736235e+02
   1.3728296e+00   1.7791156e+00   6.1836235e+02
   1.3730827e+00   1.7827320e+00   6.1936235e+02
   1.3733481e+00   1.7863632e+00   6.2036235e+02
   1.3736257e+00   1.7900092e+00   6.2136235e+02
   1.3739154e+00   1.7936701e+00   6.2236235e+02
   1.3742172e+00   1.7973460e+00   6.2336235e+02
   1.3745308e+00   1.8010367e+00   6.2436235e+02
   1.3748562e+00   1.8047423e+00   6.2536235e+02
   1.3751934e+00   1.8084629e+00   6.2636235e+02
   1.3755422e+00   1.8121984e+00   6.2736235e+02
   1.3759026e+00   1.8159488e+00   6.2836235e+02
   1.3762745e+00   1.8197142e+00   6.2936235e+02
   1.3766577e+00   1.8234945e+00   6.3036235e+02
   1.3770522e+00   1.8272899e+00   6.3136235e+02
   1.3774579e+00   1.8311002e+00   6.3236235e+02
   1.3778747e+00   1.8349255e+00   6.3336235e+02
   1.3783025e+00   1.8387658e+00   6.3436235e+02
   1.3787413e+00   1.8426212e+00   6.3536235e+02
   1.3791909e+00   1.8464916e+00   6.3636235e+02
   1.3796512e+00   1.8503770e+00   6.3736235e+02
   1.3801222e+00   1.8542775e+00   6.3836235e+02
   1.3806038e+00   1.8581930e+00   6.3936235e+02
   1.3810958e+00   1.8621236e+00   6.4036235e+02
   1.3815982e+00   1.8660693e+00   6.4136235e+02
   1.3821109e+00   1.8700301e+00   6.4236235e+02
   1.3826338e+00   1.8740060e+00   6.4336235e+02
   1.3831669e+00   1.8779971e+00   6.4436235e+02
   1.3837100e+00   1.8820032e+00   6.4536235e+02
   1.3842630e+00   1.8860246e+00   6.4636235e+02
   1.3848258e+00   1.8900610e+00   6.4736235e+02
   1.3853984e+00   1.8941127e+00   6.4836235e+02
   1.3859807e+00   1.8981795e+00   6.4936235e+02
   1.3865726e+00   1.9022615e+00   6.5036235e+02
   1.3871739e+00   1.9063586e+00   6.5136235e+02
   1.3877846e+00   1.9104710e+00   6.5236235e+02
   1.3884047e+00   1.9145987e+00   6.5336235e+02
   1.3890340e+00   1.9187415e+00   6.5436235e+02
   1.3896724e+00   1.9228996e+00   6.5536235e+02
   1.3903198e+00   1.9270730e+00   6.5636235e+02
   1.3909762e+00   1.9312616e+00   6.5736235e+02
   1.3916414e+00   1.9354655e+00   6.5836235e+02
   1.3923154e+00   1.9396847e+00   6.5936235e+02
   1.3929981e+00   1.9439191e+00   6.6036235e+02
   1.3936894e+00   1.9481689e+00   6.6136235e+02
   1.3943892e+00   1.9524340e+00   6.6236235e+02
   1.3950974e+00   1.9567145e+00   6.6336235e+02
   1.3958139e+00   1.9610102e+00   6.6436235e+02
   1.3965386e+00   1.9653214e+00   6.6536235e+02
   1.3972715e+00   1.9696479e+00   6.6636235e+02
   1.3980124e+00   1.9739897e+00   6.6736235e+02
   1.3987613e+00   1.9783470e+00   6.6836235e+02
   1.3995181e+00   1.9827196e+00   6.6936235e+02
   1.4002826e+00   1.9871077e+00   6.7036235e+02
   1.4010548e+00   1.9915112e+00   6.7136235e+02
   1.4018346e+00   1.9959301e+00   6.7236235e+02
   1.4026220e+00   2.0003645e+00   6.7336235e+02
   1.4034167e+00   2.0048143e+00   6.7436235e+02
   1.4042188e+00   2.0092795e+00   6.7536235e+02
   1.4050282e+00   2.0137603e+00   6.7636235e+02
   1.4058446e+00   2.0182565e+00   6.7736235e+02
   1.4066682e+00   2.0227683e+00   6.7836235e+02
   1.4074987e+00   2.0272955e+00   6.7936235e+02
   1.4083361e+00   2.0318383e+00   6.8036235e+02
   1.4091803e+00   2.0363966e+00   6.8136235e+02
   1.4100311e+00   2.0409704e+00   6.8236235e+02
   1.4108886e+00   2.0455598e+00   6.8336235e+02
   1.4117527e+00   2.0501647e+00   6.8436235e+02
   1.4126231e+00   2.0547852e+00   6.8536235e+02
   1.4134999e+00   2.0594214e+00   6.8636235e+02
   1.4143830e+00   2.0640731e+00   6.8736235e+02
   1.4152722e+00   2.0687404e+00   6.8836235e+02
   1.4161674e+00   2.0734233e+00   6.8936235e+02
   1.4170687e+00   2.0781219e+00   6.9036235e+02
   1.4179759e+00   2.0828361e+00   6.9136235e+02
   1.4188888e+00   2.0875659e+00   6.9236235e+02
   1.4198075e+00   2.0923114e+00   6.9336235e+02
   1.4207318e+00   2.0970726e+00   6.9436235e+02
   1.4216616e+00   2.1018495e+00   6.9536235e+02
   1.4225969e+00   2.1066421e+00   6.9636235e+02
   1.4235375e+00   2.1114504e+00   6.9736235e+02
   1.4244834e+00   2.1162744e+00   6.9836235e+02
   1.4254344e+00   2.1211141e+00   6.9936235e+02
   1.4263906e+00   2.1259696e+00   7.0036235e+02
   1.4273517e+00   2.1308408e+00   7.0136235e+02
   1.4283178e+00   2.1357278e+00   7.0236235e+02
   1.4292886e+00   2.1406306e+00   7.0336235e+02
   1.4302642e+00   2.1455491e+00   7.0436235e+02
   1.4312444e+00   2.1504835e+00   7.0536235e+02
   1.4322292e+00   2.1554336e+00   7.0636235e+02
   1.4332184e+00   2.1603996e+00   7.0736235e+02
   1.4342119e+00   2.1653814e+00   7.0836235e+02
   1.4352098e+00   2.1703790e+00   7.0936235e+02
   1.4362118e+00   2.1753925e+00   7.1036235e+02
   1.4372180e+00   2.1804219e+00   7.1136235e+02
   1.4382281e+00   2.1854671e+00   7.1236235e+02
   1.4392421e+00   2.1905282e+00   7.1336235e+02
   1.4402600e+00   2.1956052e+00   7.1436235e+02
   1.4412816e+00   2.2006981e+00   7.1536235e+02
   1.4423069e+00   2.2058070e+00   7.1636235e+02
   1.4433357e+00   2.2109317e+00   7.1736235e+02
   1.4443680e+00   2.2160724e+00   7.1836235e+02
   1.4454036e+00   2.2212291e+00   7.1936235e+02
   1.4464426e+00   2.2264017e+00   7.2036235e+02
   1.4474847e+00   2.2315903e+00   7.2136235e+02
   1.4485299e+00   2.2367949e+00   7.2236235e+02
   1.4495782e+00   2.2420154e+00   7.2336235e+02
   1.4506294e+00   2.2472520e+00   7.2436235e+02
   1.4516834e+00   2.2525046e+00   7.2536235e+02
   1.4527402e+00   2.2577732e+00   7.2636235e+02
   1.4537996e+00   2.2630579e+00   7.2736235e+02
   1.4548616e+00   2.2683586e+00   7.2836235e+02
   1.4559260e+00   2.2736754e+00   7.2936235e+02
   1.4569929e+00   2.2790082e+00   7.3036235e+02
   1.4580620e+00   2.2843571e+00   7.3136235e+02
   1.4591334e+00   2.2897222e+00   7.3236235e+02
   1.4602069e+00   2.2951033e+00   7.3336235e+02
   1.4612824e+00   2.3005006e+00   7.3436235e+02
   1.4623598e+00   2.3059139e+00   7.3536235e+02
   1.4634391e+00   2.3113435e+00   7.3636235e+02
   1.4645201e+00   2.3167891e+00   7.3736235e+02
   1.4656029e+00   2.3222509e+00   7.3836235e+02
   1.4666871e+00   2.3277290e+00   7.3936235e+02
   1.4677729e+00   2.3332231e+00   7.4036235e+02
   1.4688601e+00   2.3387335e+00   7.4136235e+02
   1.4699486e+00   2.3442601e+00   7.4236235e+02
   1.4710383e+00   2.3498029e+00   7.4336235e+02
   1.4721291e+00   2.3553619e+00   7.4436235e+02
   1.4732210e+00   2.3609372e+00   7.4536235e+02
   1.4743138e+00   2.3665287e+00   7.4636235e+02
   1.4754075e+00   2.3721365e+00   7.4736235e+02
   1.4765020e+00   2.3777606e+00   7.4836235e+02
   1.4775971e+00   2.3834009e+00   7.4936235e+02
   1.4786928e+00   2.3890575e+00   7.5036235e+02
   1.4797890e+00   2.3947305e+00   7.5136235e+02
   1.4808857e+00   2.4004197e+00   7.5236235e+02
   1.4819826e+00   2.4061253e+00   7.5336235e+02
   1.4830798e+00   2.4118472e+00   7.5436235e+02
   1.4841771e+00   2.4175855e+00   7.5536235e+02
   1.4852745e+00   2.4233401e+00   7.5636235e+02
   1.4863718e+00   2.4291111e+00   7.5736235e+02
   1.4874690e+00   2.4348985e+00   7.5836235e+02
   1.4885660e+00   2.4407023e+00   7.5936235e+02
   1.4896626e+00   2.4465225e+00   7.6036235e+02
   1.4907589e+00   2.4523591e+00   7.6136235e+02
   1.4918547e+00   2.4582121e+00   7.6236235e+02
   1.4929499e+00   2.4640816e+00   7.6336235e+02
   1.4940444e+00   2.4699675e+00   7.6436235e+02
   1.4951382e+00   2.4758699e+00   7.6536235e+02
   1.4962311e+00   2.4817887e+00   7.6636235e+02
   1.4973231e+00   2.4877241e+00   7.6736235e+02
   1.4984141e+00   2.4936759e+00   7.6836235e+02
   1.4995039e+00   2.4996442e+00   7.6936235e+02
   1.5005925e+00   2.5056291e+00   7.7036235e+02
   1.5016799e+00   2.5116304e+00   7.7136235e+02
   1.5027658e+00   2.5176484e+00   7.7236235e+02
   1.5038503e+00   2.5236828e+00   7.7336235e+02
   1.5049332e+00   2.5297338e+00   7.7436235e+02
   1.5060144e+00   2.5358014e+00   7.7536235e+02
   1.5070939e+00   2.5418856e+00   7.7636235e+02
   1.5081715e+00   2.5479864e+00   7.7736235e+02
   1.5092473e+00   2.5541037e+00   7.7836235e+02
   1.5103210e+00   2.5602377e+00   7.7936235e+02
   1.5113926e+00   2.5663883e+00   7.8036235e+02
   1.5124620e+00   2.5725556e+00   7.8136235e+02
   1.5135291e+00   2.5787395e+00   7.8236235e+02
   1.5145939e+00   2.5849400e+00   7.8336235e+02
   1.5156561e+00   2.5911573e+00   7.8436235e+02
   1.5167159e+00   2.5973912e+00   7.8536235e+02
   1.5177729e+00   2.6036418e+00   7.8636235e+02
   1.5188273e+00   2.6099091e+00   7.8736235e+02
   1.5198788e+00   2.6161931e+00   7.8836235e+02
   1.5209274e+00   2.6224939e+00   7.8936235e+02
   1.5219730e+00   2.6288114e+00   7.9036235e+02
   1.5230154e+00   2.6351456e+00   7.9136235e+02
   1.5240548e+00   2.6414966e+00   7.9236235e+02
   1.5250908e+00   2.6478644e+00   7.9336235e+02
   1.5261234e+00   2.6542489e+00   7.9436235e+02
   1.5271527e+00   2.6606503e+00   7.9536235e+02
   1.5281783e+00   2.6670684e+00   7.9636235e+02
   1.5292004e+00   2.6735034e+00   7.9736235e+02
   1.5302187e+00   2.6799551e+00   7.9836235e+02
   1.5312331e+00   2.6864238e+00   7.9936235e+02
   1.5322437e+00   2.6929092e+00   8.0036235e+02
   1.5332503e+00   2.6994116e+00   8.0136235e+02
   1.5342528e+00   2.7059308e+00   8.0236235e+02
   1.5352512e+00   2.7124668e+00   8.0336235e+02
   1.5362452e+00   2.7190198e+00   8.0436235e+02
   1.5372349e+00   2.7255897e+00   8.0536235e+02
   1.5382202e+00   2.7321765e+00   8.0636235e+02
   1.5392009e+00   2.7387802e+00   8.0736235e+02
   1.5401770e+00   2.7454009e+00   8.0836235e+02
   1.5411484e+00   2.7520385e+00   8.0936235e+02
   1.5421150e+00   2.7586930e+00   8.1036235e+02
   1.5430767e+00   2.7653645e+00   8.1136235e+02
   1.5440334e+00   2.7720531e+00   8.1236235e+02
   1.5449851e+00   2.7787586e+00   8.1336235e+02
   1.5459316e+00   2.7854811e+00   8.1436235e+02
   1.5468728e+00   2.7922206e+00   8.1536235e+02
   1.5478087e+00   2.7989771e+00   8.1636235e+02
